0.2972611671 
-0.0006127219389 
0.9958303931 
-0.01334252024 
0.5420484208 
0.9541759895 
0.3815467261 
0.6258823081 
0.9132743297 
-0.2934576778 
0.9879365526 
-0.01339725583 
1.044679383 
0.8756843901 
0.6681758394 
0.4109987653 
0.7126693895 
-0.4021949603 
0.982144016 
-0.007579586328 
1.511313473 
0.8274166099 
0.8391308404 
0.2220930226 
0.4994560233 
-0.3569430482 
0.979256073 
-0.003371897798 
1.960227066 
0.8083805222 
0.9264020067 
0.1070105882 
0.3286407909 
-0.2626138655 
0.9780091338 
-0.001449767539 
2.402836948 
0.8023396289 
0.9672579846 
0.04867301831 
0.2087775804 
-0.1767040348 
0.9774478716 
-0.0007117809707 
2.843547997 
0.8006426425 
0.9856008508 
0.02157602522 
0.129988285 
-0.1136644931 
0.9771437394 
-0.0004376696751 
3.283754538 
0.800243823 
0.9936898199 
0.009469097112 
0.07993551746 
-0.0713438906 
0.9769374976 
-0.0003273479745 
3.723864868 
0.8002161984 
0.9972342842 
0.004144460228 
0.04874815421 
-0.0441280297 
0.9767735827 
-0.00027408967 
4.163993925 
0.8002897706 
0.9987857313 
0.00181493794 
0.02954931472 
-0.02703147742 
0.9766322443 
-0.0002420272739 
4.604171568 
0.8003864924 
0.9994656543 
0.0007963164027 
0.01782808141 
-0.01644421362 
0.9765057279 
-0.0002190768585 
5.044403136 
0.800484093 
0.9997642806 
0.0003502345315 
0.01071570376 
-0.009950726761 
0.9763903988 
-0.0002009207667 
5.484687116 
0.8005766748 
0.9998957653 
0.0001544288551 
0.006420522245 
-0.005995909875 
0.9762841654 
-0.0001858112213 
5.92502034 
0.8006631473 
0.999953803 
6.825951661e-05 
0.003836698404 
-0.00360026412 
0.976185609 
-0.0001729007252 
6.365399492 
0.8007437726 
0.9999794824 
3.024122309e-05 
0.002287392539 
-0.002155403558 
0.9760936665 
-0.000161694514 
6.805821509 
0.800819129 
0.9999908699 
1.342645459e-05 
0.001360960997 
-0.001287120332 
0.9760074972 
-0.0001518605333 
7.24628366 
0.8008898086 
0.99999593 
5.972720268e-06 
0.000808305652 
-0.0007669194863 
0.9759264162 
-0.0001431562774 
7.686783521 
0.8009563398 
0.9999981828 
2.661693723e-06 
0.0004793094763 
-0.0004560757955 
0.9758498553 
-0.000135396054 
8.127318938 
0.8010191768 
0.9999991875 
1.188093541e-06 
0.0002838172499 
-0.0002707553711 
0.9757773371 
-0.0001284336873 
8.567887989 
0.8010787064 
0.9999996362 
5.311136268e-07 
0.0001678437051 
-0.0001604908906 
0.9757084562 
-0.0001221520017 
9.008488948 
0.801135259 
0.9999998369 
2.37745428e-07 
9.91441878e-05 
-9.500030277e-05 
0.9756428651 
-0.0001164557932 
9.449120258 
0.801189118 
0.9999999268 
1.065551006e-07 
5.85020013e-05 
-5.616412461e-05 
0.9755802642 
-0.0001112668516 
9.889780505 
0.8012405286 
0.9999999671 
4.781106031e-08 
3.448696014e-05 
-3.316671283e-05 
0.9755203928 
-0.0001065203124 
10.3304684 
0.8012897038 
0.9999999852 
2.147504492e-08 
2.031208051e-05 
-1.956584855e-05 
0.9754630229 
-0.0001021619202 
10.77118278 
0.80133683 
0.9999999933 
9.655064411e-09 
1.195362611e-05 
-1.153149575e-05 
0.975407954 
-9.814594325e-05 
11.21192255 
0.8013820714 
0.999999997 
4.344694656e-09 
7.029390468e-06 
-6.790418813e-06 
0.9753550087 
-9.443356202e-05 
11.65268671 
0.8014255729 
0.9999999986 
1.956668546e-09 
4.130783336e-06 
-3.995405009e-06 
0.9753040294 
-9.099161092e-05 
12.09347435 
0.8014674635 
0.9999999994 
8.818672645e-10 
2.425857962e-06 
-2.349115926e-06 
0.9752548754 
-8.779158496e-05 
12.53428462 
0.8015078584 
0.9999999997 
3.977352441e-10 
1.423756697e-06 
-1.380227606e-06 
0.9752074206 
-8.480884892e-05 
12.97511671 
0.8015468608 
0.9999999999 
1.795016412e-10 
8.351432899e-07 
-8.104390989e-07 
0.9751615515 
-8.202200225e-05 
13.41596989 
0.8015845635 
0.9999999999 
8.106002158e-11 
4.896172351e-07 
-4.755893985e-07 
0.9751171656 
-7.941236507e-05 
13.85684348 
0.8016210505 
    1 
3.662647808e-11 
2.869043316e-07 
-2.789349329e-07 
0.97507417 
-7.696355917e-05 
14.29773681 
0.8016563977 
    1 
1.655837551e-11 
1.68040962e-07 
-1.635113369e-07 
0.9750324803 
-7.46611641e-05 
14.73864928 
0.8016906742 
    1 
7.489534574e-12 
9.837905929e-08 
-9.580339653e-08 
0.9749920197 
-7.249243318e-05 
15.17958033 
0.8017239431 
    1 
3.389206756e-12 
5.757188187e-08 
-5.610668839e-08 
0.9749527177 
-7.044605748e-05 
15.62052941 
0.801756262 
    1 
1.534482699e-12 
3.367815935e-08 
-3.284434323e-08 
0.9749145099 
-6.851196871e-05 
16.06149602 
0.8017876836 
    1 
6.951358607e-13 
1.969361946e-08 
-1.921893412e-08 
0.974877337 
-6.668117365e-05 
16.50247967 
0.8018182564 
    1 
3.153847609e-13 
1.151199002e-08 
-1.124166068e-08 
0.9748411445 
-6.494561437e-05 
16.94347992 
0.8018480252 
    1 
1.43839783e-13 
6.727143479e-09 
-6.573142084e-09 
0.974805882 
-6.329804973e-05 
17.38449632 
0.8018770311 
    1 
6.696117005e-14 
3.929828312e-09 
-3.842069034e-09 
0.9747715029 
-6.173195448e-05 
17.82552848 
0.8019053124 
    1 
3.386647022e-14 
2.29501601e-09 
-2.24499048e-09 
0.9747379642 
-6.024143291e-05 
18.266576 
0.8019329043 
    1 
2.551412424e-14 
1.339902819e-09 
-1.311378554e-09 
0.9747052257 
-5.882114473e-05 
18.70763852 
0.8019598397 
    1 
2.524286413e-14 
7.820636055e-10 
-7.657948027e-10 
0.9746732501 
-5.746624116e-05 
19.14871567 
0.8019861492 
    1 
2.511594787e-14 
4.563493211e-10 
-4.470680015e-10 
0.9746420028 
-5.617230968e-05 
19.58980713 
0.8020118611 
    1 
2.505541292e-14 
2.662222251e-10 
-2.609259338e-10 
0.9746114513 
-5.493532602e-05 
20.03091258 
0.8020370021 
    1 
2.501662769e-14 
1.552699671e-10 
-1.522469727e-10 
0.9745815653 
-5.375161241e-05 
20.47203169 
0.8020615969 
    1 
2.497740939e-14 
9.053807408e-11 
-8.881222911e-11 
0.9745523164 
-5.261780104e-05 
20.9131642 
0.8020856689 
    1 
2.492881599e-14 
5.278126522e-11 
-5.179575514e-11 
0.9745236782 
-5.153080213e-05 
21.3543098 
0.8021092397 
    1 
2.486728334e-14 
3.076358604e-11 
-3.020071181e-11 
0.9744956255 
-5.048777577e-05 
21.79546823 
0.8021323299 
    1 
2.479413535e-14 
1.792694856e-11 
-1.760539818e-11 
0.974468135 
-4.94861072e-05 
22.23663923 
0.8021549587 
    1 
2.471332781e-14 
1.044459149e-11 
-1.026086547e-11 
0.9744411847 
-4.85233849e-05 
22.67782256 
0.8021771441 
    1 
2.462925431e-14 
6.084087366e-12 
-5.979091293e-12 
0.9744147536 
-4.759738127e-05 
23.11901797 
0.8021989032 
    1 
2.454508876e-14 
3.543409666e-12 
-3.483395585e-12 
0.9743888221 
-4.670603536e-05 
23.56022523 
0.8022202521 
    1 
2.446147825e-14 
2.063346211e-12 
-2.029037207e-12 
0.9743633718 
-4.584743763e-05 
24.00144413 
0.8022412061 
    1 
2.437511526e-14 
1.201296962e-12 
-1.181679843e-12 
0.9743383852 
-4.501981628e-05 
24.44267445 
0.8022617793 
    1 
2.42763598e-14 
6.992923243e-13 
-6.880738993e-13 
0.9743138456 
-4.422152502e-05 
24.88391597 
0.8022819855 
    1 
2.416959176e-14 
4.070049508e-13 
-4.005884875e-13 
0.9742897373 
-4.34510322e-05 
25.32516852 
0.8023018376 
    1 
2.407972004e-14 
2.368511429e-13 
-2.331806501e-13 
0.9742660455 
-4.270691098e-05 
25.76643189 
0.8023213476 
    1 
2.399550913e-14 
1.378124127e-13 
-1.357124301e-13 
0.974242756 
-4.19878305e-05 
26.20770589 
0.8023405273 
    1 
2.391688587e-14 
8.017525193e-14 
-7.897363077e-14 
0.9742198553 
-4.129254797e-05 
26.64899036 
0.8023593877 
    1 
2.384553812e-14 
4.66373067e-14 
-4.594963992e-14 
0.9741973308 
-4.061990149e-05 
27.09028512 
0.8023779391 
    1 
2.378116289e-14 
2.712499156e-14 
-2.67314005e-14 
0.9741751703 
-3.996880359e-05 
27.53158999 
0.8023961916 
    1 
2.37239679e-14 
1.577431767e-14 
-1.554901448e-14 
0.9741533622 
-3.933823533e-05 
27.97290483 
0.8024141546 
    1 
2.367372532e-14 
9.172296619e-15 
-9.043310598e-15 
0.9741318954 
-3.872724102e-05 
28.41422946 
0.8024318372 
    1 
2.362952786e-14 
5.3327813e-15 
-5.258928063e-15 
0.9741107596 
-3.813492339e-05 
28.85556375 
0.8024492481 
    1 
2.359036153e-14 
3.100124917e-15 
-3.057834064e-15 
0.9740899445 
-3.756043915e-05 
29.29690754 
0.8024663954 
    1 
2.355547423e-14 
1.802004393e-15 
-1.777784518e-15 
0.9740694407 
-3.700299504e-05 
29.73826069 
0.802483287 
    1 
2.352450297e-14 
1.047333888e-15 
-1.033461716e-15 
0.974049239 
-3.646184416e-05 
30.17962306 
0.8024999305 
    1 
2.349747785e-14 
6.086512128e-16 
-6.007049531e-16 
0.9740293306 
-3.593628261e-05 
30.62099452 
0.802516333 
    1 
2.347479542e-14 
3.536772788e-16 
-3.491250351e-16 
0.9740097071 
-3.542564647e-05 
31.06237493 
0.8025325014 
    1 
2.34572091e-14 
2.054955468e-16 
-2.028874034e-16 
0.9739903604 
-3.492930898e-05 
31.50376418 
0.8025484423 
    1 
2.344586147e-14 
1.193865647e-16 
-1.178921215e-16 
0.973971283 
-3.444667798e-05 
31.94516213 
0.802564162 
    1 
2.344239698e-14 
6.935334857e-17 
-6.849696517e-17 
0.9739524674 
-3.397719358e-05 
32.38656866 
0.8025796666 
    1 
2.344924982e-14 
4.028463723e-17 
-3.979384598e-17 
0.9739339065 
-3.352032595e-05 
32.82798367 
0.8025949619 
    1 
2.347028445e-14 
2.339766851e-17 
-2.311637216e-17 
0.9739155935 
-3.307557336e-05 
33.26940703 
0.8026100535 
    1 
2.351206459e-14 
1.358838471e-17 
-1.34271461e-17 
0.9738975219 
-3.264246032e-05 
33.71083864 
0.8026249467 
    1 
2.358620987e-14 
7.890893611e-18 
-7.798464085e-18 
0.9738796854 
-3.222053593e-05 
34.15227839 
0.8026396467 
    1 
2.368847415e-14 
4.581931454e-18 
-4.528942155e-18 
0.9738620779 
-3.180937224e-05 
34.59372616 
0.8026541584 
    1 
2.378974731e-14 
2.660332623e-18 
-2.629951733e-18 
0.9738446938 
-3.140856288e-05 
35.03518187 
0.8026684866 
    1 
2.389417731e-14 
1.544504285e-18 
-1.527084339e-18 
0.9738275273 
-3.101772166e-05 
35.47664541 
0.8026826359 
    1 
2.400067364e-14 
8.966211126e-19 
-8.866320146e-19 
0.9738105732 
-3.063648137e-05 
35.91811669 
0.8026966107 
    1 
2.411008701e-14 
5.204706928e-19 
-5.147422303e-19 
0.9737938261 
-3.026449262e-05 
36.3595956 
0.8027104153 
    1 
2.422396706e-14 
3.021007857e-19 
-2.988154378e-19 
0.9737772812 
-2.990142276e-05 
36.80108206 
0.8027240537 
    1 
2.434420358e-14 
1.753381572e-19 
-1.734538348e-19 
0.9737609336 
-2.95469549e-05 
37.24257598 
0.80273753 
    1 
2.44723466e-14 
1.017585131e-19 
-1.006776808e-19 
0.9737447786 
-2.920078699e-05 
37.68407726 
0.8027508478 
    1 
2.460926297e-14 
5.905211966e-20 
-5.84321245e-20 
0.9737288118 
-2.886263093e-05 
38.12558582 
0.802764011 
    1 
2.475503278e-14 
3.426662285e-20 
-3.391095939e-20 
0.9737130289 
-2.853221185e-05 
38.56710159 
0.802777023 
    1 
2.490892191e-14 
1.988285603e-20 
-1.967882569e-20 
0.9736974256 
-2.820926725e-05 
39.00862447 
0.8027898873 
    1 
2.506933187e-14 
1.153608041e-20 
-1.1419048e-20 
0.9736819979 
-2.789354643e-05 
39.45015438 
0.8028026073 
    1 
2.523367587e-14 
6.692828861e-21 
-6.625728191e-21 
0.973666742 
-2.758480972e-05 
39.89169125 
0.802815186 
    1 
2.539813299e-14 
3.88267951e-21 
-3.844263534e-21 
0.9736516539 
-2.728282799e-05 
40.333235 
0.8028276267 
    1 
2.555720187e-14 
2.252256526e-21 
-2.23036379e-21 
0.9736367302 
-2.698738197e-05 
40.77478556 
0.8028399323 
    1 
2.570291873e-14 
1.306320611e-21 
-1.294022004e-21 
0.9736219672 
-2.669826182e-05 
41.21634285 
0.8028521058 
    1 
2.58235008e-14 
7.574770387e-22 
-7.508808646e-22 
0.9736073615 
-2.641526657e-05 
41.6579068 
0.8028641498 
    1 
2.59009718e-14 
4.389366557e-22 
-4.359561137e-22 
0.9735929098 
-2.613820367e-05 
42.09947733 
0.8028760673 
    1 
2.593216595e-14 
2.538739267e-22 
-2.535662921e-22 
0.973578609 
-2.586688855e-05 
42.54105439 
0.8028878607 
    1 
2.593787409e-14 
1.460201562e-22 
-1.482881913e-22 
0.9735644558 
-2.560114424e-05 
42.9826379 
0.8028995327 
    1 
2.590387872e-14 
8.256900232e-23 
-8.812988748e-23 
0.9735504472 
-2.534080095e-05 
43.4242278 
0.8029110857 
    1 
2.581735578e-14 
4.420561419e-23 
-5.481736719e-23 
0.9735365804 
-2.50856957e-05 
43.86582401 
0.8029225222 
    1 
2.565814982e-14 
1.923156332e-23 
-3.824831841e-23 
