0.1034310827 
-0.0005997690722 
0.9884340975 
-0.03796785372 
0.5311067729 
0.8972587052 
0.3463751851 
0.5825002466 
0.9147181486 
-0.2898440094 
0.9645201013 
-0.04364543346 
0.9722997154 
0.7091797177 
0.6237186177 
0.4177359835 
0.7148571739 
-0.4037157093 
0.9439836089 
-0.02996463005 
1.323521384 
0.5825528363 
0.8052885642 
0.2482320598 
0.4997528243 
-0.3613113 
0.9312596545 
-0.01726555265 
1.626761056 
0.5292391276 
0.906349255 
0.1289862825 
0.326875532 
-0.2653509905 
0.9238917874 
-0.01037264381 
1.912224268 
0.5123483489 
0.9568309228 
0.06185175264 
0.2061482462 
-0.1772303242 
0.919170456 
-0.007210944508 
2.192613722 
0.50837977 
0.9805342765 
0.02842262485 
0.1274489325 
-0.1129895204 
0.91565945 
-0.005726458259 
2.472115627 
0.508324418 
0.9913139242 
0.01278999636 
0.0778908964 
-0.07032338908 
0.9127510633 
-0.004917892478 
2.751945036 
0.5093332978 
0.9961412179 
0.005699939294 
0.04725568735 
-0.04318105808 
0.9101998816 
-0.004389428724 
3.032411108 
0.5105719052 
0.9982881081 
0.002530075814 
0.02852272314 
-0.0262921386 
0.9078989665 
-0.003993515768 
3.313562272 
0.5118063687 
0.9992404343 
0.001121751039 
0.01714877522 
-0.0159158152 
0.9057934295 
-0.003673081111 
3.595375932 
0.5129770605 
0.999662679 
0.0004974809602 
0.01027803432 
-0.009592478356 
0.9038494433 
-0.003403223992 
3.877813229 
0.5140742157 
0.9998500099 
0.0002208396642 
0.006143894149 
-0.005761227934 
0.902043079 
-0.003171003447 
4.160834493 
0.5151016572 
0.9999332142 
9.81611145e-05 
0.003664335893 
-0.003450146398 
0.9003559777 
-0.002968452091 
4.444403221 
0.5160662048 
0.9999702203 
4.369372092e-05 
0.002181166147 
-0.002061022589 
0.8987734243 
-0.0027900376 
4.728486721 
0.5169746734 
0.9999867029 
1.947714111e-05 
0.001296055227 
-0.001228546851 
0.8972833286 
-0.002631636615 
5.013055858 
0.5178331285 
0.9999940547 
8.694469371e-06 
0.0007689204161 
-0.0007309314519 
0.8958755978 
-0.002490051434 
5.2980846 
0.5186468 
0.9999973385 
3.886378914e-06 
0.00045554481 
-0.000434139602 
0.8945417075 
-0.002362742594 
5.583549581 
0.5194201691 
0.9999988071 
1.739394223e-06 
0.0002695448997 
-0.0002574700389 
0.8932743889 
-0.002247660642 
5.869429718 
0.5201570854 
0.9999994648 
7.794106348e-07 
0.0001593058563 
-0.0001524872445 
0.8920673929 
-0.002143131099 
6.155705901 
0.5208608739 
0.9999997596 
3.496349123e-07 
9.405385697e-05 
-9.01997866e-05 
0.8909153078 
-0.002047771749 
6.442360721 
0.5215344237 
0.9999998919 
1.570035616e-07 
5.547583552e-05 
-5.329552722e-05 
0.8898134159 
-0.001960431354 
6.729378257 
0.5221802607 
0.9999999514 
7.056974107e-08 
3.269241376e-05 
-3.145800165e-05 
0.8887575805 
-0.001880143308 
7.016743892 
0.5228006058 
0.9999999781 
3.174769267e-08 
1.925021771e-05 
-1.855082744e-05 
0.8877441536 
-0.00180609007 
7.304444156 
0.5233974221 
0.9999999901 
1.429430583e-08 
1.132651104e-05 
-1.092998437e-05 
0.8867699027 
-0.001737575514 
7.592466596 
0.5239724533 
0.9999999955 
6.440893999e-09 
6.659659155e-06 
-6.434703202e-06 
0.8858319497 
-0.001674003224 
7.880799667 
0.5245272555 
0.999999998 
2.904279728e-09 
3.913129768e-06 
-3.785434165e-06 
0.8849277212 
-0.001614859273 
8.169432634 
0.525063223 
0.9999999991 
1.310445923e-09 
2.297903787e-06 
-2.225378283e-06 
0.884054907 
-0.001559698462 
8.458355489 
0.5255816101 
0.9999999996 
5.916560053e-10 
1.348627093e-06 
-1.307414817e-06 
0.8832114252 
-0.001508133209 
8.747558879 
0.5260835494 
0.9999999998 
2.672830302e-10 
7.910790204e-07 
-7.676491662e-07 
0.8823953938 
-0.001459824538 
9.037034045 
0.5265700668 
0.9999999999 
1.208119626e-10 
4.637990855e-07 
-4.504728617e-07 
0.8816051052 
-0.001414474693 
9.326772765 
0.5270420948 
    1 
5.463481845e-11 
2.7179082e-07 
-2.64208054e-07 
0.8808390058 
-0.001371821073 
9.616767308 
0.5275004835 
    1 
2.471944569e-11 
1.592011839e-07 
-1.548847933e-07 
0.8800956779 
-0.001331631191 
9.907010389 
0.5279460098 
    1 
1.118885815e-11 
9.321271834e-08 
-9.075474754e-08 
0.8793738245 
-0.001293698489 
10.19749513 
0.528379386 
    1 
5.066819486e-12 
5.455459167e-08 
-5.31544023e-08 
0.8786722555 
-0.001257838822 
10.48821504 
0.5288012663 
    1 
2.295388707e-12 
3.191712791e-08 
-3.111923839e-08 
0.8779898772 
-0.001223887502 
10.77916395 
0.5292122535 
    1 
1.040279166e-12 
1.866642108e-08 
-1.821160357e-08 
0.8773256811 
-0.001191696801 
11.07033604 
0.5296129037 
    1 
4.718270636e-13 
1.091316806e-08 
-1.065383191e-08 
0.8766787362 
-0.001161133822 
11.36172575 
0.5300037314 
    1 
2.145236944e-13 
6.378232688e-09 
-6.230317083e-09 
0.8760481807 
-0.001132078685 
11.65332783 
0.5303852136 
    1 
9.841094491e-14 
3.726630138e-09 
-3.642241496e-09 
0.8754332158 
-0.001104422977 
11.94513725 
0.5307577929 
    1 
4.699853583e-14 
2.176731494e-09 
-2.128573596e-09 
0.8748330991 
-0.001078068413 
12.23714923 
0.5311218813 
    1 
2.588920537e-14 
1.271077e-09 
-1.243587972e-09 
0.87424714 
-0.001052925678 
12.52935921 
0.5314778627 
    1 
2.404921651e-14 
7.420321079e-10 
-7.263373443e-10 
0.8736746947 
-0.001028913436 
12.82176283 
0.5318260953 
    1 
2.380942908e-14 
4.330743155e-10 
-4.241114027e-10 
0.8731151622 
-0.001005957451 
13.11435592 
0.532166914 
    1 
2.366867271e-14 
2.526944956e-10 
-2.475748683e-10 
0.8725679804 
-0.0009839898344 
13.40713449 
0.5325006324 
    1 
2.35030496e-14 
1.474100847e-10 
-1.444851353e-10 
0.8720326233 
-0.0009629483824 
13.70009472 
0.5328275446 
    1 
2.330860236e-14 
8.597275282e-11 
-8.430133334e-11 
0.8715085972 
-0.0009427759909 
13.99323294 
0.5331479264 
    1 
2.31157401e-14 
5.013033505e-11 
-4.917504295e-11 
0.8709954389 
-0.0009234201461 
14.28654562 
0.5334620375 
    1 
2.291882075e-14 
2.922470944e-11 
-2.867861564e-11 
0.8704927127 
-0.0009048324721 
14.5800294 
0.533770122 
    1 
2.27200935e-14 
1.703386056e-11 
-1.672162989e-11 
0.8700000086 
-0.0008869683321 
14.87368102 
0.5340724102 
    1 
2.252473648e-14 
9.926417517e-12 
-9.747868212e-12 
0.8695169402 
-0.0008697864745 
15.16749735 
0.5343691192 
    1 
2.233816291e-14 
5.78351206e-12 
-5.6813917e-12 
0.8690431428 
-0.0008532487181 
15.46147538 
0.5346604542 
    1 
2.21647941e-14 
3.369095587e-12 
-3.310679096e-12 
0.8685782721 
-0.0008373196721 
15.75561221 
0.5349466092 
    1 
2.200760131e-14 
1.96227724e-12 
-1.928855806e-12 
0.8681220024 
-0.0008219664863 
16.04990503 
0.5352277677 
    1 
2.186797766e-14 
1.142708262e-12 
-1.123584257e-12 
0.8676740254 
-0.0008071586272 
16.34435116 
0.5355041039 
    1 
2.174574255e-14 
6.653356902e-13 
-6.543912251e-13 
0.8672340493 
-0.0007928676777 
16.63894798 
0.5357757826 
    1 
2.163933634e-14 
3.873281706e-13 
-3.810639064e-13 
0.8668017969 
-0.0007790671569 
16.93369298 
0.5360429605 
    1 
2.154639288e-14 
2.254511216e-13 
-2.218651781e-13 
0.8663770056 
-0.0007657323585 
17.22858372 
0.5363057865 
    1 
2.146457248e-14 
1.312087801e-13 
-1.291557622e-13 
0.8659594255 
-0.0007528402046 
17.52361785 
0.5365644021 
    1 
2.139214557e-14 
7.635062635e-14 
-7.517508973e-14 
0.8655488193 
-0.0007403691138 
17.81879309 
0.536818942 
    1 
2.13280642e-14 
4.442254649e-14 
-4.374936526e-14 
0.8651449608 
-0.0007282988823 
18.11410723 
0.5370695346 
    1 
2.127175274e-14 
2.584266374e-14 
-2.545711561e-14 
0.864747635 
-0.0007166105755 
18.40955813 
0.537316302 
    1 
2.122289193e-14 
1.503196784e-14 
-1.481112953e-14 
0.8643566368 
-0.0007052864301 
18.70514373 
0.5375593611 
    1 
2.118128641e-14 
8.742604042e-15 
-8.616096059e-15 
0.8639717704 
-0.0006943097652 
19.00086202 
0.5377988233 
    1 
2.114680725e-14 
5.084096572e-15 
-5.011618316e-15 
0.8635928491 
-0.0006836649012 
19.29671104 
0.5380347949 
    1 
2.111937435e-14 
2.956217023e-15 
-2.914688885e-15 
0.8632196945 
-0.0006733370854 
19.59268891 
0.5382673778 
    1 
2.109894756e-14 
1.718738633e-15 
-1.69494171e-15 
0.8628521362 
-0.0006633124254 
19.88879379 
0.5384966693 
    1 
2.108550676e-14 
9.991616764e-16 
-9.855239637e-16 
0.862490011 
-0.0006535778267 
20.18502389 
0.5387227626 
    1 
2.107901495e-14 
5.807850675e-16 
-5.729687277e-16 
0.8621331627 
-0.0006441209366 
20.48137748 
0.538945747 
    1 
2.107937674e-14 
3.375593528e-16 
-3.330790706e-16 
0.861781442 
-0.0006349300923 
20.77785288 
0.5391657081 
    1 
2.10864242e-14 
1.961738483e-16 
-1.936055455e-16 
0.8614347056 
-0.0006259942738 
21.07444844 
0.5393827279 
    1 
2.109996667e-14 
1.139959764e-16 
-1.125235792e-16 
0.861092816 
-0.0006173030599 
21.37116257 
0.5395968853 
    1 
2.111990231e-14 
6.62363685e-17 
-6.539217776e-17 
0.8607556415 
-0.0006088465884 
21.66799371 
0.5398082557 
    1 
2.114632697e-14 
3.848249085e-17 
-3.799843876e-17 
0.8604230556 
-0.0006006155188 
21.96494036 
0.5400169119 
    1 
2.117956204e-14 
2.235581742e-17 
-2.207824355e-17 
0.8600949368 
-0.0005926009989 
22.26200103 
0.5402229237 
    1 
2.122007829e-14 
1.298612739e-17 
-1.282694349e-17 
0.8597711682 
-0.0005847946328 
22.55917429 
0.5404263583 
    1 
2.126834717e-14 
7.5427803e-18 
-7.451484063e-18 
0.8594516377 
-0.000577188452 
22.85645875 
0.5406272803 
    1 
2.132466389e-14 
4.380734016e-18 
-4.32836927e-18 
0.8591362372 
-0.000569774889 
23.15385304 
0.5408257519 
    1 
2.138898156e-14 
2.544057002e-18 
-2.514019992e-18 
0.8588248627 
-0.0005625467519 
23.45135583 
0.541021833 
    1 
2.146079654e-14 
1.477311852e-18 
-1.460081061e-18 
0.8585174142 
-0.0005554972016 
23.74896581 
0.5412155813 
    1 
2.153912356e-14 
8.577954757e-19 
-8.479103146e-19 
0.8582137954 
-0.0005486197305 
24.04668172 
0.5414070526 
    1 
2.162257353e-14 
4.980378507e-19 
-4.923664332e-19 
0.8579139131 
-0.0005419081429 
24.34450233 
0.5415963004 
    1 
2.170950065e-14 
2.891403846e-19 
-2.858863059e-19 
0.8576176779 
-0.0005353565359 
24.64242642 
0.5417833767 
    1 
2.179816294e-14 
1.678509144e-19 
-1.659837085e-19 
0.8573250033 
-0.0005289592832 
24.94045282 
0.5419683313 
    1 
2.188685925e-14 
9.743341881e-20 
-9.636194173e-20 
0.857035806 
-0.0005227110184 
25.23858037 
0.5421512126 
    1 
2.197403274e-14 
5.655384466e-20 
-5.593895409e-20 
0.8567500053 
-0.0005166066205 
25.53680794 
0.5423320672 
    1 
2.205833313e-14 
3.282365496e-20 
-3.247077141e-20 
0.8564675235 
-0.0005106411999 
25.83513443 
0.5425109402 
    1 
2.213861631e-14 
1.904947131e-20 
-1.884695136e-20 
0.8561882856 
-0.0005048100859 
26.13355877 
0.5426878752 
    1 
2.221385095e-14 
1.105478987e-20 
-1.093857542e-20 
0.8559122187 
-0.000499108814 
26.43207989 
0.5428629143 
    1 
2.228292779e-14 
6.414894639e-21 
-6.348234378e-21 
0.8556392528 
-0.000493533115 
26.73069678 
0.5430360983 
    1 
2.234444545e-14 
3.72218945e-21 
-3.68400739e-21 
0.8553693199 
-0.0004880789046 
27.02940841 
0.5432074668 
    1 
2.239661122e-14 
2.159590648e-21 
-2.137817303e-21 
0.8551023542 
-0.000482742273 
27.3282138 
0.5433770579 
    1 
2.243733004e-14 
1.252822516e-21 
-1.240576744e-21 
0.8548382922 
-0.0004775194763 
27.62711199 
0.5435449086 
    1 
2.246436004e-14 
7.265992841e-22 
-7.20011935e-22 
0.8545770722 
-0.0004724069274 
27.92610202 
0.543711055 
    1 
2.247519222e-14 
4.211265337e-22 
-4.181170042e-22 
0.8543186344 
-0.0004674011879 
28.22518297 
0.5438755316 
    1 
2.246625162e-14 
2.436204099e-22 
-2.432389169e-22 
0.8540629212 
-0.0004624989608 
28.52435392 
0.5440383722 
    1 
2.243140648e-14 
1.40149892e-22 
-1.42277349e-22 
0.8538098764 
-0.0004576970829 
28.823614 
0.5441996096 
    1 
2.236025229e-14 
7.926491698e-23 
-8.457545231e-23 
0.8535594457 
-0.0004529925184 
29.12296232 
0.5443592755 
    1 
2.22364645e-14 
4.244486124e-23 
-5.261908124e-23 
0.8533115764 
-0.0004483823525 
29.42239803 
0.5445174005 
    1 
2.206146768e-14 
1.846910326e-23 
-3.672546e-23 
