0.5329817984 
-0.000616580741 
1.00000567 
3.322384311e-06 
0.3009885934 
0.9999943303 
0.2297851785 
0.7361778799 
0.9726779778 
-0.1776018108 
1.000006361 
1.663957442e-06 
0.6009767769 
0.9999936388 
0.435824781 
0.6292531153 
0.8977296183 
-0.3125299437 
1.000006766 
1.109921027e-06 
0.9009648038 
0.9999932339 
0.6043660156 
0.492610377 
0.7914801535 
-0.3852124433 
1.000007054 
8.326720581e-07 
1.200952729 
0.9999929465 
0.7318342528 
0.3599434918 
0.6724069484 
-0.4003592045 
1.000007276 
6.662487476e-07 
1.500940578 
0.9999927236 
0.8226547459 
0.250088267 
0.5552303336 
-0.3759285833 
1.000007459 
5.552690482e-07 
1.800928367 
0.9999925413 
0.8846665263 
0.1678220146 
0.4489054373 
-0.3308285788 
1.000007613 
4.759827285e-07 
2.100916106 
0.9999923873 
0.9258023072 
0.1100587109 
0.3573946277 
-0.2789830149 
1.000007746 
4.165097242e-07 
2.400903802 
0.9999922538 
0.9525815125 
0.07112935024 
0.2813582107 
-0.2286252486 
1.000007864 
3.702480441e-07 
2.70089146 
0.9999921361 
0.9698102825 
0.0455600079 
0.2196698919 
-0.1837240649 
1.000007969 
3.332356127e-07 
3.000879085 
0.9999920307 
0.9808163524 
0.0290303121 
0.1704421139 
-0.1456319092 
1.000008065 
3.029506725e-07 
3.30086668 
0.9999919355 
0.9878190839 
0.01844593605 
0.1316148995 
-0.114307637 
1.000008152 
2.777118183e-07 
3.600854247 
0.9999918485 
0.9922655762 
0.01170569569 
0.1012503076 
-0.08907213511 
1.000008232 
2.563548676e-07 
3.90084179 
0.9999917685 
0.995086716 
0.007426062664 
0.07765445495 
-0.06902638996 
1.000008306 
2.380481821e-07 
4.200829309 
0.9999916944 
0.9968766032 
0.00471239048 
0.05940801733 
-0.05326222381 
1.000008375 
2.221818446e-07 
4.500816807 
0.9999916254 
0.998012727 
0.002992254217 
0.04535274509 
-0.04095663502 
1.000008439 
2.082983852e-07 
4.800804285 
0.9999915609 
0.9987344076 
0.001901593776 
0.03455988794 
-0.03140490259 
1.0000085 
1.960479531e-07 
5.100791744 
0.9999915003 
0.9991932359 
0.00120960839 
0.02629377354 
-0.02402353 
1.000008557 
1.851584273e-07 
5.400779185 
0.9999914431 
0.99948523 
0.0007701920998 
0.01997681794 
-0.01833971644 
1.000008611 
1.754149659e-07 
5.70076661 
0.9999913891 
0.9996712363 
0.0004908893409 
0.01515857298 
-0.01397595756 
1.000008662 
1.666456877e-07 
6.000754019 
0.9999913378 
0.9997898429 
0.0003131781287 
0.0114895607 
-0.01063399501 
1.000008711 
1.58711446e-07 
6.300741413 
0.999991289 
0.9998655449 
0.0001999905929 
0.00869976369 
-0.008080020678 
1.000008758 
1.514983893e-07 
6.600728793 
0.9999912425 
0.9999139075 
0.0001278267405 
0.006581266806 
-0.006131853087 
1.000008802 
1.449124638e-07 
6.900716159 
0.999991198 
0.9999448317 
8.17729864e-05 
0.004974429386 
-0.004648216601 
1.000008845 
1.388752889e-07 
7.200703512 
0.9999911555 
0.999964622 
5.235466205e-05 
0.00375697377 
-0.003519983469 
1.000008885 
1.333210234e-07 
7.500690853 
0.9999911147 
0.9999772972 
3.354591285e-05 
0.002835437022 
-0.002663131763 
1.000008925 
1.281939541e-07 
7.800678181 
0.9999910755 
0.9999854216 
2.151020038e-05 
0.002138511873 
-0.002013147365 
1.000008962 
1.234466206e-07 
8.100665499 
0.9999910377 
0.9999906328 
1.380233002e-05 
0.001611883001 
-0.001520611894 
1.000008999 
1.190383419e-07 
8.400652804 
0.9999910014 
0.9999939777 
8.862307387e-06 
0.001214237943 
-0.001147748466 
1.000009034 
1.149340473e-07 
8.7006401 
0.9999909663 
0.999996126 
5.693926949e-06 
0.0009141952082 
-0.0008657317343 
1.000009068 
1.111033418e-07 
9.000627384 
0.9999909324 
0.9999975066 
3.660435745e-06 
0.0006879450929 
-0.0006526022371 
1.0000091 
1.075197519e-07 
9.300614659 
0.9999908996 
0.9999983944 
2.354482863e-06 
0.0005174421129 
-0.0004916551886 
1.000009132 
1.041601129e-07 
9.600601925 
0.9999908678 
0.9999989657 
1.515259577e-06 
0.0003890229095 
-0.0003701996361 
1.000009163 
1.010040678e-07 
9.90058918 
0.9999908371 
0.9999993333 
9.756522334e-07 
0.0002923514041 
-0.0002786053943 
1.000009193 
9.803365404e-08 
10.20057643 
0.9999908072 
0.9999995701 
6.285040623e-07 
0.0002196150184 
-0.0002095727149 
1.000009222 
9.523296199e-08 
10.50056366 
0.9999907782 
0.9999997227 
4.050563666e-07 
0.0001649130942 
-0.0001575737801 
1.00000925 
9.258784947e-08 
10.80055089 
0.9999907501 
0.9999998211 
2.611602966e-07 
0.000123792164 
-0.0001184263681 
1.000009277 
9.008570306e-08 
11.10053812 
0.9999907227 
0.9999998845 
1.684510825e-07 
9.289323054e-05 
-8.896893986e-05 
1.000009304 
8.771523694e-08 
11.40052533 
0.999990696 
0.9999999254 
1.086942772e-07 
6.968435096e-05 
-6.681337872e-05 
1.00000933 
8.546632274e-08 
11.70051253 
0.99999067 
0.9999999518 
7.016129536e-08 
5.2258095e-05 
-5.015707275e-05 
1.000009355 
8.332984483e-08 
12.00049973 
0.9999906447 
0.9999999689 
4.530424772e-08 
3.917827949e-05 
-3.764026759e-05 
1.00000938 
8.129757683e-08 
12.30048692 
0.99999062 
0.9999999799 
2.926331376e-08 
2.936408833e-05 
-2.823790232e-05 
1.000009404 
7.936207577e-08 
12.6004741 
0.9999905959 
0.999999987 
1.890795869e-08 
2.200252683e-05 
-2.117767417e-05 
1.000009428 
7.751659099e-08 
12.90046128 
0.9999905724 
0.9999999916 
1.222069969e-08 
1.648232996e-05 
-1.587802906e-05 
1.000009451 
7.575498548e-08 
13.20044845 
0.9999905494 
0.9999999946 
7.900815533e-09 
1.23441006e-05 
-1.190127177e-05 
1.000009473 
7.407166772e-08 
13.50043561 
0.9999905269 
0.9999999965 
5.109361775e-09 
9.242715652e-06 
-8.918137152e-06 
1.000009495 
7.246153235e-08 
13.80042276 
0.999990505 
0.9999999977 
3.305027772e-09 
6.918998418e-06 
-6.681040261e-06 
1.000009517 
7.091990848e-08 
14.10040991 
0.9999904835 
0.9999999985 
2.13841717e-09 
5.178384783e-06 
-5.003893217e-06 
1.000009538 
6.944251445e-08 
14.40039705 
0.9999904624 
0.999999999 
1.383929674e-09 
3.874864878e-06 
-3.746886226e-06 
1.000009558 
6.802541808e-08 
14.70038419 
0.9999904418 
0.9999999994 
8.958505908e-10 
2.898901492e-06 
-2.805018625e-06 
1.000009578 
6.666500176e-08 
15.00037132 
0.9999904216 
0.9999999996 
5.800334763e-10 
2.168344553e-06 
-2.099460678e-06 
1.000009598 
6.535793159e-08 
15.30035844 
0.9999904018 
0.9999999997 
3.756320883e-10 
1.62160163e-06 
-1.571050826e-06 
1.000009618 
6.410113011e-08 
15.60034556 
0.9999903824 
0.9999999998 
2.433105245e-10 
1.212506358e-06 
-1.175402857e-06 
1.000009637 
6.289175208e-08 
15.90033267 
0.9999903633 
0.9999999999 
1.576316895e-10 
9.064641255e-07 
-8.79226123e-07 
1.000009655 
6.172716305e-08 
16.20031978 
0.9999903446 
0.9999999999 
1.021428856e-10 
6.775581636e-07 
-6.575592451e-07 
1.000009674 
6.060492012e-08 
16.50030688 
0.9999903263 
    1 
6.619924505e-11 
5.063774897e-07 
-4.916914006e-07 
1.000009692 
5.95227549e-08 
16.80029397 
0.9999903083 
    1 
4.291150659e-11 
3.783871705e-07 
-3.67600887e-07 
1.00000971 
5.847855814e-08 
17.10028106 
0.9999902906 
    1 
2.782052961e-11 
2.82705886e-07 
-2.74782674e-07 
1.000009727 
5.747036608e-08 
17.40026815 
0.9999902732 
    1 
1.803947831e-11 
2.11189274e-07 
-2.053683443e-07 
1.000009744 
5.649634808e-08 
17.70025523 
0.9999902561 
    1 
1.169896716e-11 
1.577427618e-07 
-1.534657243e-07 
1.000009761 
5.555479552e-08 
18.0002423 
0.9999902393 
    1 
7.588233634e-12 
1.178065722e-07 
-1.146635212e-07 
1.000009777 
5.464411184e-08 
18.30022937 
0.9999902228 
    1 
4.922713864e-12 
8.796986453e-08 
-8.565984515e-08 
1.000009794 
5.376280345e-08 
18.60021644 
0.9999902065 
    1 
3.193942542e-12 
6.568170136e-08 
-6.39837161e-08 
1.00000981 
5.290947162e-08 
18.9002035 
0.9999901905 
    1 
2.072538058e-12 
4.903459507e-08 
-4.778633632e-08 
1.000009825 
5.2082805e-08 
19.20019055 
0.9999901748 
    1 
1.345015982e-12 
3.66024459e-08 
-3.568469221e-08 
1.000009841 
5.128157296e-08 
19.5001776 
0.9999901592 
    1 
8.729600281e-13 
2.731922981e-08 
-2.664439581e-08 
1.000009856 
5.050461944e-08 
19.80016465 
0.999990144 
    1 
5.66626442e-13 
2.038820883e-08 
-1.98919416e-08 
1.000009871 
4.97508574e-08 
20.10015169 
0.9999901289 
    1 
3.678075979e-13 
1.52139981e-08 
-1.484900835e-08 
1.000009886 
4.901926374e-08 
20.40013872 
0.9999901141 
    1 
2.388018389e-13 
1.135174509e-08 
-1.108327814e-08 
1.000009901 
4.830887465e-08 
20.70012576 
0.9999900995 
    1 
1.549611382e-13 
8.469117534e-09 
-8.271627689e-09 
1.000009915 
4.761878142e-08 
21.00011278 
0.9999900851 
    1 
1.00748792e-13 
6.317876944e-09 
-6.17258511e-09 
1.000009929 
4.694812651e-08 
21.30009981 
0.999990071 
    1 
6.447990149e-14 
4.712624141e-09 
-4.605723854e-09 
1.000009943 
4.629610003e-08 
21.60008683 
0.999990057 
    1 
4.153153021e-14 
3.514909924e-09 
-3.436249471e-09 
1.000009957 
4.566193647e-08 
21.90007384 
0.9999900432 
    1 
3.146834502e-14 
2.621358515e-09 
-2.563472653e-09 
1.000009971 
4.504491168e-08 
22.20006085 
0.9999900296 
    1 
2.753944148e-14 
1.95479174e-09 
-1.912190193e-09 
1.000009984 
4.444434015e-08 
22.50004786 
0.9999900162 
    1 
2.378942847e-14 
1.457596775e-09 
-1.426241339e-09 
1.000009997 
4.385957243e-08 
22.80003486 
0.9999900029 
    1 
2.066896158e-14 
1.086771057e-09 
-1.063691272e-09 
1.00001001 
4.328999281e-08 
23.10002186 
0.9999899898 
    1 
1.842053147e-14 
8.102207605e-10 
-7.932313952e-10 
1.000010023 
4.273501718e-08 
23.40000886 
0.9999899769 
    1 
1.714649668e-14 
6.039960771e-10 
-5.914894373e-10 
1.000010036 
4.219409095e-08 
23.69999585 
0.9999899642 
    1 
1.685503461e-14 
4.502264779e-10 
-4.410197027e-10 
1.000010048 
4.166668732e-08 
23.99998284 
0.9999899516 
    1 
1.748770464e-14 
3.355789302e-10 
-3.28801711e-10 
1.000010061 
4.115230545e-08 
24.29996982 
0.9999899392 
    1 
1.89295967e-14 
2.501067546e-10 
-2.451187739e-10 
1.000010073 
4.065046896e-08 
24.5999568 
0.9999899269 
    1 
2.101498658e-14 
1.863902494e-10 
-1.827204735e-10 
1.000010085 
4.016072443e-08 
24.89994378 
0.9999899148 
    1 
2.352834323e-14 
1.388952033e-10 
-1.361972498e-10 
1.000010097 
3.968264002e-08 
25.19993075 
0.9999899028 
    1 
2.621253121e-14 
1.034941045e-10 
-1.015134402e-10 
1.000010109 
3.92158042e-08 
25.49991772 
0.999989891 
    1 
2.881221999e-14 
7.710881933e-11 
-7.56586691e-11 
1.000010121 
3.875982461e-08 
25.79990468 
0.9999898793 
    1 
3.116828326e-14 
5.744394875e-11 
-5.638762633e-11 
1.000010132 
3.831432689e-08 
26.09989165 
0.9999898677 
    1 
3.322259312e-14 
4.278786624e-11 
-4.202585031e-11 
1.000010144 
3.787895374e-08 
26.3998786 
0.9999898563 
    1 
3.496063993e-14 
3.18642676e-11 
-3.13247959e-11 
1.000010155 
3.745336388e-08 
26.69986556 
0.999989845 
    1 
3.639767584e-14 
2.372141076e-11 
-2.335370035e-11 
1.000010166 
3.703723122e-08 
26.99985251 
0.9999898338 
    1 
3.755639788e-14 
1.764947324e-11 
-1.741892407e-11 
1.000010177 
3.663024399e-08 
27.29983946 
0.9999898228 
    1 
3.846175894e-14 
1.311887988e-11 
-1.300380682e-11 
1.000010188 
3.623210399e-08 
27.59982641 
0.9999898119 
    1 
3.914384906e-14 
9.73426322e-12 
-9.723846656e-12 
1.000010199 
3.584252582e-08 
27.89981335 
0.9999898011 
    1 
3.963140512e-14 
7.200068999e-12 
-7.293329351e-12 
1.00001021 
3.546123626e-08 
28.19980029 
0.9999897904 
    1 
3.994968171e-14 
5.294825847e-12 
-5.500523934e-12 
1.00001022 
3.508797356e-08 
28.49978722 
0.9999897798 
    1 
4.012653853e-14 
3.85184689e-12 
-4.189299379e-12 
1.000010231 
3.472248689e-08 
28.79977415 
0.9999897693 
    1 
4.017999392e-14 
2.744687531e-12 
-3.245572662e-12 
1.000010241 
3.436453576e-08 
29.09976108 
0.9999897589 
    1 
4.012219811e-14 
1.876094804e-12 
-2.587416473e-12 
1.000010251 
3.401388951e-08 
29.39974801 
0.9999897487 
    1 
3.995919726e-14 
1.169485522e-12 
-2.157972211e-12 
1.000010262 
3.367032678e-08 
29.69973493 
0.9999897385 
    1 
3.970207419e-14 
5.622085645e-13 
-1.920557804e-12 
