-0.1277103355 
-0.0005218511335 
0.9717708532 
-0.09628273283 
0.5262089317 
0.8707019726 
0.302222143 
0.5201431925 
0.9249561233 
-0.257941028 
0.9046517866 
-0.1374866182 
0.9349610601 
0.6133449591 
0.5601111845 
0.4095490814 
0.7422670775 
-0.3789672099 
0.8293263565 
-0.1315314916 
1.21324404 
0.4171887524 
0.7484478234 
0.2756371071 
0.53448683 
-0.3589369036 
0.7623783059 
-0.1116646426 
1.41396824 
0.327946867 
0.8672217497 
0.162050688 
0.3589018811 
-0.2754262253 
0.7058599158 
-0.0947718064 
1.586090452 
0.3052102965 
0.9337839184 
0.08629814076 
0.2316584659 
-0.1897285786 
0.6571970056 
-0.08288407571 
1.754789024 
0.3110055449 
0.9681526726 
0.04312688583 
0.1464482003 
-0.1238566028 
0.6141071645 
-0.07419591917 
1.930058932 
0.3273535931 
0.9850143934 
0.02074885428 
0.09158227636 
-0.07875274476 
0.5752648552 
-0.06726847367 
2.115579156 
0.3476924209 
0.9930402129 
0.009763324243 
0.05693295711 
-0.04942009738 
0.5399232818 
-0.06138922729 
2.312844436 
0.3698778581 
0.9967930958 
0.004534403722 
0.03526631362 
-0.03079782525 
0.5076054342 
-0.05623765403 
2.52265032 
0.3932379324 
0.9985295129 
0.002089392174 
0.02179147456 
-0.01911463359 
0.4779586807 
-0.0516569597 
2.74557507 
0.4175664094 
0.9993277838 
0.0009580895372 
0.01343944197 
-0.01183120371 
0.4506962408 
-0.04755475714 
2.982131339 
0.4428034379 
0.9996932998 
0.000437986363 
0.008274979509 
-0.00730789997 
0.4255737167 
-0.04386580247 
3.23281405 
0.4689357625 
0.9998602396 
0.0001998326914 
0.005087605682 
-0.004506106997 
0.4023784792 
-0.04053852756 
3.498115742 
0.4959652064 
0.9999363617 
9.106085873e-05 
0.003123672387 
-0.002774189187 
0.3809237652 
-0.03752991139 
3.778531556 
0.5238985173 
0.9999710365 
4.146267331e-05 
0.001915382687 
-0.001705480484 
0.3610446747 
-0.03480320718 
4.074560864 
0.552744028 
0.9999868214 
1.887022432e-05 
0.001173032276 
-0.001047055063 
0.3425950924 
-0.03232668714 
4.386707778 
0.58251054 
0.9999940043 
8.585808935e-06 
0.0007175488467 
-0.0006419970235 
0.3254451721 
-0.03007279697 
4.715481286 
0.6132069477 
0.9999972723 
3.905988355e-06 
0.000438430399 
-0.0003931531986 
0.3094792252 
-0.02801751254 
5.061395259 
0.6448421107 
0.999998759 
1.77691966e-06 
0.000267594097 
-0.0002404794554 
0.2945939263 
-0.02613982092 
5.424968424 
0.6774248132 
0.9999994354 
8.083880685e-07 
0.0001631536681 
-0.000146927068 
0.2806967794 
-0.0244212907 
5.806724312 
0.7109637507 
0.9999997431 
3.677952524e-07 
9.937526642e-05 
-8.967104501e-05 
0.2677047994 
-0.0228457119 
6.207191215 
0.7454675277 
0.9999998831 
1.673550842e-07 
6.046954377e-05 
-5.466973867e-05 
0.2555433763 
-0.02139879228 
6.626902129 
0.7809446593 
0.9999999468 
7.615988107e-08 
3.676096666e-05 
-3.32968272e-05 
0.2441452934 
-0.02006789995 
7.066394712 
0.8174035721 
0.9999999758 
3.466355082e-08 
2.232765641e-05 
-2.025982125e-05 
0.2334498756 
-0.01884184456 
7.52621123 
0.8548526076 
0.999999989 
1.577909247e-08 
1.354935936e-05 
-1.231573218e-05 
0.2234022496 
-0.01771069058 
8.006898517 
0.8933000239 
0.999999995 
7.183803076e-09 
8.215358667e-06 
-7.479816e-06 
0.2139526984 
-0.01666559761 
8.509007923 
0.9327539982 
0.9999999977 
3.271074533e-09 
4.977125097e-06 
-4.538800553e-06 
0.2050560982 
-0.01569868331 
9.033095277 
0.9732226288 
0.999999999 
1.489668484e-09 
3.012911474e-06 
-2.751842445e-06 
0.1966714238 
-0.01480290548 
9.579720839 
1.014713938 
0.9999999995 
6.785021706e-10 
1.822472351e-06 
-1.66705702e-06 
0.1887613164 
-0.0139719603 
10.14944926 
1.057235872 
0.9999999998 
3.090821624e-10 
1.101571642e-06 
-1.009097936e-06 
0.1812917011 
-0.01320019438 
10.74284954 
1.100796306 
0.9999999999 
1.408175581e-10 
6.653524247e-07 
-6.103559067e-07 
0.1742314515 
-0.01248252846 
11.360495 
1.145403044 
    1 
6.416506217e-11 
4.015942252e-07 
-3.689015102e-07 
0.1675520921 
-0.01181439112 
12.00296322 
1.19106382 
    1 
2.92411146e-11 
2.422305897e-07 
-2.228051127e-07 
0.1612275355 
-0.01119166106 
12.67083602 
1.237786302 
    1 
1.332750618e-11 
1.460108121e-07 
-1.344735417e-07 
0.1552338487 
-0.01061061663 
13.36469943 
1.285578091 
    1 
6.075449605e-12 
8.795567419e-08 
-8.110630359e-08 
0.1495490462 
-0.0100678918 
14.08514363 
1.334446725 
    1 
2.769800684e-12 
5.295091595e-08 
-4.888629782e-08 
0.1441529047 
-0.009560437444 
14.83276293 
1.384399678 
    1 
1.262839954e-12 
3.185821798e-08 
-2.944711706e-08 
0.1390267988 
-0.009085487389 
15.60815574 
1.435444365 
    1 
5.758508597e-13 
1.91564561e-08 
-1.772676428e-08 
0.1341535534 
-0.008640528534 
16.41192452 
1.48758814 
    1 
2.627568053e-13 
1.151228527e-08 
-1.066485197e-08 
0.1295173123 
-0.008223274475 
17.24467577 
1.540838297 
    1 
1.20169185e-13 
6.914604043e-09 
-6.412482179e-09 
0.1251034198 
-0.007831642214 
18.10701999 
1.595202075 
    1 
5.575759195e-14 
4.150868086e-09 
-3.853456742e-09 
0.1208983146 
-0.007463731545 
18.99957163 
1.650686658 
    1 
2.668557464e-14 
2.490477257e-09 
-2.314379092e-09 
0.1168894346 
-0.007117806782 
19.92294908 
1.707299172 
    1 
2.094442415e-14 
1.493496496e-09 
-1.389263558e-09 
0.1130651307 
-0.006792280522 
20.87777465 
1.765046692 
    1 
2.077697668e-14 
8.951782734e-10 
-8.335029018e-10 
0.1094145894 
-0.006485699205 
21.86467451 
1.82393624 
    1 
2.065186823e-14 
5.362953795e-10 
-4.998133603e-10 
0.1059277631 
-0.006196730256 
22.88427868 
1.883974788 
    1 
2.05328836e-14 
3.211390127e-10 
-2.995660509e-10 
0.102595306 
-0.005924150595 
23.93722101 
1.945169254 
    1 
2.042209767e-14 
1.922125175e-10 
-1.794596493e-10 
0.09940851782 
-0.005666836383 
25.02413913 
2.007526511 
    1 
2.032040649e-14 
1.14993889e-10 
-1.074572724e-10 
0.09635929077 
-0.005423753836 
26.14567445 
2.071053381 
    1 
2.022790887e-14 
6.876652581e-11 
-6.431387575e-11 
0.09344006296 
-0.005193950994 
27.3024721 
2.13575664 
    1 
2.014425706e-14 
4.110486199e-11 
-3.847497355e-11 
0.09064377528 
-0.00497655033 
28.49518094 
2.201643017 
    1 
2.006887343e-14 
2.455995089e-11 
-2.300707901e-11 
0.08796383227 
-0.004770742111 
29.72445351 
2.268719197 
    1 
2.000105643e-14 
1.466845014e-11 
-1.375177325e-11 
0.08539406659 
-0.004575778422 
30.99094603 
2.336991818 
    1 
1.994003227e-14 
8.75724496e-12 
-8.216263955e-12 
0.08292870648 
-0.004390967777 
32.29531832 
2.406467475 
    1 
1.98849922e-14 
5.226142661e-12 
-4.906962822e-12 
0.0805623461 
-0.004215670259 
33.63823387 
2.477152722 
    1 
1.983513056e-14 
3.117664243e-12 
-2.929395108e-12 
0.07828991839 
-0.004049293132 
35.02035972 
2.549054067 
    1 
1.97896829e-14 
1.859154316e-12 
-1.748130668e-12 
0.07610667025 
-0.003891286865 
36.4423665 
2.622177981 
    1 
1.974795661e-14 
1.108263747e-12 
-1.042808129e-12 
0.07400813974 
-0.00374114154 
37.90492837 
2.69653089 
    1 
1.970934652e-14 
6.6041338e-13 
-6.218321818e-13 
0.07199013526 
-0.003598383586 
39.40872303 
2.772119183 
    1 
1.967333039e-14 
3.934023908e-13 
-3.706669135e-13 
0.07004871632 
-0.003462572823 
40.95443168 
2.848949208 
    1 
1.963944114e-14 
2.342662685e-13 
-2.208715324e-13 
0.06818017602 
-0.003333299771 
42.54273898 
2.927027276 
    1 
1.960721307e-14 
1.394560292e-13 
-1.315661917e-13 
0.06638102473 
-0.003210183203 
44.17433309 
3.006359659 
    1 
1.957609644e-14 
8.298940255e-14 
-7.8343097e-14 
0.06464797529 
-0.00309286792 
45.84990558 
3.086952592 
    1 
1.954532829e-14 
4.937063722e-14 
-4.663502052e-14 
0.06297792918 
-0.002981022717 
47.57015144 
3.168812273 
    1 
1.951373602e-14 
2.936151308e-14 
-2.775119232e-14 
0.06136796388 
-0.002874338533 
49.33576907 
3.251944863 
    1 
1.947943429e-14 
1.745639269e-14 
-1.650867055e-14 
0.05981532114 
-0.002772526758 
51.14746023 
3.33635649 
    1 
1.94393537e-14 
1.037527529e-14 
-9.817623697e-15 
0.05831739619 
-0.002675317684 
53.00593008 
3.422053245 
    1 
1.938851748e-14 
6.164763386e-15 
-5.836698413e-15 
0.05687172772 
-0.002582459093 
54.91188708 
3.509041186 
    1 
1.931897501e-14 
3.661907588e-15 
-3.468944848e-15 
0.05547598863 
-0.002493714958 
56.86604302 
3.597326336 
    1 
1.921835939e-14 
2.174577976e-15 
-2.061101628e-15 
0.05412797744 
-0.002408864256 
58.86911302 
3.686914685 
    1 
1.909355409e-14 
1.290986227e-15 
-1.224266059e-15 
0.05282561039 
-0.002327699873 
60.92181545 
3.777812191 
    1 
1.897902334e-14 
7.662130858e-16 
-7.269910329e-16 
0.051566914 
-0.002250027611 
63.02487196 
3.870024778 
    1 
1.887007254e-14 
4.54633151e-16 
-4.315802058e-16 
0.05035001828 
-0.002175665258 
65.17900748 
3.963558341 
    1 
1.876447656e-14 
2.696859991e-16 
-2.561388826e-16 
0.04917315035 
-0.002104441746 
67.38495012 
4.058418741 
    1 
1.866175761e-14 
1.599350271e-16 
-1.519753935e-16 
0.04803462852 
-0.002036196373 
69.64343124 
4.154611809 
    1 
1.856194514e-14 
9.482409986e-17 
-9.014818699e-17 
0.04693285683 
-0.00197077808 
71.9551854 
4.252143347 
    1 
1.846509948e-14 
5.620640788e-17 
-5.345997995e-17 
0.04586631986 
-0.001908044791 
74.32095032 
4.351019125 
    1 
1.837115816e-14 
3.330786899e-17 
-3.169499753e-17 
0.04483357804 
-0.001847862802 
76.74146691 
4.451244885 
    1 
1.827997854e-14 
1.973348009e-17 
-1.878645317e-17 
0.04383326313 
-0.001790106218 
79.21747921 
4.552826339 
    1 
1.819141196e-14 
1.168848391e-17 
-1.113250653e-17 
0.04286407413 
-0.001734656426 
81.7497344 
4.655769171 
    1 
1.810534541e-14 
6.921690155e-18 
-6.595338842e-18 
0.04192477339 
-0.001681401618 
84.3389828 
4.760079036 
    1 
1.802170689e-14 
4.097956555e-18 
-3.906421535e-18 
0.04101418295 
-0.00163023634 
86.98597779 
4.865761563 
    1 
1.794044893e-14 
2.425635157e-18 
-2.313240224e-18 
0.04013118122 
-0.001581061084 
89.69147588 
4.97282235 
    1 
1.786152459e-14 
1.435450447e-18 
-1.369505422e-18 
0.0392746998 
-0.001533781898 
92.45623662 
5.081266971 
    1 
1.778486488e-14 
8.492922264e-19 
-8.106061163e-19 
0.0384437205 
-0.001488310035 
95.28102264 
5.191100973 
    1 
1.771036191e-14 
5.023817841e-19 
-4.796901144e-19 
0.0376372726 
-0.00144456162 
98.16659959 
5.302329875 
    1 
1.76378584e-14 
2.971118173e-19 
-2.838037181e-19 
0.03685443022 
-0.001402457346 
101.1137362 
5.414959171 
    1 
1.756714217e-14 
1.756777255e-19 
-1.678740153e-19 
0.03609430992 
-0.001361922189 
104.1232041 
5.52899433 
    1 
1.74979434e-14 
1.038545285e-19 
-9.927931164e-20 
0.03535606842 
-0.001322885142 
107.1957781 
5.644440794 
    1 
1.742993162e-14 
6.138282384e-20 
-5.87010937e-20 
0.03463890042 
-0.001285278967 
110.3322358 
5.761303981 
    1 
1.736270991e-14 
3.627272992e-20 
-3.470160606e-20 
0.03394203664 
-0.001249039971 
113.533358 
5.879589284 
    1 
1.729580374e-14 
2.142991898e-20 
-2.051055087e-20 
0.03326474188 
-0.001214107785 
116.7999282 
5.999302073 
    1 
1.722864215e-14 
1.265755366e-20 
-1.212137401e-20 
0.03260631329 
-0.001180425173 
120.1327329 
6.120447691 
    1 
1.716052926e-14 
7.473280335e-21 
-7.163704648e-21 
0.03196607868 
-0.001147937839 
123.5325619 
6.243031461 
    1 
1.70906033e-14 
4.408913641e-21 
-4.235705394e-21 
0.03134339496 
-0.001116594257 
127.0002073 
6.367058679 
    1 
1.701778042e-14 
2.59588102e-21 
-2.508912047e-21 
0.03073764663 
-0.001086345509 
130.5364647 
6.49253462 
    1 
1.694067912e-14 
1.519745324e-21 
-1.494541187e-21 
0.03014824444 
-0.001057145133 
134.1421321 
6.619464536 
    1 
1.685752022e-14 
8.746428225e-22 
-9.05562288e-22 
0.02957462404 
-0.001028948984 
137.8180108 
6.747853655 
    1 
1.676599514e-14 
4.765712297e-22 
-5.757419412e-22 
0.02901624474 
-0.001001715096 
141.5649046 
6.877707184 
    1 
1.666309349e-14 
2.110110496e-22 
-4.129072606e-22 
