-0.1183803217 
-0.0005278785522 
0.9727365782 
-0.09285223901 
0.5261168825 
0.8702736947 
0.3040523058 
0.5228996338 
0.9241372891 
-0.2605883924 
0.9082620812 
-0.1315114077 
0.9345899866 
0.6129830028 
0.5629429986 
0.4103645888 
0.7398755068 
-0.381580845 
0.836605697 
-0.124391506 
1.212961322 
0.4179368293 
0.7512321005 
0.2747987552 
0.5310991904 
-0.3598682981 
0.7736416624 
-0.1044462511 
1.414334726 
0.3293824106 
0.8693345451 
0.1606237869 
0.3554189815 
-0.274975898 
0.7209894921 
-0.0879754555 
1.587164387 
0.3061544051 
0.9351416427 
0.08505681629 
0.2286152676 
-0.1886956725 
0.6759113739 
-0.07665299433 
1.756015526 
0.3104851037 
0.9689382786 
0.04229135782 
0.1440090803 
-0.1227478543 
0.636088999 
-0.06854271211 
1.930442501 
0.3247195277 
0.9854401052 
0.02025611498 
0.08972126036 
-0.07777756629 
0.6002022235 
-0.06216885962 
2.113821617 
0.3424686645 
0.9932614565 
0.009493754285 
0.05555682857 
-0.04863424702 
0.5675208795 
-0.05680909301 
2.307406643 
0.3616520135 
0.9969049371 
0.004393509495 
0.03427122126 
-0.03019438045 
0.5375876032 
-0.05214028136 
2.511771785 
0.3816127391 
0.9985849772 
0.002017897061 
0.02108434897 
-0.01866561112 
0.5100700783 
-0.04800544648 
2.727276444 
0.4021415676 
0.9993549122 
0.0009225363906 
0.01294414471 
-0.01150473353 
0.4847015941 
-0.04431316251 
2.954210694 
0.4231692828 
0.9997064325 
0.0004205607309 
0.007932314674 
-0.007074862202 
0.4612571009 
-0.04099978793 
3.192841047 
0.4446711844 
0.9998665468 
0.0001913834282 
0.00485308456 
-0.004342290986 
0.4395423284 
-0.03801571296 
3.443425137 
0.4666370565 
0.9999393718 
8.699773701e-05 
0.002964692941 
-0.002660532226 
0.4193877408 
-0.03532004803 
3.706216543 
0.4890615307 
0.9999724659 
3.952143451e-05 
0.001808528611 
-0.001627518063 
0.4006444742 
-0.03287823138 
3.981466437 
0.5119409255 
0.9999874974 
1.794758231e-05 
0.001101762119 
-0.0009941109288 
0.3831812512 
-0.03066069631 
4.269424162 
0.5352721901 
0.9999943229 
8.149154995e-06 
0.0006703412149 
-0.0006063615296 
0.3668818935 
-0.02864197655 
4.570337471 
0.559052544 
0.9999974221 
3.700064322e-06 
0.0004073574682 
-0.000369357954 
0.351643259 
-0.02680003316 
4.884452627 
0.5832793514 
0.9999988292 
1.680094815e-06 
0.0002472583915 
-0.0002247037802 
0.3373735098 
-0.02511571887 
5.212014475 
0.6079500756 
0.9999994682 
7.629761874e-07 
0.0001499146853 
-0.0001365356666 
0.3239906455 
-0.02357234071 
5.553266484 
0.6330622603 
0.9999997584 
3.465427889e-07 
9.079789537e-05 
-8.286639424e-05 
0.3114212563 
-0.02215529822 
5.908450795 
0.6586135214 
0.9999998902 
1.574277835e-07 
5.49370338e-05 
-5.023766918e-05 
0.2995994572 
-0.02085178202 
6.277808256 
0.6846015414 
0.9999999501 
7.153034053e-08 
3.32070733e-05 
-3.042425085e-05 
0.2884659747 
-0.01965052129 
6.661578456 
0.7110240658 
0.9999999773 
3.250771977e-08 
2.005344597e-05 
-1.840640675e-05 
0.2779673604 
-0.01854157134 
7.059999763 
0.7378789001 
0.9999999897 
1.477647999e-08 
1.209919511e-05 
-1.112487103e-05 
0.2680553127 
-0.01751613416 
7.473309352 
0.7651639063 
0.9999999953 
6.718052331e-09 
7.293703649e-06 
-6.717610848e-06 
0.2586860886 
-0.01656640634 
7.901743238 
0.792877001 
0.9999999979 
3.054938141e-09 
4.393171554e-06 
-4.052701456e-06 
0.2498199938 
-0.01568544962 
8.345536304 
0.8210161525 
0.999999999 
1.389461017e-09 
2.643991677e-06 
-2.442864585e-06 
0.2414209376 
-0.01486708052 
8.80492233 
0.8495793786 
0.9999999996 
6.320818248e-10 
1.590034673e-06 
-1.471273527e-06 
0.2334560445 
-0.01410577573 
9.280134019 
0.8785647446 
0.9999999998 
2.875946587e-10 
9.554978872e-07 
-8.854012563e-07 
0.2258953144 
-0.01339659095 
9.771403022 
0.9079703611 
0.9999999999 
1.308780646e-10 
5.737740362e-07 
-5.324173937e-07 
0.2187113231 
-0.01273509088 
10.27895996 
0.9377943822 
    1 
5.957032279e-11 
3.443109903e-07 
-3.199202586e-07 
0.2118789603 
-0.01211728887 
10.80303446 
0.9680350037 
    1 
2.711864728e-11 
2.06476185e-07 
-1.920967585e-07 
0.2053751969 
-0.01153959456 
11.34385516 
0.9986904613 
    1 
1.234729952e-11 
1.237393638e-07 
-1.152651202e-07 
0.19917888 
-0.01099876842 
11.90164973 
1.02975903 
    1 
5.622587325e-12 
7.410949967e-08 
-6.911711353e-08 
0.1932705511 
-0.01049188224 
12.47664492 
1.06123902 
    1 
2.560784039e-12 
4.435849319e-08 
-4.141835208e-08 
0.1876322847 
-0.01001628454 
13.06906655 
1.093128778 
    1 
1.16655136e-12 
2.653535979e-08 
-2.480440525e-08 
0.1822475445 
-0.00956957043 
13.67913954 
1.125426686 
    1 
5.316915228e-13 
1.58645027e-08 
-1.484575855e-08 
0.1771010552 
-0.009149555093 
14.30708793 
1.158131158 
    1 
2.426591888e-13 
9.479574776e-09 
-8.880182932e-09 
0.1721786878 
-0.008754250537 
14.9531349 
1.19124064 
    1 
1.114010018e-13 
5.661342625e-09 
-5.308787643e-09 
0.1674673575 
-0.008381845106 
15.61750278 
1.224753607 
    1 
5.280252746e-14 
3.379287646e-09 
-3.17197915e-09 
0.1629549317 
-0.008030685399 
16.30041307 
1.258668566 
    1 
2.742539392e-14 
2.016102755e-09 
-1.894235989e-09 
0.1586301471 
-0.007699260298 
17.00208646 
1.292984051 
    1 
2.38449164e-14 
1.202232043e-09 
-1.130611935e-09 
0.1544825357 
-0.007386186805 
17.72274283 
1.327698625 
    1 
2.359248742e-14 
7.165692183e-10 
-6.744898159e-10 
0.1505023579 
-0.007090197483 
18.4626013 
1.362810876 
    1 
2.338621478e-14 
4.26901845e-10 
-4.021850405e-10 
0.146680542 
-0.006810129287 
19.22188019 
1.398319418 
    1 
2.317851624e-14 
2.542163786e-10 
-2.397017351e-10 
0.1430086295 
-0.006544913617 
20.00079709 
1.434222892 
    1 
2.29538681e-14 
1.513177882e-10 
-1.427963144e-10 
0.1394787257 
-0.00629356744 
20.79956885 
1.47051996 
    1 
2.271188765e-14 
9.003109501e-11 
-8.502936537e-11 
0.1360834549 
-0.006055185364 
21.61841156 
1.50720931 
    1 
2.247886203e-14 
5.354465144e-11 
-5.060953299e-11 
0.1328159196 
-0.005828932538 
22.45754062 
1.544289651 
    1 
2.225085728e-14 
3.183210834e-11 
-3.011010648e-11 
0.1296696637 
-0.005614038287 
23.31717074 
1.581759714 
    1 
2.203094517e-14 
1.891668371e-11 
-1.790662477e-11 
0.1266386383 
-0.005409790403 
24.19751589 
1.619618253 
    1 
2.182084384e-14 
1.123722973e-11 
-1.064489476e-11 
0.1237171717 
-0.005215530004 
25.09878942 
1.65786404 
    1 
2.162299965e-14 
6.672865606e-12 
-6.325571079e-12 
0.1208999408 
-0.00503064691 
26.02120395 
1.69649587 
    1 
2.144189341e-14 
3.961032472e-12 
-3.75744986e-12 
0.1181819455 
-0.004854575473 
26.9649715 
1.735512554 
    1 
2.128522264e-14 
2.35045114e-12 
-2.231135388e-12 
0.1155584858 
-0.00468679081 
27.93030339 
1.774912925 
    1 
2.116525862e-14 
1.394262684e-12 
-1.324347528e-12 
0.1130251397 
-0.004526805398 
28.91741035 
1.814695833 
    1 
2.107508065e-14 
8.267841596e-13 
-7.858238375e-13 
0.1105777439 
-0.004374165993 
29.92650244 
1.854860146 
    1 
2.098030568e-14 
4.901142651e-13 
-4.661217474e-13 
0.1082123754 
-0.004228450834 
30.95778913 
1.895404748 
    1 
2.088571599e-14 
2.904447653e-13 
-2.763936565e-13 
0.1059253353 
-0.004089267108 
32.01147927 
1.936328543 
    1 
2.0793676e-14 
1.720655881e-13 
-1.638380578e-13 
0.1037131332 
-0.003956248646 
33.08778112 
1.977630448 
    1 
2.070486218e-14 
1.019041532e-13 
-9.708740139e-14 
0.1015724734 
-0.003829053828 
34.18690234 
2.019309398 
    1 
2.061946287e-14 
6.033372818e-14 
-5.751426377e-14 
0.09950024156 
-0.003707363671 
35.30905 
2.061364344 
    1 
2.053764743e-14 
3.571098094e-14 
-3.406088889e-14 
0.0974934931 
-0.003590880093 
36.45443063 
2.10379425 
    1 
2.045976857e-14 
2.113097626e-14 
-2.016541348e-14 
0.09554944197 
-0.00347932432 
37.62325015 
2.146598095 
    1 
2.038635464e-14 
1.250017925e-14 
-1.193526156e-14 
0.09366545046 
-0.003372435436 
38.81571397 
2.189774876 
    1 
2.031800534e-14 
7.392553193e-15 
-7.062089591e-15 
0.09183901976 
-0.003269969056 
40.03202691 
2.233323599 
    1 
2.025527969e-14 
4.370758099e-15 
-4.177473473e-15 
0.0900677812 
-0.003171696111 
41.27239327 
2.277243287 
    1 
2.019862542e-14 
2.583483274e-15 
-2.470449664e-15 
0.08834948816 
-0.003077401733 
42.53701681 
2.321532976 
    1 
2.014835721e-14 
1.52666414e-15 
-1.460571083e-15 
0.0866820085 
-0.00298688423 
43.82610077 
2.366191713 
    1 
2.010466942e-14 
9.019296063e-16 
-8.632890539e-16 
0.08506331763 
-0.002899954153 
45.13984786 
2.411218559 
    1 
2.006766562e-14 
5.32715483e-16 
-5.10127819e-16 
0.08349149196 
-0.002816433429 
46.47846028 
2.456612588 
    1 
2.003739164e-14 
3.145674008e-16 
-3.01365361e-16 
0.08196470292 
-0.00273615457 
47.84213972 
2.502372886 
    1 
2.001386517e-14 
1.857077125e-16 
-1.779923974e-16 
0.08048121128 
-0.002658959942 
49.23108739 
2.548498549 
    1 
1.999709909e-14 
1.096089581e-16 
-1.051006836e-16 
0.079039362 
-0.002584701088 
50.64550398 
2.594988686 
    1 
1.998711847e-14 
6.467910925e-17 
-6.204513091e-17 
0.07763757926 
-0.002513238114 
52.0855897 
2.641842419 
    1 
1.998397094e-14 
3.815801844e-17 
-3.661929597e-17 
0.07627436199 
-0.002444439109 
53.5515443 
2.689058876 
    1 
1.99877297e-14 
2.250677522e-17 
-2.160799048e-17 
0.0749482796 
-0.002378179619 
55.04356702 
2.736637202 
    1 
1.999848592e-14 
1.327236236e-17 
-1.274743478e-17 
0.07365796799 
-0.002314342155 
56.56185667 
2.784576547 
    1 
2.001632575e-14 
7.825146041e-18 
-7.518602337e-18 
0.07240212587 
-0.002252815742 
58.10661157 
2.832876075 
    1 
2.004128632e-14 
4.612619758e-18 
-4.433626915e-18 
0.0711795113 
-0.002193495499 
59.67802958 
2.881534959 
    1 
2.007328717e-14 
2.718413447e-18 
-2.613910119e-18 
0.06998893845 
-0.002136282248 
61.27630812 
2.93055238 
    1 
2.011204173e-14 
1.601760717e-18 
-1.540754142e-18 
0.06882927452 
-0.002081082156 
62.90164417 
2.979927532 
    1 
2.015696696e-14 
9.436166998e-19 
-9.080063627e-19 
0.06769943694 
-0.002027806399 
64.55423424 
3.029659617 
    1 
2.020712432e-14 
5.557903232e-19 
-5.350063236e-19 
0.0665983907 
-0.00197637085 
66.23427444 
3.079747844 
    1 
2.026122749e-14 
3.272994017e-19 
-3.15170091e-19 
0.06552514581 
-0.001926695792 
67.94196043 
3.130191435 
    1 
2.031772701e-14 
1.927079966e-19 
-1.856302271e-19 
0.06447875499 
-0.001878705649 
69.67748743 
3.180989617 
    1 
2.037493465e-14 
1.13442527e-19 
-1.093129426e-19 
0.06345831144 
-0.001832328735 
71.44105025 
3.23214163 
    1 
2.043111798e-14 
6.676899194e-20 
-6.435990117e-20 
0.06246294676 
-0.001787497021 
73.23284331 
3.283646718 
    1 
2.048451039e-14 
3.929136789e-20 
-3.788630226e-20 
0.06149182904 
-0.001744145918 
75.05306056 
3.335504137 
    1 
2.053322039e-14 
2.311756298e-20 
-2.229850815e-20 
0.06054416096 
-0.001702214077 
76.9018956 
3.387713149 
    1 
2.057504185e-14 
1.359891844e-20 
-1.312213103e-20 
0.05961917811 
-0.001661643196 
78.7795416 
3.440273024 
    1 
2.060714216e-14 
7.997716824e-21 
-7.721291338e-21 
0.05871614735 
-0.001622377846 
80.68619132 
3.493183041 
    1 
2.06255569e-14 
4.701864267e-21 
-4.543557868e-21 
0.05783436527 
-0.001584365307 
82.62203714 
3.546442486 
    1 
2.062438189e-14 
2.762121339e-21 
-2.674920788e-21 
0.05697315674 
-0.001547555414 
84.58727105 
3.600050654 
    1 
2.05945622e-14 
1.619411756e-21 
-1.577595341e-21 
0.05613187355 
-0.001511900409 
86.58208466 
3.654006845 
    1 
2.052227571e-14 
9.440870778e-22 
-9.356568652e-22 
0.05530989315 
-0.001477354814 
88.60666918 
3.708310367 
    1 
2.041245674e-14 
5.410594416e-22 
-5.64323626e-22 
0.05450661737 
-0.001443875296 
90.66121545 
3.762960537 
    1 
2.029704041e-14 
2.93571603e-22 
-3.569117844e-22 
0.05372147134 
-0.001411420554 
92.74591394 
3.817956676 
    1 
2.016781285e-14 
1.294360139e-22 
-2.542795882e-22 
