-0.1255397445 
-0.0005232713153 
0.9719963834 
-0.09548125999 
0.526185717 
0.870592897 
0.3026482846 
0.5207863112 
0.9247629814 
-0.2585662107 
0.9054958425 
-0.1360876489 
0.9348625313 
0.6132322099 
0.5607721565 
0.4097431663 
0.741701315 
-0.3795892253 
0.8310305567 
-0.1298556359 
1.213146137 
0.4173203402 
0.7491000462 
0.275445448 
0.5336822026 
-0.3591644091 
0.7650185907 
-0.1099670935 
1.413995838 
0.3282308803 
0.8677187352 
0.1617188603 
0.358071013 
-0.2753253809 
0.7094099117 
-0.09317205384 
1.586252917 
0.3053709979 
0.9341046249 
0.08600730291 
0.2309293747 
-0.1894866781 
0.6615908214 
-0.08141755426 
1.754950602 
0.3108097569 
0.9683389712 
0.042930033 
0.1458614271 
-0.1235941774 
0.6192696743 
-0.07286672064 
1.929976991 
0.326641517 
0.9851157159 
0.02063222616 
0.09113279265 
-0.07852042405 
0.5811217242 
-0.06607153224 
2.1149355 
0.3463434086 
0.9930930493 
0.009699261181 
0.05659928865 
-0.04923190206 
0.5464038192 
-0.06031686891 
2.311259056 
0.3677849103 
0.99681989 
0.004500798672 
0.03502410222 
-0.03065263664 
0.5146434323 
-0.05528140803 
2.51968527 
0.3902962293 
0.9985428403 
0.002072282816 
0.02161869408 
-0.01900612256 
0.4854926547 
-0.05080818957 
2.740734269 
0.413668964 
0.9993343208 
0.0009495550044 
0.01331795585 
-0.01175197211 
0.4586694277 
-0.0468049667 
2.974858886 
0.4378395559 
0.9996964727 
0.0004337911852 
0.008190609254 
-0.007251107192 
0.4339339454 
-0.04320681166 
3.22249201 
0.4627905159 
0.9998617673 
0.0001977929816 
0.005029641933 
-0.004466019475 
0.4110779661 
-0.0399625746 
3.484061764 
0.4885192655 
0.9999370925 
9.007745198e-05 
0.003084229896 
-0.002746262822 
0.389918867 
-0.0370297077 
3.759996438 
0.515028109 
0.9999713843 
4.099167563e-05 
0.001888772013 
-0.00168624731 
0.3702956208 
-0.03437196096 
4.050726109 
0.5423209391 
0.9999869862 
1.864584266e-05 
0.001155216493 
-0.00103394172 
0.3520657099 
-0.0319581063 
4.356683156 
0.5704021372 
0.9999940822 
8.479380405e-06 
0.000705703946 
-0.0006331358524 
0.3351026136 
-0.02976107839 
4.678302409 
0.5992762025 
0.999997309 
3.855690418e-06 
0.0004306049042 
-0.0003872130941 
0.3192937045 
-0.02775732273 
5.016021173 
0.6289476273 
0.9999987763 
1.753221671e-06 
0.0002624538196 
-0.0002365260623 
0.3045384674 
-0.02592627141 
5.370279215 
0.6594208552 
0.9999994434 
7.97251853e-07 
0.0001597950074 
-0.0001443130014 
0.2907469784 
-0.0242499106 
5.741518724 
0.6907002688 
0.9999997468 
3.625738727e-07 
9.719135157e-05 
-8.795277671e-05 
0.2778386033 
-0.02271241924 
6.130184286 
0.722790187 
0.9999998848 
1.649117568e-07 
5.90558383e-05 
-5.354638562e-05 
0.2657408767 
-0.02129986521 
6.536722844 
0.7556948652 
0.9999999476 
7.501849763e-08 
3.584962513e-05 
-3.256604544e-05 
0.2543885364 
-0.0199999486 
6.961583663 
0.7894184968 
0.9999999762 
3.413117042e-08 
2.17424192e-05 
-1.978658624e-05 
0.2437226865 
-0.01880178407 
7.405218299 
0.8239652157 
0.9999999891 
1.553110687e-08 
1.317488056e-05 
-1.20105667e-05 
0.2336900725 
-0.01769571553 
7.868080565 
0.8593390974 
0.9999999951 
7.068429562e-09 
7.976538353e-06 
-7.283797125e-06 
0.224242449 
-0.01667315805 
8.350626501 
0.8955441616 
0.9999999978 
3.217456248e-09 
4.825294959e-06 
-4.413346579e-06 
0.2153360293 
-0.01572646244 
8.85331434 
0.9325843733 
0.999999999 
1.464774361e-09 
2.916667752e-06 
-2.671821714e-06 
0.2069310036 
-0.01484879902 
9.376604485 
0.970463645 
0.9999999995 
6.66954092e-10 
1.761632005e-06 
-1.616176815e-06 
0.1989911158 
-0.01403405747 
9.920959473 
1.009185838 
0.9999999998 
3.037294896e-10 
1.063210987e-06 
-9.768419235e-07 
0.1914832931 
-0.01327676049 
10.48684395 
1.048754765 
0.9999999999 
1.383382407e-10 
6.412245233e-07 
-5.899635684e-07 
0.1843773183 
-0.01257198889 
11.07472466 
1.089174188 
    1 
6.301719984e-11 
3.864533501e-07 
-3.560430294e-07 
0.1776455413 
-0.0119153168 
11.68507038 
1.130447826 
    1 
2.87104622e-11 
2.327500259e-07 
-2.147170595e-07 
0.1712626237 
-0.01130275512 
12.31835194 
1.17257935 
    1 
1.308213744e-11 
1.400867628e-07 
-1.293979131e-07 
0.1652053124 
-0.01073070236 
12.97504216 
1.215572387 
    1 
5.961772984e-12 
8.426122084e-08 
-7.792809819e-08 
0.1594522382 
-0.0101959016 
13.65561585 
1.259430524 
    1 
2.717301199e-12 
5.065121717e-08 
-4.690033683e-08 
0.1539837376 
-0.009695402854 
14.36054979 
1.304157303 
    1 
1.23861399e-12 
3.042925796e-08 
-2.820859867e-08 
0.1487816925 
-0.009226530028 
15.09032269 
1.349756227 
    1 
5.646519387e-13 
1.827004771e-08 
-1.69558253e-08 
0.1438293882 
-0.008786851838 
15.84541517 
1.39623076 
    1 
2.575918762e-13 
1.096331855e-08 
-1.018582172e-08 
0.1391113857 
-0.008374156231 
16.62630976 
1.443584326 
    1 
1.17776597e-13 
6.575144515e-09 
-6.115337483e-09 
0.1346134077 
-0.007986427777 
17.43349083 
1.491820313 
    1 
5.468817541e-14 
3.94126913e-09 
-3.66943496e-09 
0.1303222357 
-0.007621827688 
18.26744465 
1.540942072 
    1 
2.619325912e-14 
2.361243267e-09 
-2.200590579e-09 
0.1262256184 
-0.007278676112 
19.12865929 
1.590952919 
    1 
2.084988718e-14 
1.413921511e-09 
-1.319007279e-09 
0.1223121879 
-0.006955436418 
20.01762464 
1.641856134 
    1 
2.070576719e-14 
8.462440642e-10 
-7.901860361e-10 
0.1185713857 
-0.006650701224 
20.93483239 
1.693654964 
    1 
2.063120869e-14 
5.062410288e-10 
-4.731423228e-10 
0.1149933944 
-0.006363179961 
21.88077601 
1.746352623 
    1 
2.05871576e-14 
3.027023589e-10 
-2.831655161e-10 
0.111569077 
-0.006091687769 
22.85595072 
1.799952293 
    1 
2.056872414e-14 
1.809156825e-10 
-1.693872242e-10 
0.1082899213 
-0.005835135594 
23.86085348 
1.854457124 
    1 
2.056473114e-14 
1.080795572e-10 
-1.012786827e-10 
0.1051479898 
-0.005592521313 
24.89598298 
1.909870235 
    1 
2.056529472e-14 
6.453905967e-11 
-6.052819468e-11 
0.1021358741 
-0.005362921791 
25.96183962 
1.966194716 
    1 
2.056343771e-14 
3.852281985e-11 
-3.615802196e-11 
0.09924665354 
-0.005145485748 
27.05892549 
2.023433625 
    1 
2.055473518e-14 
2.298446096e-11 
-2.159054826e-11 
0.09647385721 
-0.004939427354 
28.18774434 
2.081589995 
    1 
2.053695416e-14 
1.370805032e-11 
-1.288663003e-11 
0.09381142983 
-0.004744020466 
29.3488016 
2.140666828 
    1 
2.050955387e-14 
8.172337897e-12 
-7.688403785e-12 
0.09125370028 
-0.00455859343 
30.54260433 
2.2006671 
    1 
2.047316457e-14 
4.870238131e-12 
-4.585201576e-12 
0.08879535291 
-0.004382524398 
31.76966123 
2.261593759 
    1 
2.042908801e-14 
2.901290361e-12 
-2.733444411e-12 
0.08643140139 
-0.004215237092 
33.0304826 
2.323449727 
    1 
2.037888438e-14 
1.727718717e-12 
-1.628904476e-12 
0.08415716469 
-0.004056196981 
34.32558036 
2.3862379 
    1 
2.032408596e-14 
1.028488232e-12 
-9.703276315e-13 
0.08196824507 
-0.00390490781 
35.655468 
2.44996115 
    1 
2.026603791e-14 
6.120311713e-13 
-5.778063555e-13 
0.07986050795 
-0.003760908457 
37.02066058 
2.514622322 
    1 
2.020583977e-14 
3.640818654e-13 
-3.439465516e-13 
0.07783006334 
-0.003623770084 
38.42167473 
2.580224239 
    1 
2.014435202e-14 
2.165105679e-13 
-2.046669931e-13 
0.07587324885 
-0.003493093542 
39.85902862 
2.646769698 
    1 
2.008223542e-14 
1.2871135e-13 
-1.217464265e-13 
0.07398661398 
-0.003368507015 
41.33324195 
2.714261475 
    1 
2.001999984e-14 
7.64918799e-14 
-7.239681312e-14 
0.07216690571 
-0.003249663871 
42.84483595 
2.78270232 
    1 
1.995804883e-14 
4.544410107e-14 
-4.303686548e-14 
0.0704110552 
-0.003136240708 
44.39433334 
2.852094964 
    1 
1.989671434e-14 
2.699020925e-14 
-2.557542244e-14 
0.06871616549 
-0.003027935565 
45.98225835 
2.922442114 
    1 
1.983628077e-14 
1.602523133e-14 
-1.519388883e-14 
0.06707950019 
-0.002924466291 
47.6091367 
2.993746456 
    1 
1.977700014e-14 
9.512055351e-15 
-9.023642318e-15 
0.06549847297 
-0.002825569056 
49.27549555 
3.066010654 
    1 
1.971910089e-14 
5.644416306e-15 
-5.357526937e-15 
0.06397063791 
-0.002730996981 
50.98186355 
3.139237352 
    1 
1.96627927e-14 
3.348427025e-15 
-3.179941254e-15 
0.06249368045 
-0.002640518892 
52.72877079 
3.213429174 
    1 
1.960826885e-14 
1.985830693e-15 
-1.886899071e-15 
0.06106540918 
-0.002553918173 
54.51674879 
3.288588723 
    1 
1.955570734e-14 
1.177404131e-15 
-1.119323454e-15 
0.05968374802 
-0.002470991708 
56.3463305 
3.364718582 
    1 
1.950527124e-14 
6.978999287e-16 
-6.638077832e-16 
0.05834672913 
-0.002391548922 
58.21805029 
3.441821315 
    1 
1.945710876e-14 
4.13568311e-16 
-3.935602712e-16 
0.05705248624 
-0.002315410889 
60.13244393 
3.519899468 
    1 
1.941135289e-14 
2.450135097e-16 
-2.332730882e-16 
0.05579924848 
-0.00224240951 
62.0900486 
3.598955567 
    1 
1.936812077e-14 
1.451187733e-16 
-1.382307735e-16 
0.05458533461 
-0.002172386768 
64.09140283 
3.678992121 
    1 
1.932751252e-14 
8.593102847e-17 
-8.189053726e-17 
0.05340914771 
-0.002105194028 
66.13704655 
3.760011619 
    1 
1.928960931e-14 
5.087111547e-17 
-4.850133519e-17 
0.05226917016 
-0.002040691399 
68.22752106 
3.842016534 
    1 
1.925446998e-14 
3.0108512e-17 
-2.871882783e-17 
0.051163959 
-0.001978747144 
70.36336901 
3.925009321 
    1 
1.92221255e-14 
1.781582727e-17 
-1.700101143e-17 
0.05009214165 
-0.001919237129 
72.54513437 
4.008992416 
    1 
1.919256971e-14 
1.053957745e-17 
-1.006189498e-17 
0.04905241177 
-0.001862044327 
74.77336248 
4.093968242 
    1 
1.916574409e-14 
6.233654072e-18 
-5.953654876e-18 
0.04804352559 
-0.001807058343 
77.04859999 
4.179939201 
    1 
1.914151229e-14 
3.68609249e-18 
-3.521990819e-18 
0.0470642983 
-0.001754174985 
79.37139488 
4.266907682 
    1 
1.911961734e-14 
2.179191935e-18 
-2.083028708e-18 
0.04611360079 
-0.001703295864 
81.74229642 
4.354876057 
    1 
1.90996082e-14 
1.288048186e-18 
-1.23170442e-18 
0.04519035655 
-0.001654328022 
84.16185519 
4.443846681 
    1 
1.908071188e-14 
7.611630779e-19 
-7.281546822e-19 
0.04429353879 
-0.001607183586 
86.63062306 
4.533821895 
    1 
1.906160724e-14 
4.4971135e-19 
-4.303763024e-19 
0.04342216773 
-0.00156177945 
89.14915319 
4.624804023 
    1 
1.904002065e-14 
2.656452252e-19 
-2.543210111e-19 
0.04257530803 
-0.001518036977 
91.71800001 
4.716795375 
    1 
1.901199753e-14 
1.568857933e-19 
-1.502543203e-19 
0.04175206645 
-0.001475881722 
94.33771921 
4.809798246 
    1 
1.897058494e-14 
9.263601689e-20 
-8.87532587e-20 
0.04095158961 
-0.001435243176 
97.00886775 
4.903814916 
    1 
1.89034449e-14 
5.468792983e-20 
-5.241511156e-20 
0.04017306187 
-0.001396054527 
99.73200382 
4.998847651 
    1 
1.881380708e-14 
3.227882338e-20 
-3.09490521e-20 
0.03941570338 
-0.001358252436 
102.5076869 
5.094898702 
    1 
1.872975268e-14 
1.904817797e-20 
-1.827112115e-20 
0.03867876819 
-0.00132177683 
105.3364776 
5.191970307 
    1 
1.864615894e-14 
1.123778548e-20 
-1.078530337e-20 
0.03796154258 
-0.001286570707 
108.2189379 
5.290064689 
    1 
1.856360894e-14 
6.627394486e-21 
-6.366681406e-21 
0.03726334335 
-0.001252579958 
111.1556309 
5.389184059 
    1 
1.848142191e-14 
3.905405774e-21 
-3.760085082e-21 
0.0365835163 
-0.001219753196 
114.1471209 
5.489330613 
    1 
1.839864747e-14 
2.296807493e-21 
-2.224606301e-21 
0.0359214348 
-0.001188041597 
117.1939735 
5.590506534 
    1 
1.831363969e-14 
1.343128717e-21 
-1.323622277e-21 
0.03527649838 
-0.00115739876 
120.2967554 
5.692713993 
    1 
1.82239085e-14 
7.721211328e-22 
-8.010071791e-22 
0.03464813148 
-0.001127780558 
123.4560345 
5.795955147 
    1 
1.812599622e-14 
4.202326312e-22 
-5.08548372e-22 
0.03403578219 
-0.001099145018 
126.67238 
5.90023214 
    1 
1.801541858e-14 
1.858539059e-22 
-3.640667866e-22 
