0.1330036309 
-0.0006028155417 
0.989716733 
-0.03361713869 
0.5325323519 
0.9047412532 
0.3518512827 
0.5896341469 
0.9143588309 
-0.2908213858 
0.968764445 
-0.03777385346 
0.9820238771 
0.7321171198 
0.6309820378 
0.4173465215 
0.7141724464 
-0.4037411749 
0.9512597263 
-0.02504971429 
1.349486577 
0.6175518906 
0.8111153019 
0.2442473249 
0.49931548 
-0.3605610907 
0.9408321567 
-0.01378603893 
1.673762236 
0.5698278127 
0.9099526605 
0.125277809 
0.3268410977 
-0.2647341664 
0.9350865774 
-0.007863522191 
1.982137597 
0.5546804802 
0.9587641157 
0.05950094986 
0.2063496706 
-0.176982547 
0.9315835959 
-0.005235175429 
2.285914682 
0.5509632724 
0.9814949815 
0.02715778026 
0.1277127196 
-0.1129823221 
0.9290697475 
-0.004050434914 
2.588788851 
0.5506958146 
0.9917719511 
0.0121617135 
0.07812711335 
-0.07041200092 
0.9270271723 
-0.003433610537 
2.891833242 
0.5513740914 
0.9963546118 
0.00540057209 
0.04743657234 
-0.04328519436 
0.9252521564 
-0.003045159592 
3.195325873 
0.5522664036 
0.9983862228 
0.002390650482 
0.02864999914 
-0.02638036159 
0.923658889 
-0.002760803892 
3.499315978 
0.5531669785 
0.9992851959 
0.001057658788 
0.01723380302 
-0.01598116794 
0.9222050002 
-0.002533570494 
3.803789992 
0.5540224363 
0.9996830051 
0.0004682448824 
0.01033291865 
-0.009637495283 
0.9208652378 
-0.002343580585 
4.108719472 
0.554823106 
0.9998592142 
0.0002075651042 
0.006178478788 
-0.005790875183 
0.9196221346 
-0.002180842365 
4.414074686 
0.5555713385 
0.9999373754 
9.215059904e-05 
0.003685748992 
-0.00346909309 
0.9184624665 
-0.002039373017 
4.719828156 
0.5562722387 
0.9999720998 
4.097670359e-05 
0.002194248862 
-0.002072875679 
0.9173757195 
-0.001915095673 
5.025955306 
0.556931024 
0.9999875514 
1.825004258e-05 
0.001303965998 
-0.001235846337 
0.9163533024 
-0.001805007402 
5.332434282 
0.5575523548 
0.9999944378 
8.140509867e-06 
0.000773664511 
-0.0007353729137 
0.9153880728 
-0.001706797323 
5.639245618 
0.5581402444 
0.9999975114 
3.63633168e-06 
0.0004583707832 
-0.0004368166214 
0.9144740186 
-0.001618640434 
5.946371888 
0.5586981215 
0.9999988852 
1.626518898e-06 
0.0002712189257 
-0.0002590713395 
0.9136060281 
-0.001539070352 
6.253797416 
0.5592289221 
0.9999995001 
7.284463899e-07 
0.0001602928578 
-0.0001534391272 
0.9127797179 
-0.001466893419 
6.56150802 
0.5597351733 
0.9999997756 
3.266174277e-07 
9.463346209e-05 
-9.076268699e-05 
0.9119913004 
-0.001401127503 
6.869490814 
0.5602190648 
0.9999998991 
1.466044087e-07 
5.581502349e-05 
-5.362693506e-05 
0.9112374806 
-0.001340956953 
7.177734039 
0.560682505 
0.9999999546 
6.586973321e-08 
3.289030689e-05 
-3.165238002e-05 
0.9105153746 
-0.001285698715 
7.486226915 
0.5611271677 
0.9999999796 
2.962265788e-08 
1.93653655e-05 
-1.866445989e-05 
0.9098224434 
-0.001234776431 
7.79495953 
0.5615545286 
0.9999999908 
1.333313119e-08 
1.139335156e-05 
-1.099622119e-05 
0.9091564405 
-0.001187700404 
8.103922734 
0.5619658955 
0.9999999959 
6.005976759e-09 
6.698374772e-06 
-6.473213813e-06 
0.9085153687 
-0.001144051905 
8.413108057 
0.5623624331 
0.9999999981 
2.707411656e-09 
3.935510798e-06 
-3.807773025e-06 
0.9078974443 
-0.001103470779 
8.722507636 
0.5627451828 
0.9999999992 
1.221299277e-09 
2.310818737e-06 
-2.238309432e-06 
0.9073010679 
-0.001065645556 
9.032114148 
0.5631150798 
0.9999999996 
5.512731922e-10 
1.35606728e-06 
-1.314885986e-06 
0.9067248001 
-0.001030305496 
9.34192076 
0.5634729669 
0.9999999998 
2.48983534e-10 
7.953586235e-07 
-7.719582216e-07 
0.9061673404 
-0.0009972141524 
9.65192108 
0.5638196065 
0.9999999999 
1.125165902e-10 
4.66257153e-07 
-4.529541297e-07 
0.9056275104 
-0.0009661641112 
9.962109116 
0.5641556903 
    1 
5.087332712e-11 
2.732007257e-07 
-2.65634681e-07 
0.9051042386 
-0.0009369726701 
10.27247924 
0.564481848 
    1 
2.301335309e-11 
1.600088315e-07 
-1.55703884e-07 
0.9045965482 
-0.000909478269 
10.58302615 
0.5647986545 
    1 
1.041516088e-11 
9.367479477e-08 
-9.122439446e-08 
0.9041035459 
-0.0008835375197 
10.89374484 
0.5651066358 
    1 
4.715638754e-12 
5.481864157e-08 
-5.342334314e-08 
0.9036244132 
-0.000859022723 
11.20463061 
0.5654062748 
    1 
2.136049334e-12 
3.206784233e-08 
-3.127305768e-08 
0.9031583977 
-0.0008358197817 
11.51567899 
0.5656980155 
    1 
9.680576077e-13 
1.875234876e-08 
-1.829947598e-08 
0.9027048065 
-0.0008138264382 
11.82688574 
0.5659822675 
    1 
4.391496357e-13 
1.096210429e-08 
-1.070397338e-08 
0.902263 
-0.0007929507786 
12.13824686 
0.5662594091 
    1 
1.997698865e-13 
6.406071719e-09 
-6.258896697e-09 
0.9018323868 
-0.0007731099585 
12.44975853 
0.5665297906 
    1 
9.193507358e-14 
3.742450192e-09 
-3.65851343e-09 
0.9014124186 
-0.0007542291117 
12.76141712 
0.5667937369 
    1 
4.436445421e-14 
2.185711852e-09 
-2.137828067e-09 
0.9010025864 
-0.0007362404139 
13.07321918 
0.5670515501 
    1 
2.577562963e-14 
1.276169259e-09 
-1.248845687e-09 
0.9006024166 
-0.0007190822735 
13.38516141 
0.5673035113 
    1 
2.468558927e-14 
7.449165057e-10 
-7.293211913e-10 
0.9002114683 
-0.0007026986333 
13.69724067 
0.5675498827 
    1 
2.438559585e-14 
4.347063231e-10 
-4.258029674e-10 
0.8998293296 
-0.0006870383622 
14.00945395 
0.5677909093 
    1 
2.416450311e-14 
2.536168621e-10 
-2.485327886e-10 
0.8994556158 
-0.000672054727 
14.32179838 
0.5680268201 
    1 
2.395353082e-14 
1.479307862e-10 
-1.450270025e-10 
0.8990899667 
-0.0006577049291 
14.6342712 
0.5682578298 
    1 
2.373789418e-14 
8.626635901e-11 
-8.460750883e-11 
0.8987320445 
-0.0006439496999 
14.94686976 
0.5684841398 
    1 
2.354101591e-14 
5.02956899e-11 
-4.934784588e-11 
0.8983815325 
-0.0006307529442 
15.25959155 
0.5687059393 
    1 
2.335530025e-14 
2.931771857e-11 
-2.877602965e-11 
0.8980381326 
-0.0006180814264 
15.57243413 
0.5689234061 
    1 
2.317915967e-14 
1.708610854e-11 
-1.677647845e-11 
0.8977015646 
-0.000605904493 
15.88539516 
0.569136708 
    1 
2.301395527e-14 
9.955728055e-12 
-9.77871168e-12 
0.8973715644 
-0.0005941938269 
16.19847239 
0.5693460029 
    1 
2.286149036e-14 
5.799931552e-12 
-5.698713512e-12 
0.8970478826 
-0.0005829232289 
16.51166367 
0.5695514399 
    1 
2.272261631e-14 
3.378279851e-12 
-3.320393807e-12 
0.8967302842 
-0.000572068424 
16.8249669 
0.5697531602 
    1 
2.259703698e-14 
1.967406328e-12 
-1.934296363e-12 
0.8964185467 
-0.0005616068875 
17.13838009 
0.5699512969 
    1 
2.248385546e-14 
1.145567855e-12 
-1.126626544e-12 
0.8961124596 
-0.0005515176906 
17.4519013 
0.5701459764 
    1 
2.238211629e-14 
6.669271187e-13 
-6.56089709e-13 
0.8958118236 
-0.0005417813615 
17.76552865 
0.5703373184 
    1 
2.229094462e-14 
3.882121313e-13 
-3.820105434e-13 
0.8955164496 
-0.0005323797608 
18.07926035 
0.5705254364 
    1 
2.220944737e-14 
2.259411e-13 
-2.223918206e-13 
0.8952261583 
-0.0005232959697 
18.39309465 
0.5707104384 
    1 
2.213663737e-14 
1.314797647e-13 
-1.29448178e-13 
0.8949407792 
-0.000514514189 
18.70702986 
0.5708924268 
    1 
2.207149573e-14 
7.650012945e-14 
-7.53371111e-14 
0.8946601503 
-0.0005060196482 
19.02106437 
0.5710714991 
    1 
2.201318279e-14 
4.450480734e-14 
-4.383893346e-14 
0.8943841176 
-0.0004977985231 
19.33519657 
0.5712477483 
    1 
2.19612873e-14 
2.588779283e-14 
-2.550650767e-14 
0.8941125341 
-0.0004898378613 
19.64942496 
0.5714212627 
    1 
2.191585689e-14 
1.50566454e-14 
-1.483829262e-14 
0.8938452602 
-0.0004821255145 
19.96374805 
0.5715921268 
    1 
2.187703405e-14 
8.756049204e-15 
-8.630989655e-15 
0.8935821623 
-0.0004746500773 
20.2781644 
0.5717604209 
    1 
2.184462866e-14 
5.09139201e-15 
-5.019757408e-15 
0.8933231131 
-0.0004674008312 
20.59267262 
0.5719262222 
    1 
2.181814088e-14 
2.960157235e-15 
-2.919120266e-15 
0.8930679911 
-0.0004603676938 
20.90727136 
0.5720896039 
    1 
2.1797111e-14 
1.720855424e-15 
-1.697344334e-15 
0.89281668 
-0.0004535411721 
21.22195931 
0.5722506363 
    1 
2.178134137e-14 
1.000291894e-15 
-9.868204532e-16 
0.8925690686 
-0.0004469123203 
21.5367352 
0.5724093868 
    1 
2.177091569e-14 
5.813841828e-16 
-5.736645284e-16 
0.8923250507 
-0.0004404727011 
21.85159778 
0.5725659196 
    1 
2.176615472e-14 
3.378742197e-16 
-3.334501392e-16 
0.8920845243 
-0.0004342143498 
22.16654586 
0.5727202965 
    1 
2.176757923e-14 
1.963376144e-16 
-1.938019697e-16 
0.8918473917 
-0.0004281297418 
22.48157827 
0.5728725766 
    1 
2.177590067e-14 
1.140800633e-16 
-1.126266375e-16 
0.8916135596 
-0.0004222117626 
22.79669387 
0.5730228166 
    1 
2.179205482e-14 
6.627884314e-17 
-6.544566967e-17 
0.8913829379 
-0.0004164536806 
23.11189154 
0.5731710711 
    1 
2.181732271e-14 
3.850348981e-17 
-3.802583403e-17 
0.8911554407 
-0.0004108491212 
23.42717023 
0.5733173921 
    1 
2.185363873e-14 
2.236589708e-17 
-2.209203574e-17 
0.8909309851 
-0.0004053920437 
23.74252886 
0.5734618302 
    1 
2.190425992e-14 
1.299076144e-17 
-1.283373182e-17 
0.8907094916 
-0.00040007672 
24.05796643 
0.5736044334 
    1 
2.19750591e-14 
7.544768458e-18 
-7.454721985e-18 
0.8904908837 
-0.000394897714 
24.37348194 
0.5737452484 
    1 
2.207686926e-14 
4.381483467e-18 
-4.329843588e-18 
0.8902750879 
-0.0003898498639 
24.68907441 
0.5738843198 
    1 
2.220446462e-14 
2.544258801e-18 
-2.514642126e-18 
0.8900620335 
-0.0003849282649 
25.0047429 
0.5740216907 
    1 
2.2327337e-14 
1.477294574e-18 
-1.460307477e-18 
0.8898516523 
-0.0003801282532 
25.32048649 
0.5741574025 
    1 
2.244747298e-14 
8.57707997e-19 
-8.479640927e-19 
0.8896438786 
-0.0003754453918 
25.63630426 
0.5742914953 
    1 
2.256022792e-14 
4.979424547e-19 
-4.923529016e-19 
0.8894386491 
-0.0003708754565 
25.95219536 
0.5744240075 
    1 
2.266030263e-14 
2.890593119e-19 
-2.858526688e-19 
0.889235903 
-0.0003664144235 
26.2681589 
0.5745549764 
    1 
2.273802521e-14 
1.677890554e-19 
-1.659493311e-19 
0.8890355813 
-0.0003620584576 
26.58419406 
0.5746844378 
    1 
2.279909483e-14 
9.738899104e-20 
-9.633343274e-20 
0.8888376274 
-0.0003578039015 
26.90030002 
0.5748124264 
    1 
2.287025906e-14 
5.652315074e-20 
-5.591747978e-20 
0.8886419862 
-0.0003536472653 
27.21647597 
0.5749389756 
    1 
2.294154888e-14 
3.280301494e-20 
-3.24554703e-20 
0.8884486051 
-0.0003495852172 
27.53272114 
0.5750641178 
    1 
2.301308562e-14 
1.903586578e-20 
-1.883643706e-20 
0.8882574327 
-0.0003456145747 
27.84903475 
0.5751878841 
    1 
2.308522641e-14 
1.10459575e-20 
-1.093153262e-20 
0.8880684198 
-0.0003417322961 
28.16541606 
0.5753103048 
    1 
2.315513555e-14 
6.409229961e-21 
-6.343605547e-21 
0.8878815184 
-0.0003379354731 
28.48186434 
0.5754314091 
    1 
2.322095333e-14 
3.718591984e-21 
-3.681009366e-21 
0.8876966824 
-0.0003342213235 
28.79837886 
0.5755512253 
    1 
2.328149284e-14 
2.1573246e-21 
-2.135897995e-21 
0.8875138669 
-0.0003305871844 
29.11495894 
0.5756697808 
    1 
2.33345089e-14 
1.251404987e-21 
-1.239359545e-21 
0.8873330289 
-0.0003270305056 
29.43160388 
0.5757871021 
    1 
2.337621753e-14 
7.257179019e-22 
-7.192458826e-22 
0.8871541262 
-0.0003235488444 
29.74831302 
0.5759032148 
    1 
2.340163566e-14 
4.205816077e-22 
-4.176377265e-22 
0.8869771183 
-0.0003201398593 
30.06508568 
0.5760181438 
    1 
2.340456148e-14 
2.432855944e-22 
-2.429400956e-22 
0.8868019658 
-0.0003168013051 
30.38192124 
0.5761319133 
    1 
2.337706599e-14 
1.399460948e-22 
-1.420907275e-22 
0.8866286307 
-0.0003135310281 
30.69881906 
0.5762445466 
    1 
2.33083536e-14 
7.91433688e-23 
-8.445715804e-23 
0.8864570758 
-0.0003103269613 
31.01577851 
0.5763560664 
    1 
2.318277691e-14 
4.237642581e-23 
-5.254031734e-23 
0.8862872654 
-0.0003071871204 
31.332799 
0.5764664948 
    1 
2.300257826e-14 
1.843787307e-23 
-3.666599552e-23 
