0.4254676065 
-0.000616585248 
1.00000603 
1.814918184e-06 
0.5509872263 
0.99999397 
0.4038426959 
0.6501876152 
0.9129012434 
-0.2941678108 
1.000006722 
9.082839477e-07 
1.100973698 
0.9999932778 
0.6937549947 
0.4022146427 
0.7124919003 
-0.400709337 
1.000007127 
6.057062607e-07 
1.650959882 
0.9999928726 
0.8567481068 
0.2055820417 
0.5003566627 
-0.3549457114 
1.000007415 
4.543486262e-07 
2.200945879 
0.9999925851 
0.9360556665 
0.09527392452 
0.3303517184 
-0.2617592941 
1.000007638 
3.635120141e-07 
2.750931737 
0.999992362 
0.9720069136 
0.04227240048 
0.2106481071 
-0.1768857834 
1.00000782 
3.029450876e-07 
3.300917485 
0.9999921798 
0.9878200339 
0.01844449727 
0.1316091012 
-0.1143028771 
1.000007974 
2.596784962e-07 
3.85090314 
0.9999920257 
0.9947014628 
0.008010432008 
0.08117639569 
-0.07204260027 
1.000008108 
2.272260902e-07 
4.400888717 
0.9999918922 
0.9976899289 
0.003480681776 
0.04963079273 
-0.04471761608 
1.000008226 
2.019838701e-07 
4.950874225 
0.9999917744 
0.9989897748 
0.001516276813 
0.03014832665 
-0.02747303754 
1.000008331 
1.817891741e-07 
5.500859671 
0.9999916691 
0.9995567956 
0.0006626602782 
0.0182219152 
-0.01675339303 
1.000008426 
1.652656325e-07 
6.050845063 
0.9999915738 
0.9998049569 
0.0002905622245 
0.01096890098 
-0.01015824976 
1.000008513 
1.514955961e-07 
6.600830404 
0.9999914868 
0.9999139205 
0.0001278073986 
0.00658064943 
-0.006131284065 
1.000008593 
1.398437295e-07 
7.150815699 
0.9999914068 
0.9999619109 
5.638144611e-05 
0.003936712854 
-0.003686802513 
1.000008667 
1.298561984e-07 
7.700800953 
0.9999913327 
0.9999831062 
2.493823018e-05 
0.002349258336 
-0.002209901153 
1.000008736 
1.212001761e-07 
8.250786166 
0.9999912637 
0.9999924911 
1.10569069e-05 
0.001398934866 
-0.001321049809 
1.000008801 
1.136260332e-07 
8.800771344 
0.9999911991 
0.9999966561 
4.912902993e-06 
0.0008314686123 
-0.0007878547336 
1.000008862 
1.069428701e-07 
9.350756486 
0.9999911385 
0.9999985083 
2.187193282e-06 
0.0004933651306 
-0.0004689005814 
1.000008919 
1.010022054e-07 
9.900741597 
0.9999910814 
0.9999993335 
9.754353978e-07 
0.0002923094288 
-0.0002785655868 
1.000008973 
9.568681369e-08 
10.45072668 
0.9999910273 
0.9999997018 
4.357120001e-07 
0.0001729556088 
-0.0001652240233 
1.000009024 
9.090291258e-08 
11.00071173 
0.999990976 
0.9999998664 
1.94906324e-07 
0.0001022115709 
-9.785684917e-05 
1.000009073 
8.657458143e-08 
11.55069675 
0.9999909272 
0.9999999401 
8.730135519e-08 
6.033751665e-05 
-5.78820495e-05 
1.000009119 
8.263970223e-08 
12.10068175 
0.9999908807 
0.9999999731 
3.91502496e-08 
3.558268691e-05 
-3.419673882e-05 
1.000009164 
7.904695923e-08 
12.65066672 
0.9999908363 
0.9999999879 
1.75760874e-08 
2.096479703e-05 
-2.018179719e-05 
1.000009206 
7.575358865e-08 
13.20065167 
0.9999907937 
0.9999999946 
7.898500243e-09 
1.234171266e-05 
-1.189897586e-05 
1.000009247 
7.272366844e-08 
13.75063659 
0.9999907529 
0.9999999975 
3.552768196e-09 
7.259747597e-06 
-7.009211672e-06 
1.000009286 
6.99268026e-08 
14.3006215 
0.9999907137 
0.9999999989 
1.59940255e-09 
4.267310248e-06 
-4.12543413e-06 
1.000009324 
6.733709796e-08 
14.85060638 
0.9999906759 
0.9999999995 
7.205923278e-10 
2.506663714e-06 
-2.426266551e-06 
1.00000936 
6.493236012e-08 
15.40059124 
0.9999906396 
0.9999999998 
3.248907214e-10 
1.471523795e-06 
-1.425936491e-06 
1.000009396 
6.269345579e-08 
15.95057608 
0.9999906045 
0.9999999999 
1.465811082e-10 
8.633482818e-07 
-8.374839917e-07 
1.000009429 
6.060380263e-08 
16.50056091 
0.9999905706 
    1 
6.617499507e-11 
5.062542572e-07 
-4.915719552e-07 
1.000009462 
5.864895783e-08 
17.05054571 
0.9999905378 
    1 
2.989274105e-11 
2.967085862e-07 
-2.883696675e-07 
1.000009494 
5.681628384e-08 
17.6005305 
0.9999905061 
    1 
1.351092768e-11 
1.738136161e-07 
-1.690751942e-07 
1.000009525 
5.509467482e-08 
18.15051527 
0.9999904753 
    1 
6.110015781e-12 
1.017752134e-07 
-9.908148512e-08 
1.000009555 
5.347433145e-08 
18.70050002 
0.9999904454 
    1 
2.764511271e-12 
5.956841226e-08 
-5.803641291e-08 
1.000009584 
5.194657428e-08 
19.25048476 
0.9999904165 
    1 
1.251534951e-12 
3.485106816e-08 
-3.397942687e-08 
1.000009612 
5.050368818e-08 
19.80046948 
0.9999903883 
    1 
5.670489982e-13 
2.038222908e-08 
-1.98861146e-08 
1.000009639 
4.913879205e-08 
20.35045419 
0.9999903609 
    1 
2.574245041e-13 
1.191602703e-08 
-1.163355062e-08 
1.000009666 
4.784572909e-08 
20.90043888 
0.9999903342 
    1 
1.178728024e-13 
6.96407637e-09 
-6.803185808e-09 
1.000009692 
4.661897393e-08 
21.45042355 
0.9999903082 
    1 
5.631450408e-14 
4.068695948e-09 
-3.97702756e-09 
1.000009717 
4.545355371e-08 
22.00040822 
0.9999902829 
    1 
3.050594676e-14 
2.376366878e-09 
-2.324122163e-09 
1.000009742 
4.43449807e-08 
22.55039287 
0.9999902582 
    1 
2.647958099e-14 
1.387537311e-09 
-1.357752664e-09 
1.000009766 
4.328919458e-08 
23.1003775 
0.9999902341 
    1 
2.625342351e-14 
8.099434752e-10 
-7.929585388e-10 
1.000009789 
4.228251268e-08 
23.65036212 
0.9999902106 
    1 
2.610986532e-14 
4.726603176e-10 
-4.629719365e-10 
1.000009812 
4.132158714e-08 
24.20034673 
0.9999901876 
    1 
2.59680683e-14 
2.757611763e-10 
-2.702334167e-10 
1.000009835 
4.040336766e-08 
24.75033133 
0.9999901652 
    1 
2.585093497e-14 
1.608464477e-10 
-1.576917852e-10 
1.000009857 
3.952506917e-08 
25.30031592 
0.9999901432 
    1 
2.576632842e-14 
9.379694788e-11 
-9.199617924e-11 
1.000009878 
3.868414361e-08 
25.85030049 
0.9999901217 
    1 
2.57127242e-14 
5.468510508e-11 
-5.365694679e-11 
1.000009899 
3.787825528e-08 
26.40028505 
0.9999901006 
    1 
2.568262452e-14 
3.187546105e-11 
-3.128830289e-11 
1.00000992 
3.710525911e-08 
26.9502696 
0.99999008 
    1 
2.56658124e-14 
1.857610723e-11 
-1.824072539e-11 
1.00000994 
3.636318164e-08 
27.50025414 
0.9999900598 
    1 
2.565309919e-14 
1.082348858e-11 
-1.063188228e-11 
1.00000996 
3.565020421e-08 
28.05023867 
0.99999004 
    1 
2.563719548e-14 
6.305179331e-12 
-6.195692345e-12 
1.00000998 
3.496464801e-08 
28.60022318 
0.9999900206 
    1 
2.561332264e-14 
3.67238638e-12 
-3.609812285e-12 
1.000009999 
3.430496095e-08 
29.15020769 
0.9999900015 
    1 
2.55795588e-14 
2.138567598e-12 
-2.102798906e-12 
1.000010017 
3.366970592e-08 
29.70019218 
0.9999899828 
    1 
2.553527964e-14 
1.245156873e-12 
-1.224707257e-12 
1.000010036 
3.305755029e-08 
30.25017667 
0.9999899645 
    1 
2.547874061e-14 
7.248602176e-13 
-7.131668871e-13 
1.000010054 
3.246725664e-08 
30.80016114 
0.9999899465 
    1 
2.540553409e-14 
4.219063503e-13 
-4.152189124e-13 
1.000010071 
3.189767438e-08 
31.35014561 
0.9999899288 
    1 
2.530669814e-14 
2.455341063e-13 
-2.417089656e-13 
1.000010089 
3.134773226e-08 
31.90013007 
0.9999899114 
    1 
2.518951733e-14 
1.428709079e-13 
-1.406826479e-13 
1.000010106 
3.081643167e-08 
32.45011451 
0.9999898943 
    1 
2.508566177e-14 
8.312164444e-14 
-8.186962196e-14 
1.000010123 
3.030284054e-08 
33.00009895 
0.9999898775 
    1 
2.499224183e-14 
4.835315543e-14 
-4.763670684e-14 
1.000010139 
2.980608797e-08 
33.55008338 
0.999989861 
    1 
2.490974162e-14 
2.8124047e-14 
-2.771401695e-14 
1.000010155 
2.932535919e-08 
34.1000678 
0.9999898447 
    1 
2.483597927e-14 
1.635591884e-14 
-1.612122469e-14 
1.000010171 
2.885989119e-08 
34.65005221 
0.9999898287 
    1 
2.476896986e-14 
9.510820081e-15 
-9.376468437e-15 
1.000010187 
2.840896865e-08 
35.20003661 
0.999989813 
    1 
2.470736578e-14 
5.529788768e-15 
-5.452869312e-15 
1.000010203 
2.797192025e-08 
35.750021 
0.9999897974 
    1 
2.465030853e-14 
3.214757868e-15 
-3.170714521e-15 
1.000010218 
2.754811537e-08 
36.30000539 
0.9999897822 
    1 
2.459728579e-14 
1.868696041e-15 
-1.843474373e-15 
1.000010233 
2.713696104e-08 
36.84998976 
0.9999897671 
    1 
2.454813557e-14 
1.086128448e-15 
-1.071683526e-15 
1.000010248 
2.673789915e-08 
37.39997413 
0.9999897523 
    1 
2.450314961e-14 
6.312148816e-16 
-6.229411183e-16 
1.000010262 
2.635040396e-08 
37.94995849 
0.9999897377 
    1 
2.446311461e-14 
3.667989787e-16 
-3.620594388e-16 
1.000010277 
2.597397977e-08 
38.49994284 
0.9999897233 
    1 
2.442915564e-14 
2.131253597e-16 
-2.104100887e-16 
1.000010291 
2.56081588e-08 
39.04992719 
0.9999897092 
    1 
2.440254757e-14 
1.238224764e-16 
-1.222667512e-16 
1.000010305 
2.525249926e-08 
39.59991152 
0.9999896952 
    1 
2.438484208e-14 
7.193203671e-17 
-7.104059269e-17 
1.000010319 
2.490658357e-08 
40.14989585 
0.9999896814 
    1 
2.437835283e-14 
4.178350507e-17 
-4.127265241e-17 
1.000010332 
2.457001672e-08 
40.69988017 
0.9999896678 
    1 
2.438687667e-14 
2.426878857e-17 
-2.397601183e-17 
1.000010346 
2.424242477e-08 
41.24986449 
0.9999896544 
    1 
2.441687022e-14 
1.409461059e-17 
-1.39268014e-17 
1.000010359 
2.392345344e-08 
41.79984879 
0.9999896411 
    1 
2.447973577e-14 
8.185040157e-18 
-8.088849661e-18 
1.000010372 
2.361276689e-08 
42.34983309 
0.999989628 
    1 
2.457109325e-14 
4.752829709e-18 
-4.697687404e-18 
1.000010385 
2.331004646e-08 
42.89981738 
0.9999896151 
    1 
2.466237636e-14 
2.759613882e-18 
-2.728000347e-18 
1.000010398 
2.301498967e-08 
43.44980167 
0.9999896024 
    1 
2.475982199e-14 
1.602174817e-18 
-1.584049079e-18 
1.00001041 
2.272730912e-08 
43.99978595 
0.9999895898 
    1 
2.486631882e-14 
9.301175698e-19 
-9.197243048e-19 
1.000010423 
2.244673163e-08 
44.54977022 
0.9999895774 
    1 
2.498726449e-14 
5.399244362e-19 
-5.339645072e-19 
1.000010435 
2.217299735e-08 
45.09975448 
0.9999895651 
    1 
2.512738141e-14 
3.133979122e-19 
-3.099799904e-19 
1.000010447 
2.190585892e-08 
45.64973874 
0.999989553 
    1 
2.528970795e-14 
1.818980141e-19 
-1.799377519e-19 
1.000010459 
2.164508079e-08 
46.19972299 
0.999989541 
    1 
2.547486712e-14 
1.055672706e-19 
-1.044429352e-19 
1.000010471 
2.139043848e-08 
46.74970724 
0.9999895292 
    1 
2.568071696e-14 
6.126335941e-20 
-6.061844083e-20 
1.000010483 
2.114171795e-08 
47.29969147 
0.9999895175 
    1 
2.590343122e-14 
3.555029116e-20 
-3.518034774e-20 
1.000010494 
2.089871502e-08 
47.84967571 
0.9999895059 
    1 
2.613905169e-14 
2.062799128e-20 
-2.041577891e-20 
1.000010506 
2.066123477e-08 
48.39965993 
0.9999894945 
    1 
2.638361451e-14 
1.196857764e-20 
-1.184685748e-20 
1.000010517 
2.042909104e-08 
48.94964415 
0.9999894832 
    1 
2.663246071e-14 
6.943842676e-21 
-6.874057279e-21 
1.000010528 
2.020210595e-08 
49.49962836 
0.999989472 
    1 
2.687979175e-14 
4.028351697e-21 
-3.988400227e-21 
1.000010539 
1.998010944e-08 
50.04961257 
0.999989461 
    1 
2.711849372e-14 
2.33678727e-21 
-2.314020102e-21 
1.00001055 
1.976293884e-08 
50.59959677 
0.9999894501 
    1 
2.734022806e-14 
1.355365428e-21 
-1.342575522e-21 
1.000010561 
1.955043849e-08 
51.14958096 
0.9999894393 
    1 
2.753569053e-14 
7.859252049e-22 
-7.790647462e-22 
1.000010572 
1.934245933e-08 
51.69956515 
0.9999894286 
    1 
2.76946958e-14 
4.554267551e-22 
-4.523249698e-22 
1.000010582 
1.91388586e-08 
52.24954934 
0.999989418 
    1 
2.780501809e-14 
2.63414435e-22 
-2.630900568e-22 
1.000010593 
1.893949946e-08 
52.79953351 
0.9999894075 
    1 
2.78487195e-14 
1.515091638e-22 
-1.538595712e-22 
1.000010603 
1.874425074e-08 
53.34951768 
0.9999893971 
    1 
2.782267008e-14 
8.567371666e-23 
-9.144211722e-23 
1.000010613 
1.855298662e-08 
53.89950185 
0.9999893869 
    1 
2.774497642e-14 
4.586826879e-23 
-5.687832531e-23 
1.000010623 
1.836558634e-08 
54.44948601 
0.9999893767 
    1 
2.758749185e-14 
1.995509267e-23 
-3.968694538e-23 
