0.2442484047 
-0.000610389149 
0.9939859239 
-0.01937286418 
0.5387172189 
0.9369574657 
0.3720985513 
0.6148101283 
0.9135150526 
-0.292930872 
0.9823397735 
-0.020133486 
1.023117726 
0.8269818233 
0.656737228 
0.4137424522 
0.7129006802 
-0.4028282444 
0.9734576211 
-0.01193021925 
1.456513995 
0.7577082003 
0.8308287204 
0.2291789794 
0.4991652741 
-0.3579784891 
0.9687958113 
-0.005647666462 
1.864271165 
0.7299257354 
0.9216730597 
0.1124861562 
0.3279075404 
-0.2631238002 
0.9666289984 
-0.002659923651 
2.262809501 
0.7211008681 
0.9648697067 
0.05179874687 
0.2079219677 
-0.1766808953 
0.9655460474 
-0.00146439569 
2.658597677 
0.7187003316 
0.9844646418 
0.02314864081 
0.1292269276 
-0.1133894182 
0.9648891197 
-0.0009936858159 
3.053701464 
0.7182236286 
0.993165276 
0.01021519343 
0.07934496674 
-0.07102135245 
0.9644062584 
-0.0007870134998 
3.448723818 
0.7182900075 
0.996995822 
0.004488357095 
0.04832516843 
-0.04384935321 
0.9640064036 
-0.0006764083382 
3.843830487 
0.7184973687 
0.9986781842 
0.001971133179 
0.02926117378 
-0.02682047546 
0.9636554234 
-0.000603982806 
4.239060866 
0.7187305732 
0.9994173465 
0.0008667201351 
0.01763827395 
-0.01629564224 
0.9633388065 
-0.0005495285464 
4.634418505 
0.7189577009 
0.9997426234 
0.0003818453122 
0.01059357926 
-0.009850716725 
0.9630490816 
-0.0005054070154 
5.029897398 
0.7191710553 
0.9998860631 
0.0001685958331 
0.006343282769 
-0.00593058204 
0.9627815969 
-0.0004682703725 
5.425489614 
0.719369902 
0.9999494566 
7.460443129e-05 
0.003788474916 
-0.003558486122 
0.9625330409 
-0.0004363501694 
5.821187445 
0.7195553522 
0.9999775346 
3.308287832e-05 
0.002257585062 
-0.002129099105 
0.9623008684 
-0.0004085424898 
6.216983921 
0.7197288548 
0.9999899965 
1.469961088e-05 
0.001342682584 
-0.001270753438 
0.962083041 
-0.0003840757233 
6.612872852 
0.7198917762 
0.9999955381 
6.543477899e-06 
0.0007971689577 
-0.00075682966 
0.9618778866 
-0.0003623739921 
7.008848756 
0.7200453072 
0.9999980068 
2.917748121e-06 
0.0004725599729 
-0.0004499014923 
0.9616840123 
-0.0003429912231 
7.404906755 
0.7201904638 
0.9999991084 
1.303053607e-06 
0.0002797447336 
-0.0002669998198 
0.9615002433 
-0.0003255739049 
7.801042486 
0.7203281107 
0.9999996006 
5.827675202e-07 
0.0001653956328 
-0.0001582179391 
0.9613255797 
-0.0003098373864 
8.197252029 
0.720458987 
0.9999998209 
2.609726498e-07 
9.767732271e-05 
-9.363041818e-05 
0.961159163 
-0.0002955496008 
8.593531839 
0.7205837283 
0.9999999196 
1.170076058e-07 
5.762550676e-05 
-5.534145103e-05 
0.9610002507 
-0.0002825193654 
8.989878695 
0.7207028849 
0.9999999639 
5.251822851e-08 
3.396449738e-05 
-3.267417635e-05 
0.9608481961 
-0.0002705877284 
9.386289663 
0.7208169364 
0.9999999837 
2.359633864e-08 
2.000131294e-05 
-1.927175011e-05 
0.9607024327 
-0.0002596214418 
9.782762051 
0.720926303 
0.9999999927 
1.061165995e-08 
1.17691261e-05 
-1.135629538e-05 
0.9605624614 
-0.0002495079658 
10.17929339 
0.7210313549 
0.9999999967 
4.776340075e-09 
6.920038439e-06 
-6.68626261e-06 
0.9604278402 
-0.000240151595 
10.57588139 
0.7211324204 
0.9999999985 
2.151555705e-09 
4.06606863e-06 
-3.933597181e-06 
0.9602981758 
-0.0002314704252 
10.97252395 
0.7212297915 
0.9999999993 
9.699076425e-10 
2.387611625e-06 
-2.312497901e-06 
0.9601731166 
-0.0002233939517 
11.36921911 
0.7213237291 
0.9999999997 
4.375280691e-10 
1.401180879e-06 
-1.358564947e-06 
0.9600523473 
-0.0002158611534 
11.76596504 
0.7214144677 
0.9999999999 
1.974962144e-10 
8.218322307e-07 
-7.97640686e-07 
0.9599355837 
-0.0002088189502 
12.16276004 
0.7215022183 
0.9999999999 
8.920075584e-11 
4.817768092e-07 
-4.680370564e-07 
0.9598225692 
-0.0002022209522 
12.55960254 
0.7215871717 
    1 
4.031044651e-11 
2.822904984e-07 
-2.744831389e-07 
0.9597130708 
-0.000196026438 
12.95649102 
0.7216695012 
    1 
1.82257418e-11 
1.653281968e-07 
-1.608897929e-07 
0.9596068767 
-0.0001901995147 
13.3534241 
0.7217493641 
    1 
8.244318537e-12 
9.678531092e-08 
-9.426104324e-08 
0.9595037936 
-0.000184708423 
13.75040046 
0.7218269044 
    1 
3.73096782e-12 
5.663623826e-08 
-5.520002329e-08 
0.9594036447 
-0.0001795249586 
14.14741886 
0.7219022534 
    1 
1.689224335e-12 
3.312924133e-08 
-3.231177602e-08 
0.9593062679 
-0.0001746239888 
14.54447812 
0.7219755319 
    1 
7.652005573e-13 
1.937178567e-08 
-1.890633227e-08 
0.9592115142 
-0.0001699830453 
14.94157714 
0.7220468508 
    1 
3.468509426e-13 
1.132340742e-08 
-1.105829387e-08 
0.959119246 
-0.0001655819803 
15.33871488 
0.7221163124 
    1 
1.575168547e-13 
6.616701454e-09 
-6.465648605e-09 
0.9590293367 
-0.0001614026745 
15.73589032 
0.722184011 
    1 
7.197799913e-14 
3.865181794e-09 
-3.779090299e-09 
0.9589416687 
-0.0001574287883 
16.13310254 
0.7222500343 
    1 
3.371515689e-14 
2.257193715e-09 
-2.208112036e-09 
0.9588561332 
-0.0001536455483 
16.53035062 
0.7223144631 
    1 
2.123941555e-14 
1.317784341e-09 
-1.289794501e-09 
0.9587726291 
-0.0001500395641 
16.92763372 
0.7223773729 
    1 
2.134779084e-14 
7.691341915e-10 
-7.531681354e-10 
0.9586910624 
-0.0001465986704 
17.32495102 
0.7224388337 
    1 
2.176464362e-14 
4.487944118e-10 
-4.396846738e-10 
0.9586113453 
-0.00014331179 
17.72230174 
0.722498911 
    1 
2.21616359e-14 
2.618094051e-10 
-2.566103998e-10 
0.9585333959 
-0.0001401688145 
18.11968513 
0.7225576657 
    1 
2.247414603e-14 
1.52693357e-10 
-1.497255464e-10 
0.9584571377 
-0.0001371605012 
18.51710049 
0.7226151549 
    1 
2.26656267e-14 
8.903411872e-11 
-8.733958815e-11 
0.958382499 
-0.000134278382 
18.91454713 
0.7226714321 
    1 
2.277620132e-14 
5.190369357e-11 
-5.093595978e-11 
0.9583094125 
-0.0001315146839 
19.3120244 
0.7227265474 
    1 
2.284374393e-14 
3.025167007e-11 
-2.969889058e-11 
0.9582378151 
-0.0001288622595 
19.70953167 
0.722780548 
    1 
2.287097756e-14 
1.762841734e-11 
-1.731260151e-11 
0.9581676474 
-0.0001263145248 
20.10706835 
0.722833478 
    1 
2.28616486e-14 
1.027054634e-11 
-1.009007905e-11 
0.9580988536 
-0.0001238654054 
20.50463385 
0.7228853792 
    1 
2.281704645e-14 
5.982644666e-12 
-5.879500987e-12 
0.9580313809 
-0.0001215092874 
20.90222762 
0.7229362909 
    1 
2.27332954e-14 
3.484298206e-12 
-3.425337425e-12 
0.9579651797 
-0.0001192409753 
21.29984914 
0.7229862502 
    1 
2.26243938e-14 
2.028909673e-12 
-1.995199766e-12 
0.957900203 
-0.0001170556531 
21.69749787 
0.7230352921 
    1 
2.252979746e-14 
1.181239831e-12 
-1.161963564e-12 
0.9578364064 
-0.0001149488509 
22.09517333 
0.7230834498 
    1 
2.244779114e-14 
6.876128327e-13 
-6.765883847e-13 
0.9577737479 
-0.0001129164137 
22.49287505 
0.7231307546 
    1 
2.237693925e-14 
4.002052637e-13 
-3.938992207e-13 
0.9577121877 
-0.0001109544748 
22.89060255 
0.7231772363 
    1 
2.231573374e-14 
2.32893218e-13 
-2.29285597e-13 
0.9576516879 
-0.0001090594308 
23.2883554 
0.7232229231 
    1 
2.226231765e-14 
1.355090445e-13 
-1.33444869e-13 
0.9575922128 
-0.0001072279197 
23.68613316 
0.7232678417 
    1 
2.221493567e-14 
7.883502079e-14 
-7.765379732e-14 
0.9575337283 
-0.000105456801 
24.08393542 
0.7233120177 
    1 
2.2172209e-14 
4.58576207e-14 
-4.518157621e-14 
0.9574762019 
-0.0001037431377 
24.48176178 
0.7233554752 
    1 
2.21332188e-14 
2.667148202e-14 
-2.62845146e-14 
0.9574196029 
-0.0001020841804 
24.87961185 
0.7233982373 
    1 
2.209750461e-14 
1.551057368e-14 
-1.528904615e-14 
0.9573639018 
-0.000100477352 
25.27748525 
0.7234403258 
    1 
2.206503115e-14 
9.018937068e-15 
-8.892103713e-15 
0.9573090707 
-9.892023502e-05 
25.67538162 
0.7234817618 
    1 
2.20361151e-14 
5.243620553e-15 
-5.170994884e-15 
0.9572550828 
-9.74105589e-05 
26.0733006 
0.7235225652 
    1 
2.201129043e-14 
3.04829583e-15 
-3.006705137e-15 
0.9572019127 
-9.594618937e-05 
26.47124186 
0.723562755 
    1 
2.199114643e-14 
1.771880392e-15 
-1.748059936e-15 
0.957149536 
-9.452511822e-05 
26.86920505 
0.7236023495 
    1 
2.197623412e-14 
1.029827639e-15 
-1.016183363e-15 
0.9570979294 
-9.314545418e-05 
27.26718987 
0.723641366 
    1 
2.196709884e-14 
5.984789644e-16 
-5.906627577e-16 
0.9570470706 
-9.18054145e-05 
27.66519598 
0.7236798213 
    1 
2.1964402e-14 
3.477672974e-16 
-3.432892831e-16 
0.9569969383 
-9.05033173e-05 
28.0632231 
0.7237177313 
    1 
2.196907555e-14 
2.020623206e-16 
-1.994965515e-16 
0.9569475121 
-8.923757452e-05 
28.46127091 
0.7237551112 
    1 
2.198251532e-14 
1.173923699e-16 
-1.1592212e-16 
0.9568987724 
-8.80066855e-05 
28.85933915 
0.7237919757 
    1 
2.200689508e-14 
6.819514925e-17 
-6.735258107e-17 
0.9568507004 
-8.680923101e-05 
29.25742752 
0.7238283389 
    1 
2.204576841e-14 
3.961204611e-17 
-3.912914496e-17 
0.9568032781 
-8.564386782e-05 
29.65553576 
0.7238642142 
    1 
2.210525801e-14 
2.300712216e-17 
-2.273033264e-17 
0.9567564882 
-8.450932368e-05 
30.05366359 
0.7238996146 
    1 
2.21963547e-14 
1.336163378e-17 
-1.320296982e-17 
0.9567103141 
-8.340439271e-05 
30.45181077 
0.7239345524 
    1 
2.231400124e-14 
7.759255386e-18 
-7.668296906e-18 
0.9566647398 
-8.232793111e-05 
30.84997704 
0.7239690398 
    1 
2.242813974e-14 
4.505517496e-18 
-4.453368801e-18 
0.95661975 
-8.12788532e-05 
31.24816215 
0.724003088 
    1 
2.254184223e-14 
2.615979688e-18 
-2.586079208e-18 
0.9565753299 
-8.02561278e-05 
31.64636588 
0.7240367083 
    1 
2.265276004e-14 
1.518762881e-18 
-1.501617527e-18 
0.9565314652 
-7.925877488e-05 
32.04458797 
0.7240699112 
    1 
2.276016434e-14 
8.816827346e-19 
-8.718506067e-19 
0.9564881423 
-7.828586234e-05 
32.44282822 
0.724102707 
    1 
2.286344123e-14 
5.118023296e-19 
-5.061636094e-19 
0.956445348 
-7.733650323e-05 
32.8410864 
0.7241351056 
    1 
2.296119409e-14 
2.970711763e-19 
-2.938371415e-19 
0.9564030696 
-7.640985295e-05 
33.23936228 
0.7241671165 
    1 
2.304939199e-14 
1.724200857e-19 
-1.705651065e-19 
0.9563612947 
-7.550510681e-05 
33.63765567 
0.7241987488 
    1 
2.311852556e-14 
1.000656452e-19 
-9.900159445e-20 
0.9563200116 
-7.462149767e-05 
34.03596636 
0.7242300116 
    1 
2.317355881e-14 
5.807010802e-20 
-5.745971137e-20 
0.9562792088 
-7.375829382e-05 
34.43429414 
0.7242609132 
    1 
2.324023742e-14 
3.369701304e-20 
-3.334684007e-20 
0.9562388753 
-7.29147969e-05 
34.83263881 
0.724291462 
    1 
2.330764514e-14 
1.955248166e-20 
-1.93515921e-20 
0.9561990005 
-7.209034005e-05 
35.23100019 
0.724321666 
    1 
2.337507808e-14 
1.134447672e-20 
-1.122924082e-20 
0.956159574 
-7.128428617e-05 
35.6293781 
0.7243515328 
    1 
2.344214196e-14 
6.581714514e-21 
-6.515640982e-21 
0.9561205859 
-7.049602625e-05 
36.02777233 
0.72438107 
    1 
2.350524749e-14 
3.818247195e-21 
-3.780417556e-21 
0.9560820266 
-6.972497786e-05 
36.42618273 
0.7244102846 
    1 
2.356171401e-14 
2.214897207e-21 
-2.193337512e-21 
0.9560438868 
-6.89705837e-05 
36.8246091 
0.7244391838 
    1 
2.360943068e-14 
1.284661677e-21 
-1.272549291e-21 
0.9560061574 
-6.823231027e-05 
37.22305128 
0.7244677743 
    1 
2.364514128e-14 
7.449236669e-22 
-7.384264234e-22 
0.9559688298 
-6.75096466e-05 
37.62150911 
0.7244960625 
    1 
2.366404446e-14 
4.316656585e-22 
-4.287284024e-22 
0.9559318954 
-6.680210309e-05 
38.01998241 
0.7245240549 
    1 
2.366018725e-14 
2.496704451e-22 
-2.493643461e-22 
0.9558953461 
-6.61092104e-05 
38.41847102 
0.7245517576 
    1 
2.362616864e-14 
1.436035793e-22 
-1.458320124e-22 
0.955859174 
-6.543051841e-05 
38.8169748 
0.7245791764 
    1 
2.355170655e-14 
8.120316326e-23 
-8.667088167e-23 
0.9558233713 
-6.476559525e-05 
39.21549358 
0.7246063173 
    1 
2.342123207e-14 
4.347472318e-23 
-5.391038526e-23 
0.9557879307 
-6.411402636e-05 
39.6140272 
0.7246331857 
    1 
2.323663703e-14 
1.891374381e-23 
-3.761594963e-23 
