0.5486320611 
-0.0006165804209 
1.000005295 
4.975393116e-06 
0.2009891358 
0.9999947053 
0.1549780244 
0.7586187313 
0.9876685447 
-0.1215066764 
1.000005985 
2.493902316e-06 
0.400978 
0.9999940147 
0.3019568148 
0.7062556421 
0.9523133951 
-0.2288150188 
1.00000639 
1.663985481e-06 
0.6009667598 
0.99999361 
0.4358183882 
0.6292575281 
0.8977327582 
-0.3125264229 
1.000006677 
1.248508841e-06 
0.8009554517 
0.9999933228 
0.5527741127 
0.5391329814 
0.8292020528 
-0.3680216086 
1.0000069 
9.990567599e-07 
1.000944093 
0.9999930999 
0.6513122435 
0.4466819416 
0.7523806844 
-0.3958986256 
1.000007082 
8.326861007e-07 
1.200932695 
0.9999929177 
0.7318270065 
0.3599517555 
0.6724149783 
-0.4003597379 
1.000007236 
7.138159649e-07 
1.400921262 
0.9999927637 
0.7959880956 
0.2836602892 
0.5934173605 
-0.3872302331 
1.00000737 
6.246447874e-07 
1.600909801 
0.9999926302 
0.8461092265 
0.2196604753 
0.5183096886 
-0.3623832953 
1.000007488 
5.552784152e-07 
1.800898316 
0.9999925125 
0.8846614704 
0.1678289599 
0.4489153819 
-0.3308336172 
1.000007593 
4.997783777e-07 
2.000886807 
0.9999924072 
0.9139674623 
0.1269338191 
0.3861720179 
-0.2964071721 
1.000007688 
4.543646666e-07 
2.200875279 
0.999992312 
0.9360488404 
0.09528382126 
0.3303702518 
-0.2617713693 
1.000007775 
4.165167514e-07 
2.400863733 
0.999992225 
0.9525786584 
0.07113355311 
0.2813673694 
-0.2286316617 
1.000007855 
3.844893509e-07 
2.60085217 
0.999992145 
0.9648944047 
0.05289543802 
0.2387558843 
-0.197969476 
1.000007929 
3.570356577e-07 
2.800840592 
0.9999920709 
0.9740396822 
0.03922479764 
0.2019860604 
-0.1702586201 
1.000007998 
3.332412353e-07 
3.000828999 
0.9999920019 
0.9808148972 
0.0290325066 
0.1704494041 
-0.1456376881 
1.000008063 
3.124201852e-07 
3.200817393 
0.9999919374 
0.9858264576 
0.02146220186 
0.143532303 
-0.1240369503 
1.000008123 
2.940479489e-07 
3.400805774 
0.9999918768 
0.9895298012 
0.01585405082 
0.1206482803 
-0.1052667743 
1.00000818 
2.777165044e-07 
3.600794144 
0.9999918197 
0.9922648724 
0.0117067633 
0.1012556572 
-0.08907663691 
1.000008234 
2.631037061e-07 
3.800782502 
0.9999917656 
0.9942843093 
0.008643239997 
0.08486565223 
-0.07519298254 
1.000008286 
2.499518218e-07 
4.00077085 
0.9999917143 
0.9957753034 
0.006381764038 
0.07104446387 
-0.06334247427 
1.000008335 
2.380521991e-07 
4.200759188 
0.9999916656 
0.9968762728 
0.004712891188 
0.05941174884 
-0.05326547172 
1.000008381 
2.272341139e-07 
4.400747517 
0.999991619 
0.9976894358 
0.003481427977 
0.04963708786 
-0.04472314084 
1.000008425 
2.173565269e-07 
4.600735836 
0.9999915746 
0.9982902188 
0.002572638835 
0.04143546508 
-0.03750052543 
1.000008468 
2.083019003e-07 
4.800724147 
0.9999915321 
0.9987342552 
0.001901823804 
0.0345624022 
-0.03140713875 
1.000008509 
1.999714986e-07 
5.00071245 
0.9999914912 
0.9990625738 
0.001406512164 
0.02880913335 
-0.02627609857 
1.000008548 
1.922817735e-07 
5.200700744 
0.999991452 
0.9993054349 
0.001040650911 
0.02399804143 
-0.02196246613 
1.000008586 
1.85161552e-07 
5.400689031 
0.9999914143 
0.9994851606 
0.0007702964423 
0.01997846961 
-0.01834120789 
1.000008622 
1.785498266e-07 
5.60067731 
0.9999913779 
0.9996182226 
0.0005704297179 
0.0166229558 
-0.01530503861 
1.000008657 
1.723940035e-07 
5.800665582 
0.9999913428 
0.9997167798 
0.0004226063906 
0.01382389673 
-0.01276230064 
1.000008691 
1.666485e-07 
6.000653847 
0.999991309 
0.9997898115 
0.0003132250615 
0.01149062474 
-0.01063496686 
1.000008724 
1.612736142e-07 
6.200642106 
0.9999912762 
0.9998439516 
0.0002322519526 
0.00954686779 
-0.008856811816 
1.000008756 
1.562346061e-07 
6.400630358 
0.9999912444 
0.9998841035 
0.000172282009 
0.007928556616 
-0.00737176887 
1.000008786 
1.51500946e-07 
6.600618604 
0.9999912137 
0.9999138935 
0.000127847725 
0.006581941683 
-0.006132475063 
1.000008816 
1.470456954e-07 
6.800606844 
0.9999911838 
0.9999360042 
9.491026808e-05 
0.005461982978 
-0.005098995502 
1.000008845 
1.428449941e-07 
7.000595078 
0.9999911548 
0.9999524214 
7.048472237e-05 
0.004530978027 
-0.004237714209 
1.000008873 
1.388776326e-07 
7.200583306 
0.9999911267 
0.9999646157 
5.236400278e-05 
0.003757396385 
-0.003520375817 
1.000008901 
1.351246939e-07 
7.400571529 
0.9999910993 
0.9999736765 
3.891537558e-05 
0.003114892033 
-0.002923261882 
1.000008927 
1.315692523e-07 
7.600559746 
0.9999910726 
0.9999804113 
2.893042047e-05 
0.002581468392 
-0.002426485879 
1.000008953 
1.281961175e-07 
7.800547958 
0.9999910466 
0.9999854188 
2.151434381e-05 
0.002138773708 
-0.002013391932 
1.000008979 
1.249916183e-07 
8.000536165 
0.9999910213 
0.9999891432 
1.600428073e-05 
0.001771507477 
-0.001670043546 
1.000009003 
1.21943417e-07 
8.200524367 
0.9999909966 
0.9999919142 
1.190896268e-05 
0.001466921144 
-0.001384789995 
1.000009028 
1.190403508e-07 
8.400512564 
0.9999909725 
0.9999939764 
8.864140245e-06 
0.001214398701 
-0.001147899399 
1.000009051 
1.162722952e-07 
8.600500756 
0.999990949 
0.9999955116 
6.599629963e-06 
0.001005104792 
-0.0009512488296 
1.000009074 
1.136300459e-07 
8.800488943 
0.999990926 
0.9999966547 
4.914941874e-06 
0.0008316898166 
-0.0007880630507 
1.000009097 
1.111052168e-07 
9.000477126 
0.9999909035 
0.9999975061 
3.661244651e-06 
0.0006880430254 
-0.0006526945928 
1.000009119 
1.086901509e-07 
9.200465305 
0.9999908816 
0.9999981404 
2.728013935e-06 
0.0005690860041 
-0.0005404388844 
1.00000914 
1.063778428e-07 
9.400453479 
0.9999908601 
0.9999986131 
2.033143198e-06 
0.0004706000753 
-0.0004473790455 
1.000009161 
1.041618708e-07 
9.600441649 
0.999990839 
0.9999989654 
1.515615883e-06 
0.0003890821656 
-0.0003702557337 
1.000009182 
1.020363373e-07 
9.800429815 
0.9999908184 
0.9999992281 
1.130073092e-06 
0.0003216245305 
-0.0003063581123 
1.000009202 
9.999581667e-08 
10.00041798 
0.9999907982 
0.9999994239 
8.427847985e-07 
0.0002658144537 
-0.0002534326002 
1.000009222 
9.803530854e-08 
10.20040613 
0.9999907784 
0.99999957 
6.28660746e-07 
0.0002196506593 
-0.000209606571 
1.000009241 
9.615019728e-08 
10.40039429 
0.999990759 
0.999999679 
4.690318626e-07 
0.0001814736894 
-0.0001733246037 
1.00000926 
9.433621555e-08 
10.60038244 
0.9999907399 
0.9999997603 
3.50002949e-07 
0.0001499079495 
-0.0001432952609 
1.000009279 
9.258941208e-08 
10.80037058 
0.9999907212 
0.999999821 
2.612290968e-07 
0.0001238134877 
-0.0001184466861 
1.000009297 
9.090612292e-08 
11.00035873 
0.9999907029 
0.9999998663 
1.950065247e-07 
0.0001022458958 
-9.788958463e-05 
1.000009315 
8.928294584e-08 
11.20034687 
0.9999906849 
0.9999999001 
1.45596812e-07 
8.442297619e-05 
-8.088637696e-05 
1.000009333 
8.771671732e-08 
11.400335 
0.9999906672 
0.9999999254 
1.087244489e-07 
6.969704794e-05 
-6.68255122e-05 
1.00000935 
8.620449199e-08 
11.60032313 
0.9999906498 
0.9999999443 
8.120313516e-08 
5.753194545e-05 
-5.520008823e-05 
1.000009367 
8.474352417e-08 
11.80031126 
0.9999906327 
0.9999999583 
6.065775365e-08 
4.748392273e-05 
-4.559006641e-05 
1.000009384 
8.33312512e-08 
12.00029939 
0.9999906159 
0.9999999689 
4.531746453e-08 
3.918580598e-05 
-3.764748306e-05 
1.000009401 
8.196527844e-08 
12.20028751 
0.9999905994 
0.9999999767 
3.386168322e-08 
3.233384617e-05 
-3.108415847e-05 
1.000009417 
8.064336574e-08 
12.40027563 
0.9999905831 
0.9999999826 
2.530539594e-08 
2.667681554e-05 
-2.566148583e-05 
1.000009433 
7.936341518e-08 
12.60026374 
0.9999905671 
0.999999987 
1.891374227e-08 
2.200696767e-05 
-2.118195167e-05 
1.000009449 
7.812345992e-08 
12.80025185 
0.9999905514 
0.9999999903 
1.413838139e-08 
1.815254494e-05 
-1.748209664e-05 
1.000009464 
7.692165418e-08 
13.00023996 
0.9999905359 
0.9999999927 
1.057007472e-08 
1.497157033e-05 
-1.442667432e-05 
1.000009479 
7.575626402e-08 
13.20022807 
0.9999905206 
0.9999999946 
7.903343715e-09 
1.234670476e-05 
-1.190380564e-05 
1.000009495 
7.462565901e-08 
13.40021617 
0.9999905056 
0.9999999959 
5.910122891e-09 
1.018098815e-05 
-9.820960602e-06 
1.000009509 
7.352830463e-08 
13.60020427 
0.9999904907 
0.999999997 
4.420113372e-09 
8.394313382e-06 
-8.101627052e-06 
1.000009524 
7.24627553e-08 
13.80019237 
0.9999904761 
0.9999999977 
3.30613121e-09 
6.920507543e-06 
-6.682549909e-06 
1.000009538 
7.142764805e-08 
14.00018046 
0.9999904618 
0.9999999983 
2.473176788e-09 
5.704916578e-06 
-5.511443729e-06 
1.000009553 
7.042169668e-08 
14.20016855 
0.9999904476 
0.9999999987 
1.850279061e-09 
4.702406873e-06 
-4.545098011e-06 
1.000009567 
6.944368645e-08 
14.40015664 
0.9999904336 
0.999999999 
1.384411023e-09 
3.875712178e-06 
-3.747808214e-06 
1.00000958 
6.849246918e-08 
14.60014473 
0.9999904198 
0.9999999993 
1.035946379e-09 
3.194066471e-06 
-3.090076799e-06 
1.000009594 
6.756695873e-08 
14.80013281 
0.9999904062 
0.9999999995 
7.752695496e-10 
2.632073516e-06 
-2.547538101e-06 
1.000009607 
6.66661269e-08 
15.00012089 
0.9999903928 
0.9999999996 
5.802433558e-10 
2.168772306e-06 
-2.100068647e-06 
1.000009621 
6.57889996e-08 
15.20010897 
0.9999903795 
0.9999999997 
4.343188044e-10 
1.786864602e-06 
-1.731051112e-06 
1.000009634 
6.493465333e-08 
15.40009704 
0.9999903665 
0.9999999998 
3.251223399e-10 
1.472076533e-06 
-1.4267655e-06 
1.000009647 
6.410221197e-08 
15.60008511 
0.9999903536 
0.9999999998 
2.434019484e-10 
1.212631105e-06 
-1.175885674e-06 
1.000009659 
6.329084373e-08 
15.80007318 
0.9999903408 
0.9999999999 
1.822383759e-10 
9.988123931e-07 
-9.690630861e-07 
1.000009672 
6.249975841e-08 
16.00006125 
0.9999903282 
0.9999999999 
1.364561893e-10 
8.22605546e-07 
-7.985826774e-07 
1.000009684 
6.172820485e-08 
16.20004931 
0.9999903158 
0.9999999999 
1.021843157e-10 
6.773994436e-07 
-6.580784953e-07 
1.000009697 
6.097546851e-08 
16.40003738 
0.9999903035 
0.9999999999 
7.65266572e-11 
5.57741134e-07 
-5.422987139e-07 
1.000009709 
6.02408693e-08 
16.60002544 
0.9999902914 
    1 
5.731670594e-11 
4.591330469e-07 
-4.469115207e-07 
1.000009721 
5.952375949e-08 
16.80001349 
0.9999902795 
    1 
4.293314201e-11 
3.778655429e-07 
-3.68344803e-07 
1.000009732 
5.882352186e-08 
17.00000155 
0.9999902676 
    1 
3.216271093e-11 
3.108786383e-07 
-3.036537882e-07 
1.000009744 
5.813956787e-08 
17.1999896 
0.9999902559 
    1 
2.409750012e-11 
2.556478171e-07 
-2.504118023e-07 
1.000009756 
5.747133604e-08 
17.39997765 
0.9999902444 
    1 
1.805803279e-11 
2.100897172e-07 
-2.066201512e-07 
1.000009767 
5.681829043e-08 
17.5999657 
0.9999902329 
    1 
1.353583286e-11 
1.724842074e-07 
-1.706338207e-07 
1.000009778 
5.617991918e-08 
17.79995374 
0.9999902216 
    1 
1.015042289e-11 
1.414099734e-07 
-1.411002702e-07 
1.00000979 
5.555573315e-08 
17.99994179 
0.9999902105 
    1 
7.616948215e-12 
1.156912265e-07 
-1.169090713e-07 
1.000009801 
5.494526474e-08 
18.19992983 
0.9999901994 
    1 
5.722349773e-12 
9.43535559e-08 
-9.715053856e-08 
1.000009812 
5.434806665e-08 
18.39991787 
0.9999901885 
    1 
4.307419258e-12 
7.658728593e-08 
-8.108183016e-08 
1.000009822 
5.376371084e-08 
18.5999059 
0.9999901777 
    1 
3.253329706e-12 
6.171697069e-08 
-6.809927009e-08 
1.000009833 
5.319178746e-08 
18.79989394 
0.999990167 
    1 
2.471498551e-12 
4.917588914e-08 
-5.771587265e-08 
1.000009844 
5.263190394e-08 
18.99988197 
0.9999901564 
    1 
1.89616402e-12 
3.848458511e-08 
-4.954324226e-08 
1.000009854 
5.208368404e-08 
19.19987 
0.9999901459 
    1 
1.478954722e-12 
2.923264613e-08 
-4.327718395e-08 
1.000009865 
5.154676705e-08 
19.39985803 
0.9999901356 
    1 
1.184651801e-12 
2.106303398e-08 
-3.868649814e-08 
1.000009875 
5.102080699e-08 
19.59984605 
0.9999901253 
    1 
9.884270479e-13 
1.36583726e-08 
-3.560455255e-08 
1.000009885 
5.050547185e-08 
19.79983408 
0.9999901152 
    1 
8.734178386e-13 
6.728669751e-09 
-3.392332888e-08 
