0.07265851533 
-0.000595825576 
0.9869923919 
-0.04289316813 
0.5297461409 
0.8900892053 
0.3406357793 
0.5748799898 
0.9151952173 
-0.2885008695 
0.9596624497 
-0.05055657266 
0.9628920859 
0.6867440349 
0.6159667417 
0.417853634 
0.7158512664 
-0.4034308589 
0.9354622711 
-0.03608369644 
1.298073951 
0.5477422046 
0.7989342935 
0.2523347688 
0.5005619031 
-0.362082837 
0.9197938055 
-0.02187464285 
1.580292666 
0.4885543285 
0.9023433903 
0.1329840259 
0.3272264358 
-0.2661177503 
0.910219416 
-0.01387677238 
1.842767009 
0.4698664666 
0.9546492301 
0.06445291813 
0.2061771255 
-0.1776291241 
0.9037654905 
-0.01006661511 
2.099705943 
0.4657312361 
0.9794376425 
0.02984665162 
0.1273420278 
-0.1131110682 
0.8987987196 
-0.00819409531 
2.355835799 
0.4660228361 
0.9907865 
0.01350608917 
0.07775880938 
-0.07031362949 
0.8946089709 
-0.007124144819 
2.612528807 
0.4675088652 
0.9958937973 
0.006044282195 
0.04714319689 
-0.04312958796 
0.8909008089 
-0.006398188542 
2.870127449 
0.469239039 
0.9981737165 
0.002691590334 
0.02844011669 
-0.02623870853 
0.8875405817 
-0.005841756119 
3.12867739 
0.4709476148 
0.9991880081 
0.00119642091 
0.01709278298 
-0.015873333 
0.8844568112 
-0.005385622855 
3.38814393 
0.4725678965 
0.999638781 
0.0005317015353 
0.01024192884 
-0.009562431226 
0.8816039168 
-0.004998578992 
3.648474567 
0.4740901045 
0.9998391527 
0.000236438299 
0.006121389649 
-0.005741331436 
0.8789489212 
-0.004663831249 
3.9096166 
0.4755198678 
0.9999282919 
0.0001052474638 
0.00365065067 
-0.003437515836 
0.876466176 
-0.004370743793 
4.171521602 
0.4768661077 
0.9999679915 
4.690625548e-05 
0.002172999777 
-0.002053236657 
0.8741349439 
-0.004111788422 
4.434146087 
0.4781376141 
0.9999856944 
2.093165928e-05 
0.0012912554 
-0.001223850661 
0.8719380824 
-0.003881284214 
4.697451154 
0.4793422069 
0.9999935986 
9.35253846e-06 
0.0007661348206 
-0.0007281465552 
0.8698612129 
-0.00367478805 
4.961401906 
0.480486651 
0.9999971322 
4.18399849e-06 
0.0004539459121 
-0.0004325108253 
0.8678921427 
-0.003488748889 
5.225966905 
0.4815767681 
0.9999987138 
1.873978504e-06 
0.0002686362546 
-0.0002565285655 
0.8660204398 
-0.003320286059 
5.491117685 
0.482617582 
0.9999994226 
8.402718654e-07 
0.0001587942821 
-0.000151948668 
0.8642371081 
-0.003167035526 
5.756828356 
0.4836134503 
0.9999997405 
3.771612198e-07 
9.376844099e-05 
-8.989460459e-05 
0.8625343362 
-0.003027038279 
6.023075268 
0.4845681753 
0.9999998833 
1.694557942e-07 
5.531804557e-05 
-5.31241502e-05 
0.8609052985 
-0.002898656993 
6.289836729 
0.4854850935 
0.9999999475 
7.620428392e-08 
3.260600656e-05 
-3.136261301e-05 
0.8593439961 
-0.002780512614 
6.557092772 
0.4863671489 
0.9999999763 
3.429801301e-08 
1.920338207e-05 
-1.849821012e-05 
0.857845129 
-0.002671435423 
6.824824955 
0.4872169523 
0.9999999893 
1.544898822e-08 
1.130141177e-05 
-1.090123343e-05 
0.8564039922 
-0.002570426832 
7.09301619 
0.4880368297 
0.9999999952 
6.963849946e-09 
6.646383286e-06 
-6.41915362e-06 
0.8550163896 
-0.002476629239 
7.361650603 
0.4888288627 
0.9999999978 
3.141201088e-09 
3.906216318e-06 
-3.777120513e-06 
0.8536785639 
-0.002389302044 
7.630713402 
0.4895949213 
0.999999999 
1.417814327e-09 
2.294372424e-06 
-2.220992147e-06 
0.8523871373 
-0.002307802388 
7.900190773 
0.4903366921 
0.9999999996 
6.403282645e-10 
1.346867847e-06 
-1.305137439e-06 
0.8511390623 
-0.002231569572 
8.170069785 
0.4910557015 
0.9999999998 
2.893538952e-10 
7.902321363e-07 
-7.664900283e-07 
0.8499315802 
-0.002160112364 
8.440338305 
0.4917533352 
0.9999999999 
1.308227731e-10 
4.634115363e-07 
-4.498980419e-07 
0.8487621859 
-0.002092998585 
8.710984932 
0.4924308555 
    1 
5.917635769e-11 
2.716277062e-07 
-2.639330851e-07 
0.8476285976 
-0.002029846506 
8.981998922 
0.493089415 
    1 
2.677985359e-11 
1.591431367e-07 
-1.547601685e-07 
0.8465287313 
-0.001970317716 
9.253370144 
0.4937300694 
    1 
1.212443522e-11 
9.320065934e-08 
-9.070317926e-08 
0.8454606787 
-0.001914111154 
9.52508902 
0.4943537882 
    1 
5.491822396e-12 
5.456033538e-08 
-5.313676085e-08 
0.8444226877 
-0.001860958103 
9.797146483 
0.4949614635 
    1 
2.488554771e-12 
3.192795076e-08 
-3.111625116e-08 
0.8434131464 
-0.001810617973 
10.06953394 
0.4955539181 
    1 
1.128231753e-12 
1.867709527e-08 
-1.82141385e-08 
0.8424305682 
-0.001762874719 
10.34224323 
0.4961319129 
    1 
5.117841065e-13 
1.092193508e-08 
-1.065781033e-08 
0.8414735792 
-0.001717533795 
10.6152666 
0.4966961526 
    1 
2.32528708e-13 
6.384824306e-09 
-6.234095817e-09 
0.8405409073 
-0.00167441955 
10.88859666 
0.4972472912 
    1 
1.063496853e-13 
3.731333327e-09 
-3.645294667e-09 
0.8396313722 
-0.001633372994 
11.16222639 
0.4977859369 
    1 
5.03292258e-14 
2.17997269e-09 
-2.130848115e-09 
0.8387438771 
-0.001594249869 
11.43614905 
0.4983126562 
    1 
2.643564176e-14 
1.273255986e-09 
-1.245201259e-09 
0.8378774007 
-0.001556918989 
11.71035825 
0.4988279776 
    1 
2.356307058e-14 
7.434699947e-10 
-7.274445219e-10 
0.8370309908 
-0.001521260792 
11.98484785 
0.499332395 
    1 
2.329442632e-14 
4.340095059e-10 
-4.248534375e-10 
0.8362037577 
-0.001487166083 
12.25961199 
0.4998263706 
    1 
2.316775068e-14 
2.53295706e-10 
-2.480633579e-10 
0.8353948695 
-0.001454534938 
12.53464503 
0.5003103377 
    1 
2.303952127e-14 
1.477929182e-10 
-1.44802238e-10 
0.8346035469 
-0.001423275743 
12.80994159 
0.5007847029 
    1 
2.28854091e-14 
8.621459367e-11 
-8.450487134e-11 
0.8338290586 
-0.001393304345 
13.0854965 
0.5012498485 
    1 
2.272579047e-14 
5.028207808e-11 
-4.930448033e-11 
0.8330707181 
-0.001364543317 
13.36130478 
0.501706134 
    1 
2.255333312e-14 
2.931936773e-11 
-2.876029187e-11 
0.8323278795 
-0.00133692129 
13.63736165 
0.5021538982 
    1 
2.236846722e-14 
1.709261071e-11 
-1.677282849e-11 
0.8315999347 
-0.001310372385 
13.91366252 
0.5025934609 
    1 
2.217568914e-14 
9.962719327e-12 
-9.779779527e-12 
0.8308863106 
-0.001284835685 
14.19020295 
0.5030251239 
    1 
2.198089732e-14 
5.805854873e-12 
-5.701183048e-12 
0.830186466 
-0.001260254785 
14.4669787 
0.5034491725 
    1 
2.17897487e-14 
3.382798811e-12 
-3.32290021e-12 
0.8294998899 
-0.001236577381 
14.74398563 
0.5038658768 
    1 
2.160683285e-14 
1.970655215e-12 
-1.936373187e-12 
0.8288260989 
-0.001213754901 
15.02121978 
0.5042754926 
    1 
2.143541339e-14 
1.147815898e-12 
-1.128192368e-12 
0.8281646353 
-0.001191742184 
15.29867733 
0.5046782626 
    1 
2.127750907e-14 
6.684415334e-13 
-6.57207223e-13 
0.8275150656 
-0.001170497182 
15.57635457 
0.505074417 
    1 
2.113413812e-14 
3.892123272e-13 
-3.827799362e-13 
0.8268769783 
-0.001149980701 
15.85424792 
0.5054641746 
    1 
2.100560696e-14 
2.265916827e-13 
-2.229082454e-13 
0.826249983 
-0.001130156159 
16.13235391 
0.5058477433 
    1 
2.089177418e-14 
1.318978447e-13 
-1.297883075e-13 
0.8256337085 
-0.001110989375 
16.41066922 
0.5062253212 
    1 
2.079225644e-14 
7.676616173e-14 
-7.555786819e-14 
0.8250278022 
-0.001092448375 
16.68919058 
0.5065970967 
    1 
2.070656293e-14 
4.467270883e-14 
-4.398054731e-14 
0.824431928 
-0.001074503219 
16.96791486 
0.5069632496 
    1 
2.063415405e-14 
2.599303144e-14 
-2.559648812e-14 
0.823845766 
-0.001057125837 
17.24683902 
0.5073239513 
    1 
2.057442489e-14 
1.512221907e-14 
-1.489501267e-14 
0.8232690114 
-0.001040289892 
17.52596009 
0.5076793654 
    1 
2.052662629e-14 
8.796699416e-15 
-8.666503974e-15 
0.8227013732 
-0.001023970644 
17.80527522 
0.5080296483 
    1 
2.048976381e-14 
5.116479335e-15 
-5.041866254e-15 
0.8221425737 
-0.001008144832 
18.08478163 
0.5083749494 
    1 
2.046255377e-14 
2.975578975e-15 
-2.93281512e-15 
0.8215923476 
-0.000992790566 
18.36447661 
0.5087154116 
    1 
2.044352341e-14 
1.730302348e-15 
-1.705790266e-15 
0.8210504413 
-0.0009778872286 
18.64435755 
0.5090511719 
    1 
2.043125995e-14 
1.006060695e-15 
-9.92009159e-16 
0.8205166122 
-0.0009634153817 
18.92442188 
0.5093823612 
    1 
2.042467984e-14 
5.848969935e-16 
-5.768412323e-16 
0.8199906279 
-0.0009493566848 
19.20466714 
0.5097091053 
    1 
2.042316284e-14 
3.400078255e-16 
-3.353890439e-16 
0.8194722662 
-0.0009356938191 
19.48509091 
0.5100315246 
    1 
2.042651527e-14 
1.976305123e-16 
-1.949821018e-16 
0.8189613139 
-0.0009224104167 
19.76569085 
0.5103497347 
    1 
2.043483959e-14 
1.148618569e-16 
-1.133431317e-16 
0.8184575665 
-0.000909490997 
20.04646466 
0.5106638467 
    1 
2.044839645e-14 
6.67506606e-17 
-6.587968052e-17 
0.8179608279 
-0.0008969209069 
20.32741013 
0.5109739672 
    1 
2.046750065e-14 
3.878772448e-17 
-3.828818318e-17 
0.8174709099 
-0.0008846862669 
20.60852509 
0.5112801987 
    1 
2.049245457e-14 
2.25368437e-17 
-2.225031518e-17 
0.8169876317 
-0.0008727739205 
20.88980743 
0.5115826398 
    1 
2.052350519e-14 
1.309341574e-17 
-1.292905551e-17 
0.8165108193 
-0.0008611713881 
21.17125509 
0.5118813853 
    1 
2.056080859e-14 
7.606324978e-18 
-7.512036796e-18 
0.8160403057 
-0.0008498668235 
21.45286606 
0.5121765265 
    1 
2.060439287e-14 
4.418346701e-18 
-4.364252762e-18 
0.8155759302 
-0.0008388489752 
21.73463838 
0.5124681514 
    1 
2.065412057e-14 
2.566307009e-18 
-2.535270703e-18 
0.815117538 
-0.0008281071489 
22.01657015 
0.5127563447 
    1 
2.07096619e-14 
1.490466461e-18 
-1.472658229e-18 
0.8146649802 
-0.0008176311738 
22.29865949 
0.5130411881 
    1 
2.077049363e-14 
8.655684703e-19 
-8.55349663e-19 
0.8142181131 
-0.0008074113709 
22.58090459 
0.5133227603 
    1 
2.083592897e-14 
5.026284699e-19 
-4.967642864e-19 
0.8137767986 
-0.0007974385238 
22.86330367 
0.5136011374 
    1 
2.090516428e-14 
2.91850177e-19 
-2.884847348e-19 
0.813340903 
-0.0007877038516 
23.145855 
0.5138763927 
    1 
2.097731583e-14 
1.694497042e-19 
-1.675181668e-19 
0.8129102979 
-0.0007781989831 
23.42855687 
0.5141485972 
    1 
2.105142838e-14 
9.837627526e-20 
-9.726763821e-20 
0.8124848591 
-0.0007689159336 
23.71140763 
0.5144178192 
    1 
2.112645856e-14 
5.710962913e-20 
-5.647327519e-20 
0.8120644665 
-0.0007598470827 
23.99440565 
0.5146841249 
    1 
2.120125156e-14 
3.315113225e-20 
-3.278585241e-20 
0.8116490045 
-0.0007509851539 
24.27754935 
0.5149475783 
    1 
2.127452981e-14 
1.924234667e-20 
-1.903266771e-20 
0.8112383612 
-0.0007423231954 
24.56083717 
0.5152082412 
    1 
2.134490026e-14 
1.116834309e-20 
-1.104799465e-20 
0.8108324284 
-0.0007338545623 
24.84426761 
0.5154661736 
    1 
2.141086566e-14 
6.481722065e-21 
-6.41267509e-21 
0.8104311016 
-0.0007255728999 
25.12783916 
0.5157214333 
    1 
2.147079733e-14 
3.761503372e-21 
-3.721944044e-21 
0.8100342796 
-0.0007174721279 
25.41155039 
0.5159740764 
    1 
2.15228045e-14 
2.182709885e-21 
-2.160142883e-21 
0.8096418645 
-0.0007095464259 
25.69539986 
0.5162241574 
    1 
2.156445463e-14 
1.266412597e-21 
-1.253711381e-21 
0.8092537616 
-0.0007017902196 
25.97938618 
0.5164717288 
    1 
2.159237577e-14 
7.345836192e-22 
-7.277382538e-22 
0.8088698792 
-0.0006941981682 
26.26350798 
0.5167168417 
    1 
2.160179647e-14 
4.258130828e-22 
-4.226633037e-22 
0.8084901284 
-0.0006867651521 
26.54776393 
0.5169595455 
    1 
2.158592236e-14 
2.463654032e-22 
-2.459183134e-22 
0.808114423 
-0.0006794862615 
26.83215271 
0.5171998883 
    1 
2.153487221e-14 
1.417483572e-22 
-1.438650603e-22 
0.8077426797 
-0.0006723567861 
27.11667304 
0.5174379166 
    1 
2.143401167e-14 
8.017982358e-23 
-8.553196968e-23 
0.8073748174 
-0.0006653722048 
27.40132365 
0.5176736756 
    1 
2.128724303e-14 
4.294055965e-23 
-5.322310863e-23 
0.8070107578 
-0.0006585281765 
27.68610332 
0.5179072091 
    1 
2.112491056e-14 
1.868730419e-23 
-3.715479663e-23 
