0.21720846 
-0.0006089495349 
0.9930070809 
-0.02260459468 
0.537107821 
0.9286075335 
0.3672290182 
0.6089323164 
0.9136687341 
-0.2925730423 
0.9793035275 
-0.02392185584 
1.01256902 
0.8029052792 
0.6506991327 
0.4149036653 
0.7130855295 
-0.4031280689 
0.9686335207 
-0.01453683179 
1.429392935 
0.7227326334 
0.8263360678 
0.2328297274 
0.4990728907 
-0.3585575812 
0.9628733745 
-0.007118347588 
1.816416341 
0.6902920331 
0.9190639625 
0.1154299324 
0.327558534 
-0.2634363176 
0.9600890231 
-0.003511300318 
2.192663923 
0.6799844469 
0.9635339072 
0.05351951009 
0.2074883756 
-0.1766968169 
0.9586254744 
-0.002034708896 
2.565715625 
0.6772346406 
0.9838230439 
0.02402731423 
0.1288318505 
-0.1132579372 
0.9576945575 
-0.001435082608 
2.938004299 
0.6767512372 
0.9928670309 
0.01063621592 
0.07903502907 
-0.07085659015 
0.9569893084 
-0.001160421793 
3.310238972 
0.6769032575 
0.9968595387 
0.004683786688 
0.04810184713 
-0.04370396917 
0.9563966572 
-0.001006740151 
3.682612003 
0.6772156087 
0.9986164754 
0.002060360578 
0.02910855879 
-0.02670934876 
0.9558730442 
-0.0009027755489 
4.055166666 
0.6775528933 
0.9993895405 
0.0009071011235 
0.01753757817 
-0.01621701917 
0.9553992359 
-0.000823184765 
4.427904285 
0.6778781551 
0.9997301254 
0.0004000343012 
0.01052874714 
-0.009797661712 
0.9549649234 
-0.0007581185872 
4.80081529 
0.6781829761 
0.9998804521 
0.0001767688788 
0.006302276644 
-0.005895886245 
0.9545634894 
-0.0007031017015 
5.173888181 
0.6784670488 
0.9999469385 
7.827280248e-05 
0.003762882487 
-0.003536290212 
0.9541901372 
-0.0006556852661 
5.547111995 
0.6787321462 
0.9999764044 
3.472881265e-05 
0.002241776262 
-0.002115126527 
0.9538411454 
-0.0006143010932 
5.920476873 
0.6789803589 
0.999989489 
1.54381978e-05 
0.00133299653 
-0.001262064136 
0.953513518 
-0.0005778363768 
6.29397407 
0.6792136164 
0.9999953102 
6.875035581e-06 
0.0007912732224 
-0.0007514769964 
0.9532047897 
-0.0005454536357 
6.667595833 
0.6794335899 
0.9999979043 
3.066668232e-06 
0.0004689906769 
-0.0004466290736 
0.9529129019 
-0.0005165010122 
7.041335257 
0.6796417036 
0.9999990623 
1.369983706e-06 
0.0002775935838 
-0.0002650114498 
0.9526361157 
-0.0004904602761 
7.415186163 
0.6798391704 
0.9999995799 
6.128685113e-07 
0.0001641040982 
-0.0001570158993 
0.9523729487 
-0.0004669131654 
7.789142987 
0.6800270283 
0.9999998116 
2.745194357e-07 
9.690441193e-05 
-9.290683088e-05 
0.9521221264 
-0.0004455180341 
8.163200696 
0.6802061711 
0.9999999154 
1.231083817e-07 
5.716425908e-05 
-5.490744727e-05 
0.9518825452 
-0.000425992963 
8.537354716 
0.6803773734 
0.999999962 
5.526751259e-08 
3.36899115e-05 
-3.241466896e-05 
0.9516532431 
-0.000408103219 
8.911600868 
0.6805413113 
0.9999999829 
2.483607565e-08 
1.983819889e-05 
-1.911699675e-05 
0.9514333763 
-0.0003916517683 
9.285935325 
0.6806985775 
0.9999999923 
1.117103511e-08 
1.167241373e-05 
-1.126422662e-05 
0.951222201 
-0.0003764719983 
9.660354563 
0.6808496955 
0.9999999965 
5.028878821e-09 
6.862792941e-06 
-6.631600202e-06 
0.9510190577 
-0.0003624220645 
10.03485533 
0.6809951291 
0.9999999984 
2.265630877e-09 
4.032235162e-06 
-3.901202648e-06 
0.9508233592 
-0.0003493804533 
10.40943462 
0.6811352915 
0.9999999993 
1.021463787e-09 
2.367642287e-06 
-2.29333119e-06 
0.9506345806 
-0.0003372424664 
10.78408963 
0.6812705525 
0.9999999997 
4.608404743e-10 
1.389408895e-06 
-1.347241208e-06 
0.9504522503 
-0.0003259174101 
11.15881776 
0.6814012442 
0.9999999999 
2.080425333e-10 
8.149003061e-07 
-7.909593783e-07 
0.9502759434 
-0.0003153263295 
11.53361659 
0.6815276661 
0.9999999999 
9.397456074e-11 
4.776990731e-07 
-4.640995899e-07 
0.9501052758 
-0.0003054001698 
11.90848383 
0.6816500891 
    1 
4.247263761e-11 
2.798939664e-07 
-2.72165193e-07 
0.9499398986 
-0.0002960782718 
12.28341737 
0.6817687591 
    1 
1.92056105e-11 
1.639209207e-07 
-1.595265854e-07 
0.9497794947 
-0.0002873071338 
12.65841519 
0.6818838999 
    1 
8.688749685e-12 
9.595958345e-08 
-9.346004941e-08 
0.9496237743 
-0.0002790393867 
13.03347541 
0.681995716 
    1 
3.932819711e-12 
5.615208637e-08 
-5.472976456e-08 
0.9494724724 
-0.0002712329401 
13.40859626 
0.6821043945 
    1 
1.780833681e-12 
3.284555573e-08 
-3.203590035e-08 
0.9493253458 
-0.0002638502664 
13.78377606 
0.6822101072 
    1 
8.067188704e-13 
1.920566465e-08 
-1.874460471e-08 
0.9491821708 
-0.0002568578 
14.15901322 
0.682313012 
    1 
3.65716844e-13 
1.122618592e-08 
-1.09635456e-08 
0.9490427413 
-0.0002502254271 
14.53430624 
0.6824132546 
    1 
1.661390201e-13 
6.559833535e-09 
-6.410173845e-09 
0.9489068668 
-0.0002439260537 
14.90965369 
0.6825109698 
    1 
7.604854398e-14 
3.831934596e-09 
-3.746628343e-09 
0.948774371 
-0.0002379352363 
15.28505421 
0.682606282 
    1 
3.588439175e-14 
2.237765213e-09 
-2.189126385e-09 
0.9486450903 
-0.0002322308655 
15.66050652 
0.6826993071 
    1 
2.192866258e-14 
1.306435988e-09 
-1.27869604e-09 
0.9485188729 
-0.0002267928944 
16.0360094 
0.6827901525 
    1 
2.157828401e-14 
7.625082572e-10 
-7.466832843e-10 
0.9483955772 
-0.0002216031028 
16.41156166 
0.6828789183 
    1 
2.143285466e-14 
4.449272464e-10 
-4.358972003e-10 
0.9482750714 
-0.0002166448948 
16.78716218 
0.6829656978 
    1 
2.141308292e-14 
2.595531956e-10 
-2.543992264e-10 
0.9481572325 
-0.0002119031209 
17.16280992 
0.6830505782 
    1 
2.146371929e-14 
1.513774779e-10 
-1.484351299e-10 
0.9480419451 
-0.0002073639246 
17.53850383 
0.6831336411 
    1 
2.154571881e-14 
8.826691494e-11 
-8.65867868e-11 
0.9479291015 
-0.0002030146067 
17.91424294 
0.6832149629 
    1 
2.162717229e-14 
5.145652512e-11 
-5.049694114e-11 
0.9478186004 
-0.0001988435075 
18.29002632 
0.6832946152 
    1 
2.169496847e-14 
2.999111216e-11 
-2.944294619e-11 
0.9477103469 
-0.0001948399023 
18.66585306 
0.6833726655 
    1 
2.174563249e-14 
1.747663664e-11 
-1.716343346e-11 
0.9476042516 
-0.0001909939095 
19.0417223 
0.683449177 
    1 
2.177637294e-14 
1.018215413e-11 
-1.000316693e-11 
0.9475002302 
-0.0001872964097 
19.41763321 
0.6835242095 
    1 
2.178464485e-14 
5.931180813e-12 
-5.82887592e-12 
0.9473982036 
-0.0001837389733 
19.793585 
0.6835978192 
    1 
2.176612942e-14 
3.454342019e-12 
-3.395856746e-12 
0.9472980968 
-0.0001803137966 
20.16957689 
0.6836700592 
    1 
2.171247323e-14 
2.011476694e-12 
-1.97803644e-12 
0.9471998391 
-0.0001770136449 
20.54560815 
0.6837409796 
    1 
2.163437734e-14 
1.171096934e-12 
-1.15197363e-12 
0.9471033636 
-0.0001738318014 
20.92167806 
0.683810628 
    1 
2.156907234e-14 
6.817126963e-13 
-6.707750441e-13 
0.947008607 
-0.0001707620217 
21.29778594 
0.6838790493 
    1 
2.151349811e-14 
3.967738298e-13 
-3.905170515e-13 
0.9469155093 
-0.0001677984933 
21.67393112 
0.6839462861 
    1 
2.146560186e-14 
2.308979257e-13 
-2.273182749e-13 
0.9468240136 
-0.0001649357983 
22.05011296 
0.6840123789 
    1 
2.142384594e-14 
1.34349044e-13 
-1.323007528e-13 
0.9467340657 
-0.0001621688813 
22.42633085 
0.6840773659 
    1 
2.138678808e-14 
7.816075075e-14 
-7.698855037e-14 
0.9466456144 
-0.0001594930187 
22.80258419 
0.6841412838 
    1 
2.135339996e-14 
4.546575548e-14 
-4.479483785e-14 
0.9465586107 
-0.0001569037925 
23.17887239 
0.6842041672 
    1 
2.132322362e-14 
2.644377857e-14 
-2.605972489e-14 
0.9464730082 
-0.0001543970661 
23.5551949 
0.6842660491 
    1 
2.129631449e-14 
1.537828116e-14 
-1.515840998e-14 
0.9463887626 
-0.0001519689617 
23.93155118 
0.6843269611 
    1 
2.127304473e-14 
8.942088392e-15 
-8.816196825e-15 
0.9463058316 
-0.0001496158408 
24.3079407 
0.6843869331 
    1 
2.125386827e-14 
5.198985577e-15 
-5.126895517e-15 
0.946224175 
-0.0001473342858 
24.68436295 
0.6844459939 
    1 
2.123916909e-14 
3.022374674e-15 
-2.981088655e-15 
0.9461437543 
-0.0001451210837 
25.06081744 
0.6845041707 
    1 
2.122925246e-14 
1.756829031e-15 
-1.73318192e-15 
0.9460645328 
-0.0001429732109 
25.43730369 
0.6845614897 
    1 
2.122443072e-14 
1.021089044e-15 
-1.007543413e-15 
0.9459864752 
-0.0001408878194 
25.81382124 
0.6846179759 
    1 
2.122512603e-14 
5.934060938e-16 
-5.85646033e-16 
0.945909548 
-0.0001388622244 
26.19036963 
0.6846736533 
    1 
2.123195931e-14 
3.448227792e-16 
-3.403767277e-16 
0.945833719 
-0.0001368938927 
26.56694842 
0.6847285446 
    1 
2.124583976e-14 
2.003533888e-16 
-1.978058189e-16 
0.9457589574 
-0.0001349804318 
26.94355719 
0.684782672 
    1 
2.126809593e-14 
1.164006547e-16 
-1.14940769e-16 
0.9456852336 
-0.0001331195811 
27.32019553 
0.6848360563 
    1 
2.130072345e-14 
6.7619706e-17 
-6.678304107e-17 
0.9456125193 
-0.0001313092021 
27.69686302 
0.6848887178 
    1 
2.134688718e-14 
3.927817955e-17 
-3.879864136e-17 
0.9455407873 
-0.0001295472707 
28.07355929 
0.6849406759 
    1 
2.141192955e-14 
2.281343553e-17 
-2.253856212e-17 
0.9454700114 
-0.0001278318695 
28.45028394 
0.6849919491 
    1 
2.150532325e-14 
1.324928093e-17 
-1.309170889e-17 
0.9454001666 
-0.000126161181 
28.82703661 
0.6850425553 
    1 
2.161909076e-14 
7.694088411e-18 
-7.603752264e-18 
0.9453312287 
-0.0001245334811 
29.20381693 
0.6850925117 
    1 
2.171758414e-14 
4.467722757e-18 
-4.415928812e-18 
0.9452631746 
-0.0001229471331 
29.58062456 
0.6851418349 
    1 
2.179322616e-14 
2.594061903e-18 
-2.564363672e-18 
0.945195982 
-0.0001214005824 
29.95745914 
0.6851905406 
    1 
2.184873188e-14 
1.506053493e-18 
-1.48902346e-18 
0.9451296294 
-0.0001198923511 
30.33432034 
0.6852386443 
    1 
2.191285523e-14 
8.743136013e-19 
-8.645472379e-19 
0.9450640961 
-0.0001184210339 
30.71120783 
0.6852861606 
    1 
2.198044461e-14 
5.075299184e-19 
-5.019287072e-19 
0.9449993621 
-0.0001169852932 
31.0881213 
0.6853331038 
    1 
2.205076645e-14 
2.945943502e-19 
-2.913817113e-19 
0.9449354083 
-0.0001155838551 
31.46506044 
0.6853794875 
    1 
2.212173647e-14 
1.709843158e-19 
-1.69141543e-19 
0.9448722161 
-0.0001142155059 
31.84202493 
0.6854253251 
    1 
2.219301275e-14 
9.92334179e-20 
-9.817633175e-20 
0.9448097677 
-0.0001128790884 
32.21901449 
0.6854706292 
    1 
2.226527887e-14 
5.758775202e-20 
-5.698132958e-20 
0.9447480457 
-0.0001115734989 
32.59602882 
0.6855154121 
    1 
2.233840355e-14 
3.341746083e-20 
-3.306955588e-20 
0.9446870336 
-0.0001102976837 
32.97306764 
0.6855596858 
    1 
2.241102859e-14 
1.939047667e-20 
-1.91908815e-20 
0.9446267152 
-0.0001090506367 
33.35013067 
0.6856034616 
    1 
2.248114851e-14 
1.125059853e-20 
-1.113610129e-20 
0.944567075 
-0.0001078313967 
33.72721765 
0.6856467508 
    1 
2.254651733e-14 
6.52731791e-21 
-6.461665668e-21 
0.9445080979 
-0.0001066390446 
34.1043283 
0.6856895641 
    1 
2.260482021e-14 
3.786729945e-21 
-3.749140136e-21 
0.9444497694 
-0.0001054727014 
34.48146237 
0.6857319117 
    1 
2.26537064e-14 
2.196637721e-21 
-2.17521374e-21 
0.9443920754 
-0.0001043315262 
34.8586196 
0.6857738039 
    1 
2.269074923e-14 
1.274084406e-21 
-1.262047373e-21 
0.9443350023 
-0.0001032147137 
35.23579975 
0.6858152502 
    1 
2.27133494e-14 
7.387981045e-22 
-7.323401585e-22 
0.944278537 
-0.0001021214928 
35.61300258 
0.6858562601 
    1 
2.27185383e-14 
4.281205423e-22 
-4.25199224e-22 
0.9442226665 
-0.0001010511242 
35.99022784 
0.6858968428 
    1 
2.270249122e-14 
2.476225939e-22 
-2.473142735e-22 
0.9441673787 
-0.0001000028997 
36.36747531 
0.685937007 
    1 
2.265941051e-14 
1.424272082e-22 
-1.446346656e-22 
0.9441126614 
-9.897613956e-05 
36.74474476 
0.6859767614 
    1 
2.257970377e-14 
8.053880972e-23 
-8.596025609e-23 
0.9440585031 
-9.797019186e-05 
37.12203596 
0.6860161142 
    1 
2.244789041e-14 
4.311949334e-23 
-5.346906179e-23 
0.9440048925 
-9.698443072e-05 
37.49934869 
0.6860550735 
    1 
2.226600941e-14 
1.875939792e-23 
-3.73086249e-23 
