0.5038682109 
-0.0006165816109 
1.000005894 
2.493838033e-06 
0.4009880364 
0.9999941065 
0.3019643767 
0.706251338 
0.9523110745 
-0.2288199638 
1.000006585 
1.24847662e-06 
0.8009755249 
0.9999934146 
0.552785174 
0.5391233427 
0.829194624 
-0.368025794 
1.00000699 
8.326646023e-07 
1.200962804 
0.9999930096 
0.7318379739 
0.3599392335 
0.6724028859 
-0.400358941 
1.000007278 
6.246286569e-07 
1.600949948 
0.9999927221 
0.8461181119 
0.219648783 
0.5182951169 
-0.3623774802 
1.000007501 
4.997654701e-07 
2.000936991 
0.9999924991 
0.9139738651 
0.1269247433 
0.3861571346 
-0.2963984129 
1.000007683 
4.165059933e-07 
2.400923953 
0.9999923168 
0.9525829576 
0.07112722195 
0.2813536032 
-0.2286220219 
1.000007837 
3.570264354e-07 
2.800910848 
0.9999921627 
0.974042445 
0.03922065206 
0.2019741066 
-0.1702494326 
1.000007971 
3.12412115e-07 
3.200897686 
0.9999920293 
0.9858281839 
0.02145959015 
0.1435223544 
-0.1240288696 
1.000008089 
2.777093303e-07 
3.600884474 
0.9999919115 
0.9922659311 
0.01170515742 
0.1012476222 
-0.08906987501 
1.000008194 
2.499453648e-07 
4.000871217 
0.9999918062 
0.9957759444 
0.006380792156 
0.07103811687 
-0.06333700168 
1.000008289 
2.272282437e-07 
4.40085792 
0.9999917109 
0.9976898203 
0.003480846085 
0.04963215942 
-0.04471881586 
1.000008376 
2.08296519e-07 
4.800844587 
0.9999916239 
0.9987344842 
0.001901478041 
0.03455862718 
-0.03140378122 
1.000008456 
1.92276806e-07 
5.20083122 
0.9999915439 
0.9993055706 
0.001040446593 
0.02399518205 
-0.02195989581 
1.00000853 
1.785452138e-07 
5.600817823 
0.9999914698 
0.9996183027 
0.0005703094887 
0.01662081017 
-0.01530309305 
1.000008599 
1.666441946e-07 
6.000804397 
0.9999914008 
0.9997898586 
0.0003131545447 
0.01148902749 
-0.01063350798 
1.000008664 
1.562305697e-07 
6.400790944 
0.9999913363 
0.9998841312 
0.0001722407579 
0.007927375758 
-0.007370683589 
1.000008724 
1.470418964e-07 
6.800777467 
0.9999912757 
0.9999360203 
9.488618871e-05 
0.005461115209 
-0.005098193669 
1.000008782 
1.388740446e-07 
7.200763965 
0.9999912185 
0.9999646251 
5.234997223e-05 
0.003756762077 
-0.003519786934 
1.000008836 
1.315658531e-07 
7.600750442 
0.9999911644 
0.9999804168 
2.892225762e-05 
0.002581006924 
-0.002426055667 
1.000008887 
1.24988389e-07 
8.000736898 
0.9999911132 
0.9999891465 
1.59995379e-05 
0.001771173173 
-0.001669730721 
1.000008936 
1.190372753e-07 
8.400723333 
0.9999910644 
0.9999939783 
8.861387705e-06 
0.001214157442 
-0.001147672884 
1.000008982 
1.136271101e-07 
8.80070975 
0.9999910179 
0.9999966558 
4.913346034e-06 
0.0008315163075 
-0.0007878996518 
1.000009027 
1.086873428e-07 
9.200696148 
0.9999909734 
0.999998141 
2.727089551e-06 
0.000568961612 
-0.0005403214181 
1.000009069 
1.041591796e-07 
9.600682529 
0.9999909309 
0.9999989658 
1.515080874e-06 
0.000388993243 
-0.000370171551 
1.00000911 
9.99932331e-08 
10.00066889 
0.99999089 
0.9999994242 
8.424753775e-07 
0.0002657510546 
-0.000253372442 
1.000009149 
9.614771306e-08 
10.40065524 
0.9999908508 
0.9999996791 
4.688530301e-07 
0.0001814285979 
-0.000173281726 
1.000009187 
9.258701985e-08 
10.80064157 
0.9999908131 
0.9999998211 
2.611258022e-07 
0.0001237814896 
-0.0001184161983 
1.000009223 
8.928063904e-08 
11.20062789 
0.9999907767 
0.9999999002 
1.455371822e-07 
8.440031733e-05 
-8.086474662e-05 
1.000009258 
8.620226472e-08 
11.6006142 
0.9999907416 
0.9999999443 
8.11687301e-08 
5.751593187e-05 
-5.518477289e-05 
1.000009292 
8.332909816e-08 
12.00060049 
0.9999907077 
0.9999999689 
4.529762303e-08 
3.917451043e-05 
-3.763665858e-05 
1.000009325 
8.064128214e-08 
12.40058676 
0.999990675 
0.9999999826 
2.529395836e-08 
2.666886328e-05 
-2.565384712e-05 
1.000009357 
7.812144142e-08 
12.80057303 
0.9999906432 
0.9999999903 
1.413179082e-08 
1.81469581e-05 
-1.747671213e-05 
1.000009388 
7.575430668e-08 
13.20055928 
0.9999906124 
0.9999999946 
7.899547475e-09 
1.234278988e-05 
-1.190001158e-05 
1.000009417 
7.352640485e-08 
13.60054552 
0.9999905826 
0.999999997 
4.417928003e-09 
8.391580522e-06 
-8.098950782e-06 
1.000009446 
7.142580254e-08 
14.00053174 
0.9999905536 
0.9999999983 
2.471919575e-09 
5.70302137e-06 
-5.509548259e-06 
1.000009475 
6.94418922e-08 
14.40051796 
0.9999905254 
0.999999999 
1.383687872e-09 
3.874414763e-06 
-3.746451993e-06 
1.000009502 
6.756521296e-08 
14.80050416 
0.999990498 
0.9999999995 
7.748539101e-10 
2.631209731e-06 
-2.546545674e-06 
1.000009529 
6.578729977e-08 
15.20049036 
0.9999904714 
0.9999999997 
4.340801386e-10 
1.786326298e-06 
-1.730291327e-06 
1.000009555 
6.410055572e-08 
15.60047654 
0.9999904454 
0.9999999998 
2.432649755e-10 
1.212353404e-06 
-1.175254879e-06 
1.00000958 
6.249814356e-08 
16.00046271 
0.9999904201 
0.9999999999 
1.363768588e-10 
8.225597042e-07 
-7.979908505e-07 
1.000009605 
6.097389305e-08 
16.40044888 
0.9999903954 
0.9999999999 
7.647959193e-11 
5.579323368e-07 
-5.416567116e-07 
1.000009629 
5.952222153e-08 
16.80043503 
0.9999903713 
    1 
4.290300247e-11 
3.783356596e-07 
-3.675509306e-07 
1.000009652 
5.813806567e-08 
17.20042118 
0.9999903478 
    1 
2.407449733e-11 
2.564838395e-07 
-2.493356808e-07 
1.000009675 
5.681682237e-08 
17.60040731 
0.9999903248 
    1 
1.351301686e-11 
1.738339947e-07 
-1.690949861e-07 
1.000009698 
5.555429771e-08 
18.00039344 
0.9999903023 
    1 
7.586973208e-12 
1.177893582e-07 
-1.146467917e-07 
1.00000972 
5.434666242e-08 
18.40037955 
0.9999902803 
    1 
4.260874209e-12 
7.979550219e-08 
-7.771110374e-08 
1.000009741 
5.31904131e-08 
18.80036566 
0.9999902588 
    1 
2.393652566e-12 
5.404504453e-08 
-5.266220381e-08 
1.000009762 
5.20823383e-08 
19.20035176 
0.9999902378 
    1 
1.344966206e-12 
3.659673195e-08 
-3.567912886e-08 
1.000009783 
5.101948872e-08 
19.60033785 
0.9999902172 
    1 
7.559293629e-13 
2.477657719e-08 
-2.416756608e-08 
1.000009803 
4.999915097e-08 
20.00032393 
0.999990197 
    1 
4.25016859e-13 
1.677089735e-08 
-1.636661964e-08 
1.000009823 
4.901882449e-08 
20.40031001 
0.9999901772 
    1 
2.391691768e-13 
1.134985964e-08 
-1.108143933e-08 
1.000009842 
4.807620104e-08 
20.80029608 
0.9999901577 
    1 
1.348789263e-13 
7.679746956e-09 
-7.501497222e-09 
1.000009861 
4.716914659e-08 
21.20028213 
0.9999901387 
    1 
7.665421879e-14 
5.195512861e-09 
-5.07712219e-09 
1.00000988 
4.629568518e-08 
21.60026819 
0.99999012 
    1 
4.345935449e-14 
3.514291163e-09 
-3.435644838e-09 
1.000009898 
4.545398455e-08 
22.00025423 
0.9999901017 
    1 
2.824543355e-14 
2.37671673e-09 
-2.324463979e-09 
1.000009916 
4.464234329e-08 
22.40024027 
0.9999900836 
    1 
2.650714069e-14 
1.607125908e-09 
-1.572403709e-09 
1.000009934 
4.385917941e-08 
22.8002263 
0.9999900659 
    1 
2.579830269e-14 
1.086569431e-09 
-1.063492911e-09 
1.000009952 
4.310302001e-08 
23.20021232 
0.9999900485 
    1 
2.587609225e-14 
7.345178472e-10 
-7.191788758e-10 
1.000009969 
4.237249202e-08 
23.60019834 
0.9999900315 
    1 
2.642540752e-14 
4.964626618e-10 
-4.862654157e-10 
1.000009985 
4.166631395e-08 
24.00018435 
0.9999900146 
    1 
2.707991489e-14 
3.355151819e-10 
-3.287352034e-10 
1.000010002 
4.098328829e-08 
24.40017035 
0.9999899981 
    1 
2.766094139e-14 
2.26715384e-10 
-2.222068992e-10 
1.000010018 
4.032229482e-08 
24.80015635 
0.9999899819 
    1 
2.810170362e-14 
1.531774468e-10 
-1.501790579e-10 
1.000010034 
3.968228443e-08 
25.20014233 
0.9999899659 
    1 
2.839516087e-14 
1.034797554e-10 
-1.014854179e-10 
1.00001005 
3.906227357e-08 
25.60012832 
0.9999899501 
    1 
2.855035073e-14 
6.989793142e-11 
-6.857126694e-11 
1.000010065 
3.846133923e-08 
26.0001143 
0.9999899346 
    1 
2.858580236e-14 
4.720882296e-11 
-4.632620311e-11 
1.000010081 
3.787861431e-08 
26.40010027 
0.9999899193 
    1 
2.85187081e-14 
3.188110964e-11 
-3.129384354e-11 
1.000010096 
3.731328352e-08 
26.80008623 
0.9999899043 
    1 
2.835472781e-14 
2.15276446e-11 
-2.113685461e-11 
1.000010111 
3.676457948e-08 
27.20007219 
0.9999898895 
    1 
2.80885023e-14 
1.453495835e-11 
-1.427488384e-11 
1.000010125 
3.623177932e-08 
27.60005814 
0.9999898749 
    1 
2.773451549e-14 
9.812655719e-12 
-9.639555861e-12 
1.00001014 
3.571420147e-08 
28.00004409 
0.9999898605 
    1 
2.740129254e-14 
6.623935167e-12 
-6.508712226e-12 
1.000010154 
3.521120276e-08 
28.40003003 
0.9999898463 
    1 
2.703957903e-14 
4.470988181e-12 
-4.394283245e-12 
1.000010168 
3.472217574e-08 
28.80001597 
0.9999898323 
    1 
2.667130885e-14 
3.017519292e-12 
-2.966451317e-12 
1.000010182 
3.424654626e-08 
29.2000019 
0.9999898185 
    1 
2.628267959e-14 
2.036370394e-12 
-2.002367662e-12 
1.000010195 
3.378377119e-08 
29.59998782 
0.9999898049 
    1 
2.589630791e-14 
1.374120239e-12 
-1.351478083e-12 
1.000010209 
3.333333637e-08 
29.99997374 
0.9999897915 
    1 
2.553359461e-14 
9.271605745e-13 
-9.120820276e-13 
1.000010222 
3.28947547e-08 
30.39995966 
0.9999897783 
    1 
2.522261366e-14 
6.255303838e-13 
-6.154879741e-13 
1.000010235 
3.246756439e-08 
30.79994556 
0.9999897652 
    1 
2.499240407e-14 
4.219937655e-13 
-4.15304906e-13 
1.000010248 
3.205132732e-08 
31.19993147 
0.9999897523 
    1 
2.487031846e-14 
2.846614999e-13 
-2.802059555e-13 
1.000010261 
3.164562756e-08 
31.59991737 
0.9999897396 
    1 
2.488361048e-14 
1.920071367e-13 
-1.890390082e-13 
1.000010273 
3.125006997e-08 
31.99990326 
0.999989727 
    1 
2.504004259e-14 
1.295008973e-13 
-1.275234912e-13 
1.000010286 
3.086427893e-08 
32.39988915 
0.9999897146 
    1 
2.534418306e-14 
8.733649145e-14 
-8.601903272e-14 
1.000010298 
3.048789713e-08 
32.79987503 
0.9999897023 
    1 
2.579455756e-14 
5.889616264e-14 
-5.801835423e-14 
1.00001031 
3.01205845e-08 
33.19986091 
0.9999896902 
    1 
2.638150235e-14 
3.971432751e-14 
-3.912944228e-14 
1.000010322 
2.976201714e-08 
33.59984678 
0.9999896782 
    1 
2.708587166e-14 
2.677792408e-14 
-2.638823287e-14 
1.000010334 
2.941188641e-08 
33.99983265 
0.9999896664 
    1 
2.787824044e-14 
1.805412031e-14 
-1.779453218e-14 
1.000010345 
2.906989801e-08 
34.39981852 
0.9999896547 
    1 
2.872753687e-14 
1.21715301e-14 
-1.199870046e-14 
1.000010357 
2.873577118e-08 
34.79980438 
0.9999896431 
    1 
2.961228521e-14 
8.205062432e-15 
-8.090142881e-15 
1.000010368 
2.840923793e-08 
35.19979023 
0.9999896317 
    1 
3.050718602e-14 
5.530726676e-15 
-5.454541379e-15 
1.00001038 
2.809004229e-08 
35.59977608 
0.9999896204 
    1 
3.138574674e-14 
3.727655673e-15 
-3.677496208e-15 
1.000010391 
2.777793969e-08 
35.99976193 
0.9999896092 
    1 
3.222084227e-14 
2.51199604e-15 
-2.479497969e-15 
1.000010402 
2.74726963e-08 
36.39974777 
0.9999895982 
    1 
3.298560615e-14 
1.69230294e-15 
-1.672048648e-15 
1.000010413 
2.717408845e-08 
36.79973361 
0.9999895872 
    1 
3.366263527e-14 
1.139444386e-15 
-1.128058375e-15 
1.000010424 
2.688190209e-08 
37.19971944 
0.9999895764 
    1 
3.42438731e-14 
7.662934026e-16 
-7.618786712e-16 
1.000010434 
2.65959323e-08 
37.59970527 
0.9999895657 
    1 
3.471370283e-14 
5.140205736e-16 
-5.158417773e-16 
1.000010445 
2.631598276e-08 
37.99969109 
0.9999895551 
    1 
3.506705462e-14 
3.428345149e-16 
-3.511948501e-16 
1.000010455 
2.604186535e-08 
38.39967691 
0.9999895447 
    1 
3.528949416e-14 
2.257155583e-16 
-2.420066467e-16 
1.000010466 
2.57733997e-08 
38.79966273 
0.9999895343 
    1 
3.538506718e-14 
1.441575966e-16 
-1.710904777e-16 
1.000010476 
2.55104128e-08 
39.19964854 
0.999989524 
    1 
3.535946068e-14 
8.524818575e-17 
-1.273036568e-16 
1.000010486 
2.525273862e-08 
39.59963435 
0.9999895139 
    1 
3.521081287e-14 
3.962695403e-17 
-1.037999374e-16 
