0.4831103741 
-0.0006165824061 
1.000005963 
2.217352137e-06 
0.4509877601 
0.9999940368 
0.3368489634 
0.6888758631 
0.9402780737 
-0.2522391648 
1.000006655 
1.109907357e-06 
0.9009749032 
0.9999933447 
0.604371275 
0.4926053208 
0.7914762011 
-0.3852138922 
1.00000706 
7.40212392e-07 
1.350961811 
0.9999929396 
0.7813717714 
0.3015980804 
0.6128812933 
-0.3918273156 
1.000007348 
5.55262206e-07 
1.800948566 
0.9999926522 
0.8846699837 
0.167817261 
0.4488987256 
-0.3308251799 
1.000007571 
4.442591996e-07 
2.250935208 
0.9999924291 
0.9406496348 
0.08860070959 
0.3174787061 
-0.253286689 
1.000007753 
3.70243481e-07 
2.700921759 
0.9999922469 
0.9698116762 
0.04555792376 
0.2196643277 
-0.1837198667 
1.000007907 
3.173683901e-07 
3.150908234 
0.9999920928 
0.9847138255 
0.02314495849 
0.1498498929 
-0.12915379 
1.000008041 
2.777083953e-07 
3.600894645 
0.9999919593 
0.9922660513 
0.01170497501 
0.1012467198 
-0.08906911542 
1.000008159 
2.468595532e-07 
4.050881 
0.9999918415 
0.9960832509 
0.005914843821 
0.06793799837 
-0.06066076042 
1.000008264 
2.221791059e-07 
4.500867305 
0.9999917362 
0.9980128784 
0.002992025244 
0.04535068603 
-0.04095482128 
1.000008359 
2.019851043e-07 
4.950853564 
0.9999916409 
0.998989743 
0.001516324642 
0.03014888792 
-0.02747353905 
1.000008446 
1.851561449e-07 
5.400839783 
0.9999915539 
0.9994852767 
0.0007701219555 
0.01997571261 
-0.01833871828 
1.000008526 
1.709158125e-07 
5.850825964 
0.9999914739 
0.9997372009 
0.0003920059236 
0.01319813317 
-0.01219248963 
1.0000086 
1.587094895e-07 
6.300812111 
0.9999913998 
0.9998655591 
0.0001999695075 
0.008699195939 
-0.008079499629 
1.000008669 
1.481304344e-07 
6.750798225 
0.9999913308 
0.999931097 
0.0001022165116 
0.005721896372 
-0.005339081058 
1.000008734 
1.388735769e-07 
7.200784309 
0.9999912663 
0.9999646262 
5.234839574e-05 
0.003756691246 
-0.003519721171 
1.000008794 
1.307056186e-07 
7.650770365 
0.9999912057 
0.9999818112 
2.68564127e-05 
0.002462441723 
-0.0023154948 
1.000008852 
1.234450988e-07 
8.100756395 
0.9999911485 
0.999990634 
1.3800482e-05 
0.00161174575 
-0.001520483347 
1.000008906 
1.169487545e-07 
8.5507424 
0.9999910945 
0.9999951708 
7.102074677e-06 
0.001053563358 
-0.0009968074646 
1.000008957 
1.111019721e-07 
9.000728381 
0.9999910432 
0.999997507 
3.659893773e-06 
0.0006878796643 
-0.0006525405338 
1.000009006 
1.05811967e-07 
9.450714339 
0.9999909944 
0.9999987116 
1.888409144e-06 
0.0004486406336 
-0.0004266126145 
1.000009052 
1.010028226e-07 
9.900700276 
0.9999909479 
0.9999993334 
9.754939694e-07 
0.0002923206862 
-0.0002785762632 
1.000009097 
9.66118241e-08 
10.35068619 
0.9999909034 
0.9999996548 
5.044459046e-07 
0.0001902964557 
-0.0001817128059 
1.000009139 
9.258670807e-08 
10.80067209 
0.9999908609 
0.9999998211 
2.611142391e-07 
0.0001237779228 
-0.0001184128001 
1.00000918 
8.888357255e-08 
11.25065797 
0.9999908201 
0.9999999072 
1.352820944e-07 
8.044972386e-05 
-7.709372919e-05 
1.000009219 
8.546526913e-08 
11.70064383 
0.9999907808 
0.9999999518 
7.014792945e-08 
5.225156196e-05 
-5.015082435e-05 
1.000009257 
8.23001524e-08 
12.15062967 
0.9999907431 
0.999999975 
3.640222424e-08 
3.391479552e-05 
-3.259893736e-05 
1.000009293 
7.936109739e-08 
12.6006155 
0.9999907067 
0.999999987 
1.890408872e-08 
2.199955667e-05 
-2.117482403e-05 
1.000009328 
7.662472021e-08 
13.05060131 
0.9999906716 
0.9999999932 
9.823738917e-09 
1.42623501e-05 
-1.374514088e-05 
1.000009362 
7.407075456e-08 
13.5005871 
0.9999906378 
0.9999999965 
5.108243666e-09 
9.241375725e-06 
-8.916847701e-06 
1.000009395 
7.168154901e-08 
13.95057288 
0.999990605 
0.9999999982 
2.657800267e-09 
5.985011289e-06 
-5.781280618e-06 
1.000009427 
6.944165836e-08 
14.40055865 
0.9999905732 
0.999999999 
1.383607328e-09 
3.874264457e-06 
-3.746306989e-06 
1.000009458 
6.733750945e-08 
14.8505444 
0.9999905424 
0.9999999995 
7.206565462e-10 
2.506810277e-06 
-2.426408104e-06 
1.000009487 
6.535712585e-08 
15.30053014 
0.9999905126 
0.9999999997 
3.755392835e-10 
1.621334169e-06 
-1.570792239e-06 
1.000009516 
6.34898998e-08 
15.75051586 
0.9999904836 
0.9999999999 
1.957861475e-10 
1.048220159e-06 
-1.016436226e-06 
1.000009545 
6.172640207e-08 
16.20050157 
0.9999904554 
0.9999999999 
1.021164258e-10 
6.774396445e-07 
-6.574444368e-07 
1.000009572 
6.005822277e-08 
16.65048727 
0.999990428 
    1 
5.328266989e-11 
4.376584691e-07 
-4.250750657e-07 
1.000009599 
5.847783721e-08 
17.10047296 
0.9999904014 
    1 
2.781252205e-11 
2.826536117e-07 
-2.747319492e-07 
1.000009625 
5.69784924e-08 
17.55045863 
0.9999903754 
    1 
1.452233554e-11 
1.824884884e-07 
-1.774999507e-07 
1.00000965 
5.555411063e-08 
18.00044429 
0.9999903501 
    1 
7.585772282e-12 
1.177836123e-07 
-1.146412075e-07 
1.000009675 
5.41992071e-08 
18.45042995 
0.9999903254 
    1 
3.963842957e-12 
7.599919208e-08 
-7.401913979e-08 
1.000009699 
5.290881934e-08 
18.90041559 
0.9999903013 
    1 
2.071873569e-12 
4.902454875e-08 
-4.777655908e-08 
1.000009722 
5.167844648e-08 
19.35040122 
0.9999902778 
    1 
1.083396893e-12 
3.161580004e-08 
-3.082900848e-08 
1.000009745 
5.050399681e-08 
19.80038684 
0.9999902548 
    1 
5.668698705e-13 
2.038382802e-08 
-1.988767268e-08 
1.000009768 
4.93817423e-08 
20.25037245 
0.9999902323 
    1 
2.970679548e-13 
1.313902214e-08 
-1.282606838e-08 
1.00000979 
4.830827908e-08 
20.70035805 
0.9999902103 
    1 
1.563809155e-13 
8.467213234e-09 
-8.269769772e-09 
1.000009811 
4.728049297e-08 
21.15034364 
0.9999901888 
    1 
8.337831679e-14 
5.455345427e-09 
-5.330750244e-09 
1.000009832 
4.629552928e-08 
21.60032922 
0.9999901678 
    1 
4.655655508e-14 
3.514084622e-09 
-3.43544313e-09 
1.000009853 
4.535076634e-08 
22.05031479 
0.9999901472 
    1 
3.052977924e-14 
2.263153662e-09 
-2.213506943e-09 
1.000009873 
4.444379222e-08 
22.50030035 
0.999990127 
    1 
2.942424697e-14 
1.457240337e-09 
-1.425892022e-09 
1.000009893 
4.357238415e-08 
22.9502859 
0.9999901072 
    1 
2.9071648e-14 
9.381383535e-10 
-9.18340438e-10 
1.000009912 
4.273449032e-08 
23.40027145 
0.9999900877 
    1 
2.860648974e-14 
6.038432696e-10 
-5.913377069e-10 
1.000009931 
4.192821379e-08 
23.85025698 
0.9999900687 
    1 
2.818227982e-14 
3.886029531e-10 
-3.807023069e-10 
1.00000995 
4.115179811e-08 
24.30024251 
0.99999005 
    1 
2.783710527e-14 
2.500433045e-10 
-2.450510714e-10 
1.000009968 
4.040361457e-08 
24.75022803 
0.9999900317 
    1 
2.75148713e-14 
1.608622806e-10 
-1.577072953e-10 
1.000009986 
3.96821508e-08 
25.20021354 
0.9999900136 
    1 
2.722904465e-14 
1.034726397e-10 
-1.014784446e-10 
1.000010004 
3.898600054e-08 
25.65019904 
0.9999899959 
    1 
2.697331348e-14 
6.654745929e-11 
-6.528678359e-11 
1.000010022 
3.831385454e-08 
26.10018453 
0.9999899785 
    1 
2.676355652e-14 
4.279315286e-11 
-4.199607202e-11 
1.000010039 
3.766449228e-08 
26.55017002 
0.9999899615 
    1 
2.661212864e-14 
2.751414658e-11 
-2.701010949e-11 
1.000010055 
3.703677461e-08 
27.0001555 
0.9999899446 
    1 
2.651652944e-14 
1.768800129e-11 
-1.736922813e-11 
1.000010072 
3.642963709e-08 
27.45014097 
0.9999899281 
    1 
2.645541822e-14 
1.13695776e-11 
-1.116794617e-11 
1.000010088 
3.584208394e-08 
27.90012644 
0.9999899119 
    1 
2.642613416e-14 
7.307260057e-12 
-7.179707225e-12 
1.000010104 
3.527318261e-08 
28.35011189 
0.9999898959 
    1 
2.642144772e-14 
4.695817262e-12 
-4.615116865e-12 
1.00001012 
3.472205881e-08 
28.80009734 
0.9999898801 
    1 
2.643111861e-14 
3.017281635e-12 
-2.966217819e-12 
1.000010135 
3.418789208e-08 
29.25008278 
0.9999898646 
    1 
2.644372971e-14 
1.938519256e-12 
-1.906204469e-12 
1.000010151 
3.366991167e-08 
29.70006822 
0.9999898493 
    1 
2.644812379e-14 
1.245304335e-12 
-1.224852216e-12 
1.000010166 
3.316739285e-08 
30.15005365 
0.9999898343 
    1 
2.643442073e-14 
7.998958167e-13 
-7.869501985e-13 
1.000010181 
3.267965349e-08 
30.60003907 
0.9999898195 
    1 
2.639431471e-14 
5.137422338e-13 
-5.055471494e-13 
1.000010195 
3.220605105e-08 
31.05002449 
0.9999898049 
    1 
2.632036639e-14 
3.29922813e-13 
-3.247344677e-13 
1.00001021 
3.174597967e-08 
31.5000099 
0.9999897905 
    1 
2.621856404e-14 
2.118536325e-13 
-2.085685379e-13 
1.000010224 
3.129886763e-08 
31.9499953 
0.9999897763 
    1 
2.611101301e-14 
1.360245134e-13 
-1.339442936e-13 
1.000010238 
3.086417499e-08 
32.3999807 
0.9999897623 
    1 
2.599832118e-14 
8.732876171e-14 
-8.601137958e-14 
1.000010252 
3.044139136e-08 
32.84996609 
0.9999897485 
    1 
2.588419551e-14 
5.606055435e-14 
-5.522619262e-14 
1.000010265 
3.003003397e-08 
33.29995147 
0.9999897349 
    1 
2.57759531e-14 
3.598475121e-14 
-3.545626217e-14 
1.000010279 
2.962964578e-08 
33.74993685 
0.9999897215 
    1 
2.568398896e-14 
2.309626083e-14 
-2.276148385e-14 
1.000010292 
2.92397938e-08 
34.19992222 
0.9999897083 
    1 
2.562111438e-14 
1.482271931e-14 
-1.461063323e-14 
1.000010305 
2.886006756e-08 
34.64990758 
0.9999896952 
    1 
2.560272408e-14 
9.512136595e-15 
-9.377765841e-15 
1.000010318 
2.84900776e-08 
35.09989294 
0.9999896823 
    1 
2.563441999e-14 
6.103699809e-15 
-6.018560047e-15 
1.000010331 
2.812945421e-08 
35.5498783 
0.9999896696 
    1 
2.570876508e-14 
3.916282609e-15 
-3.862332263e-15 
1.000010343 
2.777784615e-08 
35.99986365 
0.999989657 
    1 
2.584022549e-14 
2.512589233e-15 
-2.478400021e-15 
1.000010356 
2.743491952e-08 
36.44984899 
0.9999896446 
    1 
2.604284759e-14 
1.611893658e-15 
-1.590225816e-15 
1.000010368 
2.710035673e-08 
36.89983433 
0.9999896323 
    1 
2.631921967e-14 
1.03399747e-15 
-1.020264265e-15 
1.00001038 
2.677385548e-08 
37.34981966 
0.9999896202 
    1 
2.665664654e-14 
6.632412028e-16 
-6.545365025e-16 
1.000010392 
2.645512785e-08 
37.79980499 
0.9999896082 
    1 
2.705184125e-14 
4.253957348e-16 
-4.198781039e-16 
1.000010404 
2.61438995e-08 
38.24979031 
0.9999895964 
    1 
2.748401852e-14 
2.728254967e-16 
-2.693280773e-16 
1.000010415 
2.583990883e-08 
38.69977562 
0.9999895847 
    1 
2.795251573e-14 
1.749634535e-16 
-1.727468466e-16 
1.000010427 
2.554290626e-08 
39.14976093 
0.9999895731 
    1 
2.845222922e-14 
1.1219673e-16 
-1.107924581e-16 
1.000010438 
2.525265358e-08 
39.59974624 
0.9999895617 
    1 
2.897251753e-14 
7.194196767e-17 
-7.1053327e-17 
1.00001045 
2.496892327e-08 
40.04973154 
0.9999895504 
    1 
2.949782519e-14 
4.612641955e-17 
-4.556570644e-17 
1.000010461 
2.469149791e-08 
40.49971683 
0.9999895392 
    1 
3.001166928e-14 
2.957140116e-17 
-2.922021201e-17 
1.000010472 
2.442016967e-08 
40.94970212 
0.9999895282 
    1 
3.049862787e-14 
1.895491448e-17 
-1.873911045e-17 
1.000010483 
2.415473972e-08 
41.39968741 
0.9999895172 
    1 
3.094385529e-14 
1.2145973e-17 
-1.202000839e-17 
1.000010494 
2.38950178e-08 
41.84967269 
0.9999895064 
    1 
3.133274657e-14 
7.777444592e-18 
-7.714741321e-18 
1.000010504 
2.364082174e-08 
42.29965797 
0.9999894957 
    1 
3.164721087e-14 
4.971917703e-18 
-4.959248877e-18 
1.000010515 
2.339197705e-08 
42.74964324 
0.9999894851 
    1 
3.187717435e-14 
3.16570397e-18 
-3.200397535e-18 
1.000010525 
2.314831651e-08 
43.1996285 
0.9999894747 
    1 
3.202422306e-14 
1.995725019e-18 
-2.085095039e-18 
1.000010536 
2.290967978e-08 
43.64961376 
0.9999894643 
    1 
3.207635453e-14 
1.226617433e-18 
-1.389500813e-18 
1.000010546 
2.267591307e-08 
44.09959902 
0.999989454 
    1 
3.203420321e-14 
7.034406091e-19 
-9.741610579e-19 
1.000010556 
2.244686881e-08 
44.54958427 
0.9999894439 
    1 
3.188595056e-14 
3.204973017e-19 
-7.560894417e-19 
