0.4573124517 
-0.0006165835699 
1.000006008 
1.996053585e-06 
0.5009874891 
0.9999939917 
0.3708297641 
0.6701265267 
0.9271139262 
-0.274049488 
1.0000067 
9.990245318e-07 
1.000974292 
0.9999932996 
0.6513261926 
0.4466676531 
0.7523686102 
-0.3959009975 
1.000007106 
6.66238486e-07 
1.500960834 
0.9999928945 
0.8226600014 
0.2500815218 
0.5552226375 
-0.3759260287 
1.000007393 
4.997622479e-07 
2.000947206 
0.999992607 
0.9139752192 
0.1269228214 
0.3861540743 
-0.296396612 
1.000007616 
3.998498532e-07 
2.500933452 
0.9999923839 
0.9591964306 
0.06135868582 
0.2592787885 
-0.2129400314 
1.000007798 
3.332304787e-07 
3.000919597 
0.9999922017 
0.9808175419 
0.02902851821 
0.17043622 
-0.1456272358 
1.000007952 
2.856397662e-07 
3.500905658 
0.9999920476 
0.9910022644 
0.01362172056 
0.110537158 
-0.09685755099 
1.000008086 
2.499437529e-07 
4.000891648 
0.9999919141 
0.9957760762 
0.006380592283 
0.07103683032 
-0.06333589202 
1.000008204 
2.221784212e-07 
4.500877575 
0.9999917963 
0.9980129095 
0.002991978245 
0.04535026905 
-0.04095445389 
1.000008309 
1.999650429e-07 
5.000863446 
0.999991691 
0.9990627864 
0.001406191816 
0.02880517883 
-0.02627256151 
1.000008404 
1.817897246e-07 
5.500849268 
0.9999915957 
0.9995567886 
0.0006626707614 
0.01822208688 
-0.01675354844 
1.000008491 
1.666431199e-07 
6.000835044 
0.9999915087 
0.9997898682 
0.0003131401737 
0.01148870527 
-0.01063321363 
1.000008571 
1.538264025e-07 
6.500820778 
0.9999914287 
0.9999001363 
0.0001483604698 
0.007222974657 
-0.006722849804 
1.000008646 
1.428403824e-07 
7.000806474 
0.9999913546 
0.9999524363 
7.046260106e-05 
0.004530086088 
-0.004236888023 
1.000008714 
1.33318969e-07 
7.500792133 
0.9999912856 
0.9999773006 
3.354089057e-05 
0.002835169549 
-0.002662882647 
1.000008779 
1.249875829e-07 
8.00077776 
0.9999912211 
0.9999891471 
1.599857575e-05 
0.001771105888 
-0.001669667756 
1.00000884 
1.176362442e-07 
8.500763355 
0.9999911604 
0.9999948025 
7.64538346e-06 
0.001104572289 
-0.001044745547 
1.000008897 
1.111016297e-07 
9.000748921 
0.9999911033 
0.9999975071 
3.659783921e-06 
0.0006878665006 
-0.0006525281192 
1.000008951 
1.052547967e-07 
9.500734459 
0.9999910492 
0.9999988027 
1.754622862e-06 
0.000427798361 
-0.0004068965372 
1.000009002 
9.999258818e-08 
10.00071997 
0.9999909979 
0.9999994242 
8.424127833e-07 
0.0002657383117 
-0.0002533603504 
1.000009051 
9.523149446e-08 
10.50070546 
0.9999909492 
0.9999997228 
4.049727762e-07 
0.0001648909672 
-0.0001575527294 
1.000009097 
9.090318788e-08 
11.00069092 
0.9999909026 
0.9999998664 
1.949121769e-07 
0.0001022135513 
-9.785873779e-05 
1.000009142 
8.695122289e-08 
11.50067636 
0.9999908582 
0.9999999355 
9.391219509e-08 
6.330311605e-05 
-6.071641937e-05 
1.000009184 
8.332856071e-08 
12.00066178 
0.9999908156 
0.9999999689 
4.529361766e-08 
3.917224131e-05 
-3.763448579e-05 
1.000009225 
7.999568818e-08 
12.50064718 
0.9999907748 
0.999999985 
2.186503302e-08 
2.422124818e-05 
-2.33063633e-05 
1.000009264 
7.691917062e-08 
13.00063255 
0.9999907356 
0.9999999927 
1.05640641e-08 
1.496595024e-05 
-1.442124979e-05 
1.000009302 
7.407052626e-08 
13.50061791 
0.9999906979 
0.9999999965 
5.108018137e-09 
9.241106706e-06 
-8.916588813e-06 
1.000009339 
7.142534186e-08 
14.00060325 
0.9999906615 
0.9999999983 
2.471666082e-09 
5.702634115e-06 
-5.509175061e-06 
1.000009374 
6.896257131e-08 
14.50058858 
0.9999906264 
0.9999999992 
1.196798675e-09 
3.517035805e-06 
-3.401639773e-06 
1.000009408 
6.666397443e-08 
15.00057388 
0.9999905925 
0.9999999996 
5.798643995e-10 
2.167923805e-06 
-2.099054172e-06 
1.00000944 
6.451366449e-08 
15.50055917 
0.9999905597 
0.9999999998 
2.811173797e-10 
1.335647463e-06 
-1.294524448e-06 
1.000009472 
6.249774046e-08 
16.00054444 
0.999990528 
0.9999999999 
1.363601775e-10 
8.224956367e-07 
-7.979288141e-07 
1.000009503 
6.060398618e-08 
16.5005297 
0.9999904972 
    1 
6.617754923e-11 
5.062691198e-07 
-4.915863612e-07 
1.000009533 
5.88216226e-08 
17.00051494 
0.9999904674 
    1 
3.21325412e-11 
3.114916809e-07 
-3.027125853e-07 
1.000009562 
5.71411025e-08 
17.50050016 
0.9999904384 
    1 
1.560903654e-11 
1.915749938e-07 
-1.863237147e-07 
1.00000959 
5.555393939e-08 
18.00048538 
0.9999904102 
    1 
7.58589231e-12 
1.177790074e-07 
-1.146367322e-07 
1.000009617 
5.405256421e-08 
18.50047057 
0.9999903828 
    1 
3.688267483e-12 
7.238394856e-08 
-7.050299319e-08 
1.000009644 
5.263020457e-08 
19.00045576 
0.9999903561 
    1 
1.794018414e-12 
4.44702843e-08 
-4.334396919e-08 
1.00000967 
5.128078268e-08 
19.50044093 
0.9999903302 
    1 
8.731431348e-13 
2.731229187e-08 
-2.663763788e-08 
1.000009695 
4.999882848e-08 
20.00042609 
0.9999903049 
    1 
4.253963347e-13 
1.676925607e-08 
-1.636501987e-08 
1.00000972 
4.877940555e-08 
20.50041124 
0.9999902802 
    1 
2.078528967e-13 
1.029302867e-08 
-1.005074962e-08 
1.000009744 
4.761804758e-08 
21.00039637 
0.9999902561 
    1 
1.028217045e-13 
6.316146341e-09 
-6.170895985e-09 
1.000009768 
4.651070373e-08 
21.50038149 
0.9999902325 
    1 
5.331779422e-14 
3.87477312e-09 
-3.787670003e-09 
1.000009791 
4.545369137e-08 
22.0003666 
0.9999902095 
    1 
3.134792291e-14 
2.376460386e-09 
-2.324213523e-09 
1.000009813 
4.444365523e-08 
22.5003517 
0.9999901871 
    1 
2.839092065e-14 
1.457168805e-09 
-1.425822096e-09 
1.000009835 
4.347753177e-08 
23.00033679 
0.9999901651 
    1 
2.816845785e-14 
8.932820562e-10 
-8.744705124e-10 
1.000009856 
4.255251818e-08 
23.50032187 
0.9999901436 
    1 
2.798185526e-14 
5.474834649e-10 
-5.361919179e-10 
1.000009878 
4.16660452e-08 
24.00030693 
0.9999901225 
    1 
2.774868684e-14 
3.354756419e-10 
-3.286964953e-10 
1.000009898 
4.08157533e-08 
24.50029199 
0.9999901019 
    1 
2.749615005e-14 
2.055238687e-10 
-2.014530152e-10 
1.000009918 
3.999947169e-08 
25.00027704 
0.9999900817 
    1 
2.727091834e-14 
1.258862541e-10 
-1.234412404e-10 
1.000009938 
3.921519986e-08 
25.50026207 
0.9999900619 
    1 
2.708619661e-14 
7.709254911e-11 
-7.562376089e-11 
1.000009958 
3.846109115e-08 
26.0002471 
0.9999900425 
    1 
2.693528614e-14 
4.720278769e-11 
-4.632028498e-11 
1.000009977 
3.773543829e-08 
26.50023212 
0.9999900235 
    1 
2.678845237e-14 
2.889661413e-11 
-2.836628075e-11 
1.000009995 
3.703666045e-08 
27.00021712 
0.9999900048 
    1 
2.664696913e-14 
1.768695626e-11 
-1.736820263e-11 
1.000010014 
3.636329178e-08 
27.50020212 
0.9999899864 
    1 
2.651183712e-14 
1.082402265e-11 
-1.063240656e-11 
1.000010032 
3.571397111e-08 
28.00018711 
0.9999899684 
    1 
2.638282855e-14 
6.623022152e-12 
-6.507815654e-12 
1.000010049 
3.508743282e-08 
28.50017209 
0.9999899507 
    1 
2.625833035e-14 
4.051893264e-12 
-3.98261647e-12 
1.000010067 
3.448249854e-08 
29.00015706 
0.9999899333 
    1 
2.613532488e-14 
2.478542035e-12 
-2.436877919e-12 
1.000010084 
3.389806981e-08 
29.50014202 
0.9999899162 
    1 
2.600841779e-14 
1.515909247e-12 
-1.490848269e-12 
1.000010101 
3.333312137e-08 
30.00012698 
0.9999898994 
    1 
2.58858666e-14 
9.270235141e-13 
-9.119472661e-13 
1.000010117 
3.278669522e-08 
30.50011192 
0.9999898829 
    1 
2.579371156e-14 
5.668274181e-13 
-5.577566083e-13 
1.000010133 
3.225789513e-08 
31.00009686 
0.9999898666 
    1 
2.573059641e-14 
3.465415586e-13 
-3.410832947e-13 
1.000010149 
3.174588181e-08 
31.50008179 
0.9999898506 
    1 
2.568638067e-14 
2.118389984e-13 
-2.085541378e-13 
1.000010165 
3.12498684e-08 
32.00006671 
0.9999898349 
    1 
2.563611252e-14 
1.294804733e-13 
-1.275033597e-13 
1.000010181 
3.076911647e-08 
32.50005162 
0.9999898194 
    1 
2.558518369e-14 
7.913197401e-14 
-7.794183686e-14 
1.000010196 
3.030293232e-08 
33.00003653 
0.9999898041 
    1 
2.553392668e-14 
4.835602473e-14 
-4.763953235e-14 
1.000010211 
2.98506637e-08 
33.50002143 
0.9999897891 
    1 
2.547882078e-14 
2.954619079e-14 
-2.911479703e-14 
1.000010226 
2.94116967e-08 
34.00000632 
0.9999897743 
    1 
2.541201299e-14 
1.805120105e-14 
-1.779143493e-14 
1.00001024 
2.8985453e-08 
34.4999912 
0.9999897597 
    1 
2.533777157e-14 
1.102721217e-14 
-1.087077637e-14 
1.000010255 
2.857138734e-08 
34.99997608 
0.9999897453 
    1 
2.527728438e-14 
6.735683118e-15 
-6.64146519e-15 
1.000010269 
2.816898517e-08 
35.49996095 
0.9999897311 
    1 
2.522457777e-14 
4.113912674e-15 
-4.057161679e-15 
1.000010283 
2.777776052e-08 
35.99994581 
0.9999897171 
    1 
2.518227078e-14 
2.512390594e-15 
-2.478204083e-15 
1.000010297 
2.739725406e-08 
36.49993067 
0.9999897033 
    1 
2.515507844e-14 
1.534189604e-15 
-1.513593915e-15 
1.00001031 
2.702703127e-08 
36.99991551 
0.9999896897 
    1 
2.514771477e-14 
9.367674065e-16 
-9.243583994e-16 
1.000010324 
2.666668082e-08 
37.49990036 
0.9999896763 
    1 
2.516886288e-14 
5.719346354e-16 
-5.644574891e-16 
1.000010337 
2.631581302e-08 
37.99988519 
0.999989663 
    1 
2.521563097e-14 
3.491595326e-16 
-3.446537329e-16 
1.00001035 
2.597405844e-08 
38.49987002 
0.99998965 
    1 
2.526783119e-14 
2.131401374e-16 
-2.104246733e-16 
1.000010363 
2.564106656e-08 
38.99985484 
0.9999896371 
    1 
2.533346446e-14 
1.300982119e-16 
-1.284615781e-16 
1.000010376 
2.531650463e-08 
39.49983966 
0.9999896243 
    1 
2.541866506e-14 
7.940412118e-17 
-7.841762966e-17 
1.000010388 
2.500005655e-08 
39.99982447 
0.9999896117 
    1 
2.55313507e-14 
4.845975762e-17 
-4.78650977e-17 
1.000010401 
2.46914218e-08 
40.49980927 
0.9999895993 
    1 
2.567897529e-14 
2.957241059e-17 
-2.921392101e-17 
1.000010413 
2.439031455e-08 
40.99979406 
0.999989587 
    1 
2.586832134e-14 
1.804514182e-17 
-1.782901139e-17 
1.000010425 
2.409646271e-08 
41.49977886 
0.9999895749 
    1 
2.610704872e-14 
1.101039018e-17 
-1.088007794e-17 
1.000010437 
2.380960717e-08 
41.99976364 
0.999989563 
    1 
2.638710366e-14 
6.717608321e-18 
-6.639033835e-18 
1.000010449 
2.352950102e-08 
42.49974842 
0.9999895511 
    1 
2.668036841e-14 
4.098235207e-18 
-4.050854855e-18 
1.000010461 
2.32559088e-08 
42.99973319 
0.9999895394 
    1 
2.698968845e-14 
2.50005698e-18 
-2.471486444e-18 
1.000010472 
2.298860592e-08 
43.49971796 
0.9999895279 
    1 
2.731563636e-14 
1.525015198e-18 
-1.507788731e-18 
1.000010484 
2.272737796e-08 
43.99970272 
0.9999895164 
    1 
2.765502224e-14 
9.301856577e-19 
-9.19803025e-19 
1.000010495 
2.247202015e-08 
44.49968748 
0.9999895051 
    1 
2.80007154e-14 
5.673291458e-19 
-5.610787018e-19 
1.000010506 
2.222233683e-08 
44.99967222 
0.999989494 
    1 
2.834273767e-14 
3.459920841e-19 
-3.422418094e-19 
1.000010517 
2.197814094e-08 
45.49965697 
0.9999894829 
    1 
2.866980882e-14 
2.109841799e-19 
-2.08755105e-19 
1.000010528 
2.173925354e-08 
45.99964171 
0.999989472 
    1 
2.896993896e-14 
1.286323072e-19 
-1.273426975e-19 
1.000010539 
2.150550338e-08 
46.49962644 
0.9999894612 
    1 
2.922967388e-14 
7.839116741e-20 
-7.770454612e-20 
1.00001055 
2.127672652e-08 
46.99961117 
0.9999894505 
    1 
2.943187122e-14 
4.772314126e-20 
-4.746040033e-20 
1.00001056 
2.105276592e-08 
47.49959589 
0.9999894399 
    1 
2.957176535e-14 
2.897283817e-20 
-2.906545446e-20 
1.000010571 
2.083347106e-08 
47.99958061 
0.9999894294 
    1 
2.966094861e-14 
1.74581143e-20 
-1.793023222e-20 
1.000010581 
2.061869765e-08 
48.49956532 
0.9999894191 
    1 
2.967570616e-14 
1.030206305e-20 
-1.127674648e-20 
1.000010591 
2.040830728e-08 
48.99955003 
0.9999894088 
    1 
2.960772927e-14 
5.714925203e-21 
-7.446186506e-21 
1.000010601 
2.020216713e-08 
49.49953473 
0.9999893987 
    1 
2.946874843e-14 
2.54686891e-21 
-5.485798699e-21 
