0.004633197641 
-0.0005825952849 
0.9832030131 
-0.05599053251 
0.5273192343 
0.8771894391 
0.3277999356 
0.5573151414 
0.9168603462 
-0.2835705802 
0.9465004994 
-0.07017219309 
0.9455978166 
0.6445047334 
0.5981000606 
0.4169608008 
0.7197859837 
-0.4010381645 
0.9114211391 
-0.05518212699 
1.249945748 
0.4798117867 
0.7837295173 
0.2611181545 
0.5046709172 
-0.3634542362 
0.8860960139 
-0.03780097128 
1.490743333 
0.4078961787 
0.8924168503 
0.1423137978 
0.3302053418 
-0.2684365695 
0.8685717962 
-0.02701739619 
1.707587949 
0.3856056766 
0.9490863365 
0.07082972644 
0.2080073316 
-0.1793875405 
0.8554421829 
-0.02133325841 
1.918168832 
0.3817741753 
0.9765780708 
0.03345700135 
0.1284055604 
-0.1141695239 
0.8446470591 
-0.01819559351 
2.128531267 
0.3836535655 
0.9893866757 
0.01536653908 
0.07837993765 
-0.07090511065 
0.8352243795 
-0.01619165703 
2.340444659 
0.3870603138 
0.9952277196 
0.006955744285 
0.04751813809 
-0.04346030231 
0.8267413649 
-0.01471801318 
2.554336224 
0.3907451172 
0.997862142 
0.003125476237 
0.02867525676 
-0.02643089304 
0.8189827157 
-0.01353294337 
2.770241596 
0.3943561468 
0.9990438055 
0.001399443337 
0.01724479849 
-0.01599078038 
0.8118215182 
-0.01253422572 
2.988090105 
0.3978056986 
0.9995724969 
0.0006256853479 
0.01034205596 
-0.009637420703 
0.8051704194 
-0.01167194663 
3.207788098 
0.4010823058 
0.9998088215 
0.0002796458632 
0.006187889316 
-0.005790636679 
0.798962989 
-0.0109169869 
3.429242615 
0.404195358 
0.9999144542 
0.0001250211413 
0.003694861559 
-0.003470424913 
0.793145912 
-0.01024968298 
3.652367479 
0.4071587784 
0.9999616912 
5.592803775e-05 
0.002202292187 
-0.002075300979 
0.7876751587 
-0.009655489008 
3.877084229 
0.4099863384 
0.9999828297 
2.503945002e-05 
0.001310551124 
-0.001238613368 
0.7825137512 
-0.009123093986 
4.103321632 
0.4126904681 
0.9999922972 
1.122033221e-05 
0.000778758274 
-0.0007379681404 
0.777630276 
-0.008643456131 
4.331014875 
0.4152821041 
0.9999965413 
5.032507283e-06 
0.0004621451243 
-0.0004389972343 
0.7729978061 
-0.008209223604 
4.56010478 
0.4177708204 
0.9999984457 
2.2592188e-06 
0.000273924294 
-0.0002607785391 
0.7685930855 
-0.007814345918 
4.790537099 
0.4201650139 
0.9999993009 
1.015117357e-06 
0.0001621818938 
-0.0001547114434 
0.7643958936 
-0.007453795257 
5.022261924 
0.4224720803 
0.9999996853 
4.565017478e-07 
9.592499506e-05 
-9.167713414e-05 
0.7603885429 
-0.007123358805 
5.25523317 
0.424698565 
0.9999998582 
2.054559115e-07 
5.668294423e-05 
-5.426617576e-05 
0.7565554758 
-0.006819480396 
5.489408149 
0.4268502882 
0.9999999361 
9.253919605e-08 
3.346525214e-05 
-3.208955491e-05 
0.7528829387 
-0.006539137865 
5.7247472 
0.4289324492 
0.9999999712 
4.171042072e-08 
1.974165725e-05 
-1.895819562e-05 
0.749358716 
-0.006279746897 
5.96121337 
0.430949712 
0.999999987 
1.881293822e-08 
1.163710363e-05 
-1.119072296e-05 
0.7459719109 
-0.006039084889 
6.198772139 
0.4329062772 
0.9999999941 
8.490713763e-09 
6.854875887e-06 
-6.600443138e-06 
0.7427127637 
-0.005815230124 
6.437391187 
0.434805942 
0.9999999973 
3.83433984e-09 
4.035220148e-06 
-3.890139631e-06 
0.7395725003 
-0.005606512787 
6.677040181 
0.4366521507 
0.9999999988 
1.732528084e-09 
2.373917081e-06 
-2.291160378e-06 
0.736543205 
-0.005411475207 
6.917690596 
0.4384480376 
0.9999999995 
7.832469546e-10 
1.395759744e-06 
-1.348537594e-06 
0.7336177131 
-0.005228839387 
7.159315554 
0.4401964635 
0.9999999998 
3.542683533e-10 
8.201954027e-07 
-7.932410956e-07 
0.7307895196 
-0.005057480287 
7.401889682 
0.4419000467 
0.9999999999 
1.603131171e-10 
4.817248062e-07 
-4.663346694e-07 
0.7280527015 
-0.004896403729 
7.645388988 
0.4435611902 
0.9999999999 
7.257667952e-11 
2.827926225e-07 
-2.740027733e-07 
0.7254018506 
-0.004744728011 
7.889790746 
0.445182105 
    1 
3.287046989e-11 
1.659341972e-07 
-1.609126412e-07 
0.7228320165 
-0.004601668518 
8.135073399 
0.4467648298 
    1 
1.489293882e-11 
9.732243474e-08 
-9.445292978e-08 
0.7203386565 
-0.004466524793 
8.381216468 
0.448311249 
    1 
6.749967444e-12 
5.70570037e-08 
-5.541686058e-08 
0.7179175927 
-0.004338669607 
8.628200472 
0.449823108 
    1 
3.060305385e-12 
3.343742713e-08 
-3.249974132e-08 
0.7155649741 
-0.004217539686 
8.876006852 
0.4513020264 
    1 
1.388038271e-12 
1.958812904e-08 
-1.905192648e-08 
0.7132772438 
-0.004102627804 
9.124617913 
0.4527495103 
    1 
6.297872631e-13 
1.147088693e-08 
-1.116420242e-08 
0.7110511099 
-0.003993476024 
9.374016754 
0.4541669626 
    1 
2.861070684e-13 
6.715095193e-09 
-6.539649795e-09 
0.7088835202 
-0.003889669879 
9.624187223 
0.4555556923 
    1 
1.306080072e-13 
3.929752395e-09 
-3.829365881e-09 
0.7067716399 
-0.003790833368 
9.875113863 
0.4569169228 
    1 
6.090676352e-14 
2.29901764e-09 
-2.241567862e-09 
0.7047128311 
-0.003696624617 
10.12678187 
0.4582517993 
    1 
3.057453588e-14 
1.344588462e-09 
-1.311705005e-09 
0.7027046356 
-0.003606732113 
10.37917704 
0.4595613953 
    1 
2.405881691e-14 
7.86161742e-10 
-7.673365459e-10 
0.7007447589 
-0.003520871427 
10.63228576 
0.4608467187 
    1 
2.382932926e-14 
4.595312238e-10 
-4.487523979e-10 
0.6988310562 
-0.003438782351 
10.88609494 
0.4621087171 
    1 
2.371825161e-14 
2.685366556e-10 
-2.623640223e-10 
0.6969615195 
-0.003360226383 
11.140592 
0.4633482822 
    1 
2.364837992e-14 
1.568852458e-10 
-1.533498837e-10 
0.6951342669 
-0.003284984529 
11.39576483 
0.4645662546 
    1 
2.357479611e-14 
9.163362905e-11 
-8.960846963e-11 
0.6933475317 
-0.003212855355 
11.65160177 
0.4657634275 
    1 
2.346535759e-14 
5.350889279e-11 
-5.234866286e-11 
0.6915996537 
-0.003143653273 
11.90809161 
0.4669405502 
    1 
2.331924269e-14 
3.123914548e-11 
-3.057435282e-11 
0.6898890708 
-0.003077207021 
12.16522349 
0.4680983313 
    1 
2.317159323e-14 
1.823383534e-11 
-1.785287168e-11 
0.6882143114 
-0.003013358317 
12.42298699 
0.4692374417 
    1 
2.30210229e-14 
1.064059756e-11 
-1.042225717e-11 
0.6865739876 
-0.002951960654 
12.68137199 
0.4703585173 
    1 
2.286870441e-14 
6.208209111e-12 
-6.083057654e-12 
0.6849667893 
-0.002892878238 
12.94036875 
0.4714621612 
    1 
2.271786958e-14 
3.621446217e-12 
-3.549701941e-12 
0.6833914781 
-0.002835985026 
13.19996785 
0.4725489462 
    1 
2.257251243e-14 
2.112107528e-12 
-2.070974903e-12 
0.6818468827 
-0.002781163874 
13.46016015 
0.4736194167 
    1 
2.243633805e-14 
1.231603862e-12 
-1.208019084e-12 
0.6803318937 
-0.002728305771 
13.72093684 
0.4746740905 
    1 
2.231214884e-14 
7.180417682e-13 
-7.045172489e-13 
0.6788454597 
-0.002677309145 
13.98228935 
0.4757134606 
    1 
2.220157252e-14 
4.185569021e-13 
-4.108005931e-13 
0.6773865833 
-0.002628079248 
14.24420941 
0.4767379969 
    1 
2.210501521e-14 
2.439426909e-13 
-2.394940208e-13 
0.6759543174 
-0.002580527591 
14.50668898 
0.4777481473 
    1 
2.202179243e-14 
1.421516384e-13 
-1.395998433e-13 
0.6745477621 
-0.002534571441 
14.76972026 
0.4787443395 
    1 
2.19504412e-14 
8.282259554e-14 
-8.135873177e-14 
0.6731660613 
-0.002490133363 
15.03329569 
0.4797269818 
    1 
2.188916969e-14 
4.824816077e-14 
-4.740832655e-14 
0.6718084002 
-0.002447140805 
15.29740793 
0.4806964645 
    1 
2.183629285e-14 
2.810280091e-14 
-2.762093813e-14 
0.6704740028 
-0.00240552572 
15.56204984 
0.481653161 
    1 
2.179049207e-14 
1.636655373e-14 
-1.609005763e-14 
0.6691621292 
-0.002365224226 
15.8272145 
0.4825974285 
    1 
2.175086647e-14 
9.53027546e-15 
-9.37160745e-15 
0.6678720737 
-0.002326176291 
16.09289515 
0.4835296093 
    1 
2.17168598e-14 
5.548760223e-15 
-5.45770109e-15 
0.6666031624 
-0.002288325453 
16.35908524 
0.4844500312 
    1 
2.168815813e-14 
3.230207295e-15 
-3.177944764e-15 
0.6653547517 
-0.002251618557 
16.62577839 
0.4853590088 
    1 
2.166460932e-14 
1.880227197e-15 
-1.850229407e-15 
0.6641262265 
-0.002216005516 
16.8929684 
0.4862568439 
    1 
2.164617739e-14 
1.094302203e-15 
-1.077082762e-15 
0.6629169981 
-0.002181439099 
17.16064921 
0.4871438261 
    1 
2.163292627e-14 
6.368140947e-16 
-6.269290413e-16 
0.6617265034 
-0.00214787473 
17.42881493 
0.4880202337 
    1 
2.16250232e-14 
3.705423886e-16 
-3.648673565e-16 
0.6605542029 
-0.002115270301 
17.69745982 
0.4888863342 
    1 
2.162275383e-14 
2.155828915e-16 
-2.123246282e-16 
0.6593995797 
-0.002083586011 
17.96657827 
0.489742385 
    1 
2.162654504e-14 
1.254131665e-16 
-1.235423471e-16 
0.6582621382 
-0.002052784205 
18.23616485 
0.4905886334 
    1 
2.163699618e-14 
7.295005893e-17 
-7.187581074e-17 
0.6571414029 
-0.002022829236 
18.50621421 
0.4914253179 
    1 
2.165492524e-14 
4.242902147e-17 
-4.181213704e-17 
0.6560369174 
-0.001993687334 
18.77672116 
0.4922526679 
    1 
2.168144619e-14 
2.467495541e-17 
-2.432069003e-17 
0.6549482435 
-0.001965326482 
19.04768063 
0.4930709045 
    1 
2.171810805e-14 
1.434851063e-17 
-1.414505078e-17 
0.65387496 
-0.001937716305 
19.31908766 
0.493880241 
    1 
2.176714521e-14 
8.342868764e-18 
-8.22601217e-18 
0.652816662 
-0.001910827969 
19.59093742 
0.494680883 
    1 
2.183190204e-14 
4.850462561e-18 
-4.783342615e-18 
0.6517729602 
-0.001884634082 
19.86322518 
0.4954730291 
    1 
2.191747369e-14 
2.819752806e-18 
-2.781198465e-18 
0.6507434797 
-0.001859108609 
20.13594632 
0.4962568707 
    1 
2.203147628e-14 
1.639079425e-18 
-1.616932281e-18 
0.6497278599 
-0.001834226786 
20.40909632 
0.4970325928 
    1 
2.215922858e-14 
9.526885638e-19 
-9.399657139e-19 
0.6487257532 
-0.001809965046 
20.68267077 
0.4978003744 
    1 
2.22533535e-14 
5.536875731e-19 
-5.463783241e-19 
0.647736825 
-0.001786300946 
20.95666535 
0.4985603881 
    1 
2.232159078e-14 
3.217676076e-19 
-3.175682559e-19 
0.6467607523 
-0.001763213105 
21.23107584 
0.499312801 
    1 
2.239444492e-14 
1.869753723e-19 
-1.845626228e-19 
0.6457972239 
-0.001740681138 
21.50589809 
0.5000577749 
    1 
2.24678766e-14 
1.086405167e-19 
-1.072542021e-19 
0.6448459395 
-0.001718685601 
21.78112805 
0.5007954661 
    1 
2.254310016e-14 
6.311975827e-20 
-6.232317883e-20 
0.6439066092 
-0.001697207937 
22.05676178 
0.501526026 
    1 
2.261985731e-14 
3.666955462e-20 
-3.62118247e-20 
0.642978953 
-0.001676230428 
22.33279537 
0.5022496013 
    1 
2.269767909e-14 
2.130165691e-20 
-2.103863682e-20 
0.6420627007 
-0.001655736147 
22.60922504 
0.5029663341 
    1 
2.277574475e-14 
1.237339947e-20 
-1.222227749e-20 
0.6411575908 
-0.001635708913 
22.88604705 
0.5036763621 
    1 
2.285276966e-14 
7.186750008e-21 
-7.099953168e-21 
0.6402633708 
-0.001616133255 
23.16325776 
0.5043798186 
    1 
2.292678694e-14 
4.173903441e-21 
-4.124112678e-21 
0.6393797964 
-0.001596994368 
23.44085358 
0.5050768332 
    1 
2.299515509e-14 
2.423889303e-21 
-2.395435818e-21 
0.6385066314 
-0.001578278083 
23.71883101 
0.5057675315 
    1 
2.305468299e-14 
1.407423775e-21 
-1.391355324e-21 
0.6376436471 
-0.001559970831 
23.99718662 
0.5064520352 
    1 
2.31016491e-14 
8.169978666e-22 
-8.082605271e-22 
0.6367906221 
-0.001542059611 
24.27591701 
0.5071304627 
    1 
2.313159186e-14 
4.739427697e-22 
-4.697904256e-22 
0.6359473421 
-0.001524531963 
24.55501889 
0.5078029287 
    1 
2.313878954e-14 
2.74417077e-22 
-2.735477607e-22 
0.6351135993 
-0.001507375938 
24.834489 
0.5084695449 
    1 
2.311539691e-14 
1.580052104e-22 
-1.601524902e-22 
0.6342891927 
-0.001490580073 
25.11432417 
0.5091304196 
    1 
2.305027231e-14 
8.944130776e-23 
-9.529235492e-23 
0.6334739271 
-0.001474133368 
25.39452125 
0.5097856582 
    1 
2.29275705e-14 
4.793564092e-23 
-5.935068793e-23 
0.6326676134 
-0.001458025263 
25.67507718 
0.5104353629 
    1 
2.275053374e-14 
2.08763207e-23 
-4.147946317e-23 
