-0.03658396945 
-0.0005696475164 
0.980282436 
-0.06620040535 
0.5263875834 
0.8721351678 
0.3199216869 
0.5461769227 
0.9185450332 
-0.278381144 
0.9360434242 
-0.08647003461 
0.9384851621 
0.6262364459 
0.5867538878 
0.4155442975 
0.7241649336 
-0.397395855 
0.8915185904 
-0.07254709471 
1.22892898 
0.4482897135 
0.773639901 
0.2661254935 
0.5099653135 
-0.3636077677 
0.8570084857 
-0.05364210518 
1.450168978 
0.3694318421 
0.8855423736 
0.1482773386 
0.334815654 
-0.2703847971 
0.8312978303 
-0.0409830162 
1.64526378 
0.3456274922 
0.9450917577 
0.07517188975 
0.2114687926 
-0.1814478413 
0.810924119 
-0.03377651993 
1.834088973 
0.3428951171 
0.9744635564 
0.03602557452 
0.1308446968 
-0.1157972637 
0.7936230113 
-0.02945720238 
2.023608726 
0.3468222747 
0.9883266827 
0.01673397234 
0.08005324958 
-0.07207515402 
0.7782780096 
-0.02649570109 
2.215901065 
0.3525624077 
0.9947133779 
0.007642882981 
0.04865115481 
-0.04427334067 
0.7643562633 
-0.02421193172 
2.411476769 
0.3586400807 
0.9976175645 
0.003459349174 
0.02943564017 
-0.02698785763 
0.7515737796 
-0.02232336622 
2.610380341 
0.3646303361 
0.9989290151 
0.001558348835 
0.01775103052 
-0.01636889738 
0.7397518061 
-0.02070497504 
2.812525999 
0.3704221903 
0.9995190903 
0.0007003148168 
0.01067641502 
-0.009891995325 
0.728761162 
-0.01929220508 
3.017797435 
0.3759970968 
0.9997841232 
0.0003143841625 
0.006406990928 
-0.005960570833 
0.718500428 
-0.01804528515 
3.226076905 
0.3813628234 
0.9999030807 
0.0001410918861 
0.003837338565 
-0.00358287403 
0.7088864809 
-0.01693618938 
3.437253176 
0.3865336225 
0.9999564696 
6.333055963e-05 
0.002294268242 
-0.002149075368 
0.6998496342 
-0.01594355205 
3.651223152 
0.3915243401 
0.9999804378 
2.843861216e-05 
0.001369522222 
-0.001286619648 
0.6913306739 
-0.0150503952 
3.867891645 
0.3963487806 
0.9999912033 
1.277766725e-05 
0.0008163297147 
-0.0007689681726 
0.6832788073 
-0.01424291915 
4.087170686 
0.4010193712 
0.9999960416 
5.744822414e-06 
0.0004859436843 
-0.0004588742765 
0.6756501367 
-0.01350974929 
4.308978769 
0.4055472089 
0.9999982176 
2.584628956e-06 
0.0002889186714 
-0.0002734411445 
0.6684064763 
-0.01284141466 
4.533240157 
0.4099422034 
0.9999991969 
1.163641478e-06 
0.0001715831895 
-0.0001627304692 
0.6615144162 
-0.01222996426 
4.759884272 
0.4142132292 
0.9999996379 
5.242459429e-07 
0.0001017932491 
-9.672811479e-05 
0.6549445702 
-0.0116686752 
4.988845165 
0.4183682629 
0.9999998366 
2.363398659e-07 
6.033095353e-05 
-5.743205234e-05 
0.6486709647 
-0.0111518262 
5.220061053 
0.4224145012 
0.9999999262 
1.066138332e-07 
3.572456756e-05 
-3.406500019e-05 
0.6426705393 
-0.01067451947 
5.453473921 
0.4263584608 
0.9999999667 
4.812294533e-08 
2.113611384e-05 
-2.018579937e-05 
0.6369227339 
-0.01023253911 
5.689029171 
0.4302060632 
0.9999999849 
2.173400998e-08 
1.249505009e-05 
-1.195074347e-05 
0.6314091461 
-0.009822237666 
5.926675314 
0.4339627064 
0.9999999932 
9.821177315e-09 
7.381196242e-06 
-7.069366692e-06 
0.6261132449 
-0.009440444373 
6.1663637 
0.4376333261 
0.9999999969 
4.440282907e-09 
4.35723198e-06 
-4.178549303e-06 
0.6210201294 
-0.009084390589 
6.408048281 
0.4412224483 
0.9999999986 
2.008487321e-09 
2.570439649e-06 
-2.468031657e-06 
0.616116325 
-0.008751648651 
6.651685393 
0.4447342341 
0.9999999994 
9.089236972e-10 
1.515420201e-06 
-1.45671635e-06 
0.6113896104 
-0.008440081505 
6.897233571 
0.4481725192 
0.9999999997 
4.115042413e-10 
8.928992849e-07 
-8.592422205e-07 
0.6068288696 
-0.008147800939 
7.144653377 
0.4515408472 
0.9999999999 
1.863804613e-10 
5.258104931e-07 
-5.065104332e-07 
0.6024239646 
-0.007873132774 
7.39390725 
0.4548424997 
0.9999999999 
8.444934817e-11 
3.094752783e-07 
-2.984062349e-07 
0.5981656262 
-0.007614587693 
7.644959366 
0.4580805214 
    1 
3.827849237e-11 
1.820556797e-07 
-1.757063624e-07 
0.5940453591 
-0.007370836684 
7.897775516 
0.4612577436 
    1 
1.735609063e-11 
1.070470782e-07 
-1.034045221e-07 
0.5900553598 
-0.00714069027 
8.152322997 
0.4643768035 
    1 
7.872041597e-12 
6.291405848e-08 
-6.082406586e-08 
0.5861884448 
-0.006923080859 
8.408570502 
0.4674401625 
    1 
3.571631944e-12 
3.696001705e-08 
-3.576068417e-08 
0.5824379876 
-0.006717047695 
8.666488038 
0.4704501213 
    1 
1.621111179e-12 
2.170385318e-08 
-2.101553598e-08 
0.5787978639 
-0.00652172396 
8.926046832 
0.4734088341 
    1 
7.361273089e-13 
1.274001095e-08 
-1.234492738e-08 
0.5752624025 
-0.006336325696 
9.187219263 
0.4763183213 
    1 
3.344714663e-13 
7.475471124e-09 
-7.248673484e-09 
0.5718263434 
-0.006160142243 
9.449978783 
0.4791804804 
    1 
1.522536074e-13 
4.384804032e-09 
-4.254596776e-09 
0.5684847986 
-0.005992527958 
9.714299859 
0.4819970957 
    1 
6.986735098e-14 
2.571054383e-09 
-2.496293063e-09 
0.5652332195 
-0.005832895034 
9.980157908 
0.484769848 
    1 
3.30462775e-14 
1.507051124e-09 
-1.464121016e-09 
0.5620673661 
-0.005680707232 
10.24752925 
0.4875003219 
    1 
2.166158062e-14 
8.830924554e-10 
-8.584383922e-10 
0.5589832804 
-0.005535474413 
10.51639104 
0.4901900138 
    1 
2.163676522e-14 
5.173105132e-10 
-5.031507856e-10 
0.5559772624 
-0.005396747742 
10.78672124 
0.4928403379 
    1 
2.179823465e-14 
3.029483082e-10 
-2.948151427e-10 
0.5530458487 
-0.005264115474 
11.05849858 
0.495452633 
    1 
2.200775174e-14 
1.773628738e-10 
-1.726908916e-10 
0.550185793 
-0.005137199247 
11.33170249 
0.4980281669 
    1 
2.218427797e-14 
1.038098231e-10 
-1.011258496e-10 
0.5473940484 
-0.005015650799 
11.60631308 
0.5005681423 
    1 
2.229193992e-14 
6.074353617e-11 
-5.920151812e-11 
0.5446677523 
-0.00489914907 
11.88231112 
0.5030737009 
    1 
2.234301488e-14 
3.553462036e-11 
-3.464862053e-11 
0.5420042117 
-0.004787397625 
12.15967798 
0.5055459275 
    1 
2.232230095e-14 
2.078247013e-11 
-2.02733625e-11 
0.5394008902 
-0.004680122365 
12.43839561 
0.5079858541 
    1 
2.224698444e-14 
1.21517887e-11 
-1.185922782e-11 
0.5368553967 
-0.004577069487 
12.71844652 
0.510394463 
    1 
2.215977817e-14 
7.103695025e-12 
-6.935562195e-12 
0.5343654745 
-0.004478003658 
12.99981374 
0.5127726902 
    1 
2.206049406e-14 
4.151765167e-12 
-4.055133954e-12 
0.5319289914 
-0.004382706385 
13.28248082 
0.5151214285 
    1 
2.195274229e-14 
2.42598875e-12 
-2.370448218e-12 
0.5295439315 
-0.004290974555 
13.56643176 
0.5174415296 
    1 
2.184119676e-14 
1.417278878e-12 
-1.385353986e-12 
0.5272083863 
-0.004202619116 
13.85165105 
0.5197338074 
    1 
2.173028495e-14 
8.278187037e-13 
-8.09467069e-13 
0.5249205479 
-0.004117463897 
14.1381236 
0.5219990397 
    1 
2.162365772e-14 
4.834274037e-13 
-4.7287758e-13 
0.5226787019 
-0.004035344545 
14.42583473 
0.5242379705 
    1 
2.152405536e-14 
2.82257833e-13 
-2.761927048e-13 
0.5204812213 
-0.003956107553 
14.71477019 
0.5264513122 
    1 
2.143333073e-14 
1.647714356e-13 
-1.61284384e-13 
0.5183265607 
-0.003879609401 
15.00491608 
0.528639747 
    1 
2.135249996e-14 
9.61703948e-14 
-9.416546284e-14 
0.5162132511 
-0.003805715757 
15.29625889 
0.5308039291 
    1 
2.128178699e-14 
5.612116585e-14 
-5.496834155e-14 
0.5141398951 
-0.003734300767 
15.58878546 
0.5329444856 
    1 
2.122070855e-14 
3.274461919e-14 
-3.208171897e-14 
0.5121051622 
-0.003665246403 
15.88248295 
0.5350620188 
    1 
2.116827819e-14 
1.910219381e-14 
-1.87209927e-14 
0.5101077849 
-0.003598441869 
16.17733886 
0.5371571068 
    1 
2.112333628e-14 
1.114188251e-14 
-1.092266235e-14 
0.5081465548 
-0.003533783066 
16.47334101 
0.5392303054 
    1 
2.108488333e-14 
6.497822219e-15 
-6.371747909e-15 
0.5062203188 
-0.003471172094 
16.7704775 
0.5412821487 
    1 
2.105226649e-14 
3.788897159e-15 
-3.716388153e-15 
0.5043279764 
-0.003410516808 
17.06873673 
0.5433131508 
    1 
2.102518752e-14 
2.208997876e-15 
-2.167294039e-15 
0.502468476 
-0.003351730402 
17.36810737 
0.5453238064 
    1 
2.100361129e-14 
1.287706662e-15 
-1.263719532e-15 
0.5006408124 
-0.003294731036 
17.66857836 
0.5473145919 
    1 
2.098766161e-14 
7.505495333e-16 
-7.367521004e-16 
0.4988440243 
-0.003239441485 
17.97013891 
0.5492859663 
    1 
2.097754609e-14 
4.374053537e-16 
-4.294687342e-16 
0.4970771915 
-0.003185788828 
18.27277846 
0.5512383722 
    1 
2.097351349e-14 
2.548781663e-16 
-2.503126526e-16 
0.4953394328 
-0.003133704152 
18.5764867 
0.5531722365 
    1 
2.09758295e-14 
1.484999843e-16 
-1.458735888e-16 
0.4936299041 
-0.003083122282 
18.88125354 
0.555087971 
    1 
2.098475491e-14 
8.651009545e-17 
-8.499915764e-17 
0.4919477958 
-0.00303398154 
19.18706912 
0.5569859734 
    1 
2.100051681e-14 
5.039124735e-17 
-4.952198949e-17 
0.4902923316 
-0.002986223509 
19.49392379 
0.5588666276 
    1 
2.102327346e-14 
2.934895459e-17 
-2.88488442e-17 
0.4886627664 
-0.002939792829 
19.80180812 
0.5607303048 
    1 
2.105308371e-14 
1.709151667e-17 
-1.680377819e-17 
0.4870583846 
-0.002894636997 
20.11071286 
0.5625773636 
    1 
2.10898949e-14 
9.952225193e-18 
-9.786669352e-18 
0.485478499 
-0.002850706193 
20.42062898 
0.5644081509 
    1 
2.113355274e-14 
5.794454457e-18 
-5.699195637e-18 
0.4839224489 
-0.002807953104 
20.73154762 
0.5662230023 
    1 
2.118381707e-14 
3.373329655e-18 
-3.318517145e-18 
0.4823895991 
-0.002766332781 
21.0434601 
0.5680222427 
    1 
2.124035678e-14 
1.963631322e-18 
-1.932090888e-18 
0.4808793383 
-0.002725802485 
21.35635792 
0.5698061864 
    1 
2.130271121e-14 
1.142923289e-18 
-1.124773615e-18 
0.4793910785 
-0.002686321561 
21.67023276 
0.5715751381 
    1 
2.1370234e-14 
6.651677307e-19 
-6.547233466e-19 
0.4779242531 
-0.002647851311 
21.98507645 
0.573329393 
    1 
2.144205459e-14 
3.870821818e-19 
-3.810716988e-19 
0.4764783165 
-0.00261035488 
22.30088098 
0.575069237 
    1 
2.151708914e-14 
2.252340441e-19 
-2.217750642e-19 
0.4750527428 
-0.002573797148 
22.61763852 
0.5767949476 
    1 
2.159410858e-14 
1.3104626e-19 
-1.290555951e-19 
0.4736470251 
-0.002538144631 
22.93534135 
0.5785067938 
    1 
2.167183831e-14 
7.623876084e-20 
-7.509309415e-20 
0.4722606744 
-0.002503365389 
23.25398192 
0.5802050367 
    1 
2.174904062e-14 
4.434947098e-20 
-4.369010804e-20 
0.4708932188 
-0.002469428936 
23.57355284 
0.5818899296 
    1 
2.182453244e-14 
2.579664404e-20 
-2.541716688e-20 
0.4695442028 
-0.002436306163 
23.89404681 
0.5835617185 
    1 
2.189711864e-14 
1.50037798e-20 
-1.47854023e-20 
0.4682131867 
-0.002403969259 
24.2154567 
0.5852206425 
    1 
2.19654636e-14 
8.725712606e-21 
-8.600083757e-21 
0.4668997455 
-0.002372391642 
24.53777549 
0.5868669335 
    1 
2.20279567e-14 
5.074140307e-21 
-5.001943035e-21 
0.4656034688 
-0.002341547892 
24.86099631 
0.5885008173 
    1 
2.208262084e-14 
2.950391455e-21 
-2.909033562e-21 
0.4643239596 
-0.002311413688 
25.18511239 
0.5901225131 
    1 
2.212705547e-14 
1.715274761e-21 
-1.691816848e-21 
0.4630608341 
-0.002281965752 
25.51011708 
0.5917322341 
    1 
2.21583176e-14 
9.969352684e-22 
-9.840410743e-22 
0.4618137212 
-0.002253181793 
25.83600385 
0.5933301878 
    1 
2.217255521e-14 
5.790346475e-22 
-5.726758864e-22 
0.4605822614 
-0.002225040458 
26.1627663 
0.594916576 
    1 
2.216414795e-14 
3.35674191e-22 
-3.338715816e-22 
0.4593661071 
-0.002197521278 
26.4903981 
0.596491595 
    1 
2.212411177e-14 
1.935094696e-22 
-1.957163169e-22 
0.4581649215 
-0.002170604631 
26.81889307 
0.598055436 
    1 
2.203748991e-14 
1.096703539e-22 
-1.166065997e-22 
0.4569783784 
-0.002144271693 
27.14824511 
0.5996082853 
    1 
2.190436063e-14 
5.884735741e-23 
-7.273367647e-23 
0.4558061618 
-0.002118504402 
27.47844821 
0.6011503241 
    1 
2.174934938e-14 
2.56588816e-23 
-5.092671389e-23 
