0.4002049199 
-0.0006159720001 
0.9992082076 
-0.00251318141 
0.5491318805 
0.9905274159 
0.3995123429 
0.6456744445 
0.9129582682 
-0.2940690169 
0.997764565 
-0.002368342655 
1.089460067 
0.9748788832 
0.6889393719 
0.4041537553 
0.7125024512 
-0.4009826726 
0.9967757245 
-0.001236256535 
1.622761923 
0.9656813515 
0.8535283332 
0.208750355 
0.5001775357 
-0.3552877839 
0.9963244544 
-0.0004933573201 
2.152735932 
0.9621614078 
0.9343288413 
0.09742833327 
0.3300368124 
-0.2618967101 
0.9961542122 
-0.000176368897 
2.681548549 
0.9610467541 
0.9711695585 
0.04341874881 
0.2103112084 
-0.176844966 
0.9960938992 
-6.298212893e-05 
3.210006078 
0.9607181097 
0.9874325088 
0.0189969814 
0.1313198365 
-0.1141856928 
0.9960715383 
-2.520289716e-05 
3.738360195 
0.9606238904 
0.9945259987 
0.008265259137 
0.08095593088 
-0.07191718832 
0.9960617225 
-1.271627347e-05 
4.266685117 
0.9605982617 
0.9976112903 
0.003595853185 
0.04947434329 
-0.04461263463 
0.996056123 
-8.35544819e-06 
4.795002597 
0.960592819 
0.9989546915 
0.001567839209 
0.03004228008 
-0.02739470307 
0.9960520735 
-6.601999295e-06 
5.323319044 
0.9605933125 
0.9995411708 
0.0006856480555 
0.01815223265 
-0.0166986445 
0.9960487076 
-5.718683167e-06 
5.851636318 
0.9605954686 
0.999798 
0.000300794924 
0.01092410998 
-0.01012153542 
0.9960457262 
-5.155914028e-06 
6.37995491 
0.9605979918 
0.9999108215 
0.000132361589 
0.006552320725 
-0.006107342903 
0.996043011 
-4.733868516e-06 
6.908274892 
0.9606004956 
0.9999605291 
5.840946903e-05 
0.003919014757 
-0.00367149869 
0.9960405051 
-4.388912942e-06 
7.43659622 
0.9606028748 
0.9999824895 
2.584216193e-05 
0.002338307039 
-0.00220026195 
0.996038174 
-4.095089329e-06 
7.964918816 
0.9606051106 
0.9999922155 
1.146025105e-05 
0.001392209983 
-0.001315046731 
0.9960359936 
-3.83950673e-06 
8.493242604 
0.9606072094 
0.9999965328 
5.093089396e-06 
0.0008273646613 
-0.0007841492172 
0.9960339451 
-3.614389731e-06 
9.021567512 
0.9606091837 
0.999998453 
2.267782392e-06 
0.0004908735003 
-0.0004666295524 
0.9960320132 
-3.414348016e-06 
9.549893474 
0.9606110464 
0.9999993087 
1.011520312e-06 
0.0002908032129 
-0.0002771818394 
0.9960301855 
-3.235332357e-06 
10.07822043 
0.960612809 
0.9999996907 
4.518871673e-07 
0.0001720484283 
-0.0001643849943 
0.9960284512 
-3.074167256e-06 
10.60654833 
0.9606144816 
0.9999998614 
2.021643835e-07 
0.0001016669093 
-9.735019341e-05 
0.9960268012 
-2.928301185e-06 
11.13487713 
0.9606160729 
0.9999999378 
9.056133106e-08 
6.00114044e-05 
-5.757717226e-05 
0.9960252277 
-2.795651711e-06 
11.66320679 
0.9606175905 
0.9999999721 
4.061581006e-08 
3.538789857e-05 
-3.40138355e-05 
0.9960237239 
-2.674499534e-06 
12.19153726 
0.9606190408 
0.9999999874 
1.823550862e-08 
2.084869577e-05 
-2.007235817e-05 
0.9960222839 
-2.563411689e-06 
12.71986851 
0.9606204296 
0.9999999944 
8.195439622e-09 
1.227264228e-05 
-1.183364532e-05 
0.9960209026 
-2.46118401e-06 
13.24820051 
0.9606217618 
0.9999999975 
3.686580374e-09 
7.218725829e-06 
-6.970291953e-06 
0.9960195753 
-2.366797118e-06 
13.77653323 
0.960623042 
0.9999999989 
1.659745103e-09 
4.242983807e-06 
-4.102290575e-06 
0.9960182979 
-2.27938225e-06 
14.30486663 
0.960624274 
0.9999999995 
7.478215484e-10 
2.492257564e-06 
-2.412526765e-06 
0.9960170668 
-2.198194424e-06 
14.83320071 
0.9606254613 
0.9999999998 
3.371856069e-10 
1.463003056e-06 
-1.417791511e-06 
0.9960158789 
-2.122591146e-06 
15.36153542 
0.960626607 
0.9999999999 
1.521361448e-10 
8.58314267e-07 
-8.326620606e-07 
0.9960147311 
-2.052015374e-06 
15.88987076 
0.960627714 
    1 
6.868599112e-11 
5.032832664e-07 
-4.88720769e-07 
0.9960136209 
-1.985981764e-06 
16.41820669 
0.9606287848 
    1 
3.102822147e-11 
2.949568265e-07 
-2.86685638e-07 
0.9960125458 
-1.924065497e-06 
16.9465432 
0.9606298217 
    1 
1.402424161e-11 
1.727816471e-07 
-1.680815437e-07 
0.9960115038 
-1.865893131e-06 
17.47488027 
0.9606308267 
    1 
6.342038121e-12 
1.011677688e-07 
-9.849573429e-08 
0.9960104927 
-1.811135058e-06 
18.00321789 
0.9606318018 
    1 
2.86937861e-12 
5.921112276e-08 
-5.7691413e-08 
0.996009511 
-1.759499257e-06 
18.53155604 
0.9606327487 
    1 
1.298845339e-12 
3.464106271e-08 
-3.377638772e-08 
0.9960085568 
-1.710726087e-06 
19.0598947 
0.960633669 
    1 
5.883359308e-13 
2.025887364e-08 
-1.976671018e-08 
0.9960076287 
-1.664583919e-06 
19.58823386 
0.9606345641 
    1 
2.669670572e-13 
1.184361308e-08 
-1.156337873e-08 
0.9960067254 
-1.620865456e-06 
20.1165735 
0.9606354354 
    1 
1.219865755e-13 
6.921591006e-09 
-6.761973369e-09 
0.9960058454 
-1.579384621e-06 
20.64491362 
0.9606362841 
    1 
5.765031259e-14 
4.043783009e-09 
-3.952837661e-09 
0.9960049877 
-1.539973911e-06 
21.1732542 
0.9606371114 
    1 
3.024887581e-14 
2.361765524e-09 
-2.309931689e-09 
0.9960041511 
-1.502482133e-06 
21.70159522 
0.9606379182 
    1 
2.551376077e-14 
1.37898356e-09 
-1.3494325e-09 
0.9960033347 
-1.466772467e-06 
22.22993669 
0.9606387057 
    1 
2.539269204e-14 
8.049347503e-10 
-7.88082663e-10 
0.9960025374 
-1.432720799e-06 
22.75827858 
0.9606394747 
    1 
2.544568436e-14 
4.697286446e-10 
-4.601158478e-10 
0.9960017584 
-1.400214278e-06 
23.2866209 
0.960640226 
    1 
2.546843061e-14 
2.740459101e-10 
-2.685611695e-10 
0.9960009969 
-1.369150069e-06 
23.81496362 
0.9606409604 
    1 
2.543142145e-14 
1.59843255e-10 
-1.567130854e-10 
0.9960002521 
-1.339434261e-06 
24.34330674 
0.9606416788 
    1 
2.536240053e-14 
9.32104285e-11 
-9.142360935e-11 
0.9959995233 
-1.310980926e-06 
24.87165025 
0.9606423817 
    1 
2.52662944e-14 
5.434231096e-11 
-5.332209984e-11 
0.9959988099 
-1.283711283e-06 
25.39999414 
0.9606430699 
    1 
2.516147064e-14 
3.167517783e-11 
-3.10925486e-11 
0.9959981111 
-1.257552974e-06 
25.92833841 
0.9606437438 
    1 
2.506335878e-14 
1.845912425e-11 
-1.812632409e-11 
0.9959974264 
-1.232439419e-06 
26.45668304 
0.9606444042 
    1 
2.497436461e-14 
1.075518021e-11 
-1.056504597e-11 
0.9959967552 
-1.208309253e-06 
26.98502804 
0.9606450515 
    1 
2.489280662e-14 
6.265304015e-12 
-6.156656606e-12 
0.9959960971 
-1.185105825e-06 
27.51337339 
0.9606456863 
    1 
2.481795576e-14 
3.649115181e-12 
-3.587020053e-12 
0.9959954515 
-1.162776753e-06 
28.04171908 
0.960646309 
    1 
2.474795107e-14 
2.124990004e-12 
-2.08949462e-12 
0.9959948179 
-1.14127353e-06 
28.57006511 
0.9606469201 
    1 
2.467899097e-14 
1.237236947e-12 
-1.216943322e-12 
0.995994196 
-1.120551172e-06 
29.09841148 
0.96064752 
    1 
2.46039304e-14 
7.202415353e-13 
-7.086372561e-13 
0.9959935852 
-1.100567902e-06 
29.62675817 
0.9606481091 
    1 
2.451019176e-14 
4.192134648e-13 
-4.125768747e-13 
0.9959929852 
-1.081284873e-06 
30.15510518 
0.9606486878 
    1 
2.44010585e-14 
2.43964378e-13 
-2.401682772e-13 
0.9959923957 
-1.062665913e-06 
30.68345251 
0.9606492564 
    1 
2.430479521e-14 
1.419560754e-13 
-1.397844037e-13 
0.9959918162 
-1.044677299e-06 
31.21180015 
0.9606498153 
    1 
2.421687161e-14 
8.258858876e-14 
-8.134604367e-14 
0.9959912464 
-1.027287553e-06 
31.74014809 
0.9606503648 
    1 
2.413841801e-14 
4.804261307e-14 
-4.733158019e-14 
0.9959906861 
-1.01046726e-06 
32.26849633 
0.9606509053 
    1 
2.406899425e-14 
2.794316746e-14 
-2.753623267e-14 
0.9959901349 
-9.941888983e-07 
32.79684487 
0.960651437 
    1 
2.400766997e-14 
1.625058174e-14 
-1.601765694e-14 
0.9959895924 
-9.784266932e-07 
33.3251937 
0.9606519602 
    1 
2.395316756e-14 
9.449486363e-15 
-9.316146296e-15 
0.9959890585 
-9.631564782e-07 
33.85354281 
0.9606524751 
    1 
2.390433732e-14 
5.49408238e-15 
-5.417741358e-15 
0.9959885329 
-9.483555726e-07 
34.38189221 
0.9606529821 
    1 
2.386037767e-14 
3.193974127e-15 
-3.150261587e-15 
0.9959880153 
-9.340026684e-07 
34.91024188 
0.9606534814 
    1 
2.382087657e-14 
1.856600228e-15 
-1.831567777e-15 
0.9959875054 
-9.200777287e-07 
35.43859182 
0.9606539731 
    1 
2.378577659e-14 
1.079089915e-15 
-1.064753238e-15 
0.9959870031 
-9.065618934e-07 
35.96694204 
0.9606544576 
    1 
2.375533305e-14 
6.271197563e-16 
-6.189079244e-16 
0.9959865081 
-8.93437395e-07 
36.49529251 
0.960654935 
    1 
2.3730111e-14 
3.644167022e-16 
-3.597126008e-16 
0.9959860203 
-8.806874799e-07 
37.02364325 
0.9606554056 
    1 
2.371105311e-14 
2.117396923e-16 
-2.090447025e-16 
0.9959855393 
-8.682963376e-07 
37.55199424 
0.9606558695 
    1 
2.369965569e-14 
1.230165978e-16 
-1.21472481e-16 
0.9959850651 
-8.562490348e-07 
38.08034549 
0.9606563269 
    1 
2.369832119e-14 
7.146341153e-17 
-7.057861254e-17 
0.9959845974 
-8.445314557e-07 
38.60869699 
0.960656778 
    1 
2.371102227e-14 
4.151102872e-17 
-4.100398036e-17 
0.9959841361 
-8.331302468e-07 
39.13704873 
0.9606572229 
    1 
2.374453792e-14 
2.411037924e-17 
-2.381978074e-17 
0.9959836809 
-8.220327661e-07 
39.66540072 
0.9606576619 
    1 
2.381074704e-14 
1.400252684e-17 
-1.383596499e-17 
0.9959832318 
-8.112270361e-07 
40.19375295 
0.9606580951 
    1 
2.390564983e-14 
8.13151759e-18 
-8.036041435e-18 
0.9959827886 
-8.00701701e-07 
40.72210541 
0.9606585227 
    1 
2.400034004e-14 
4.721723719e-18 
-4.666990556e-18 
0.995982351 
-7.90445987e-07 
41.25045811 
0.9606589447 
    1 
2.409909859e-14 
2.741537746e-18 
-2.710158574e-18 
0.995981919 
-7.804496649e-07 
41.77881104 
0.9606593614 
    1 
2.420090485e-14 
1.591671586e-18 
-1.573680107e-18 
0.9959814925 
-7.707030167e-07 
42.30716419 
0.9606597728 
    1 
2.430664255e-14 
9.240152177e-19 
-9.136988738e-19 
0.9959810712 
-7.61196804e-07 
42.83551757 
0.9606601791 
    1 
2.441789494e-14 
5.36379326e-19 
-5.304634712e-19 
0.9959806551 
-7.519222382e-07 
43.36387117 
0.9606605804 
    1 
2.45366164e-14 
3.113386032e-19 
-3.079459374e-19 
0.9959802441 
-7.428709544e-07 
43.892225 
0.9606609769 
    1 
2.466447149e-14 
1.80701897e-19 
-1.787561087e-19 
0.995979838 
-7.340349851e-07 
44.42057904 
0.9606613686 
    1 
2.48025047e-14 
1.048725866e-19 
-1.037565466e-19 
0.9959794366 
-7.25406738e-07 
44.94893329 
0.9606617557 
    1 
2.495105013e-14 
6.085993394e-20 
-6.021977012e-20 
0.99597904 
-7.169789731e-07 
45.47728775 
0.9606621383 
    1 
2.510972285e-14 
3.531602871e-20 
-3.49488108e-20 
0.9959786479 
-7.087447833e-07 
46.00564243 
0.9606625165 
    1 
2.527740094e-14 
2.049197018e-20 
-2.028132017e-20 
0.9959782603 
-7.006975751e-07 
46.53399731 
0.9606628903 
    1 
2.545216184e-14 
1.188960536e-20 
-1.176878073e-20 
0.9959778771 
-6.92831051e-07 
47.06235239 
0.9606632599 
    1 
2.563115898e-14 
6.897995967e-21 
-6.828723697e-21 
0.9959774982 
-6.851391934e-07 
47.59070768 
0.9606636254 
    1 
2.581042816e-14 
4.001737994e-21 
-3.962080157e-21 
0.9959771235 
-6.776162487e-07 
48.11906317 
0.9606639869 
    1 
2.598459702e-14 
2.32133969e-21 
-2.298739861e-21 
0.9959767528 
-6.702567134e-07 
48.64741885 
0.9606643444 
    1 
2.614642906e-14 
1.346400331e-21 
-1.333704571e-21 
0.9959763862 
-6.630553204e-07 
49.17577473 
0.960664698 
    1 
2.628608456e-14 
7.80723673e-22 
-7.739140332e-22 
0.9959760234 
-6.560070269e-07 
49.7041308 
0.9606650479 
    1 
2.638995043e-14 
4.524108725e-22 
-4.49332697e-22 
0.9959756646 
-6.491070018e-07 
50.23248707 
0.9606653941 
    1 
2.643893183e-14 
2.616691116e-22 
-2.613486206e-22 
0.9959753094 
-6.423506153e-07 
50.76084352 
0.9606657366 
    1 
2.643160377e-14 
1.505047548e-22 
-1.5284056e-22 
0.995974958 
-6.357334286e-07 
51.28920017 
0.9606660756 
    1 
2.639169363e-14 
8.510545288e-23 
-9.083613595e-23 
0.9959746101 
-6.292511837e-07 
51.81755699 
0.9606664111 
    1 
2.63001989e-14 
4.556387116e-23 
-5.650114753e-23 
0.9959742658 
-6.228997944e-07 
52.345914 
0.9606667433 
    1 
2.613559736e-14 
1.982259575e-23 
-3.942355675e-23 
