0.1617008638 
-0.0006052555485 
0.9908885508 
-0.02966980093 
0.5340117893 
0.9124809172 
0.3571280142 
0.5963798401 
0.9140782675 
-0.2915572678 
0.972576122 
-0.03264115705 
0.9920005909 
0.7554305464 
0.6378599377 
0.4167262316 
0.7136878784 
-0.4036148185 
0.9576572682 
-0.02097506374 
1.375835805 
0.6526218121 
0.816522261 
0.240358849 
0.4991063014 
-0.3598488799 
0.9490810026 
-0.01106908586 
1.72110551 
0.6102267827 
0.9132384121 
0.1218040485 
0.3269888042 
-0.2642258487 
0.9445692163 
-0.006006667992 
2.052263675 
0.5967591712 
0.9605034234 
0.05734950552 
0.2066750857 
-0.1768307271 
0.941950904 
-0.003825251666 
2.379299146 
0.5933411647 
0.9823507589 
0.02601769806 
0.1280559888 
-0.1130410949 
0.9401410328 
-0.002877918994 
2.705455507 
0.5929482919 
0.9921768915 
0.01160140031 
0.07841355229 
-0.07054252673 
0.9387008463 
-0.002405659372 
3.031675602 
0.5933912382 
0.9965421727 
0.005135675371 
0.04764928423 
-0.04341553199 
0.937461792 
-0.002119261556 
3.35820779 
0.5940312683 
0.9984720583 
0.002268019427 
0.02879758052 
-0.02648506557 
0.9363550632 
-0.001914623491 
3.685100502 
0.5946880073 
0.9993242065 
0.001001555367 
0.01733185209 
-0.01605700215 
0.935347937 
-0.001753232385 
4.012346843 
0.5953138394 
0.9997006635 
0.0004427523818 
0.01039617146 
-0.0096892369 
0.9344215604 
-0.00161925693 
4.339926373 
0.5958993454 
0.999867189 
0.0001960277085 
0.006218439201 
-0.005824857325 
0.9335631899 
-0.001504998326 
4.66781702 
0.5964457228 
0.9999409724 
8.694091965e-05 
0.003710607236 
-0.003490837116 
0.9327633075 
-0.001405975609 
4.995998249 
0.5969566989 
0.9999737213 
3.86272164e-05 
0.002209531583 
-0.002086530987 
0.9320144055 
-0.001319193521 
5.324451683 
0.5974362072 
0.9999882822 
1.719108946e-05 
0.00131327573 
-0.001244303071 
0.9313103798 
-0.001242471614 
5.653161011 
0.5978877858 
0.9999947672 
7.663308784e-06 
0.0007792941878 
-0.0007405542898 
0.9306461747 
-0.001174144237 
5.982111731 
0.5983144821 
0.9999976599 
3.421270777e-06 
0.0004617548094 
-0.000439964484 
0.9300175471 
-0.00111290259 
6.311290892 
0.5987188954 
0.9999989522 
1.529573059e-06 
0.0002732430509 
-0.0002609708044 
0.9294208983 
-0.001057699117 
6.640686865 
0.5991032456 
0.9999995303 
6.847294917e-07 
0.0001614985637 
-0.00015457892 
0.928853149 
-0.001007683808 
6.970289153 
0.5994694389 
0.9999997892 
3.068955365e-07 
9.534914114e-05 
-9.144346758e-05 
0.9283116438 
-0.0009621592128 
7.300088233 
0.5998191229 
0.9999999053 
1.377033566e-07 
5.623855493e-05 
-5.403196937e-05 
0.9277940764 
-0.0009205475214 
7.630075429 
0.6001537302 
0.9999999574 
6.185058398e-08 
3.314029503e-05 
-3.189255645e-05 
0.9272984315 
-0.0008823659227 
7.9602428 
0.6004745149 
0.9999999808 
2.780702462e-08 
1.951258441e-05 
-1.880647153e-05 
0.9268229376 
-0.0008472078409 
8.290583055 
0.6007825802 
0.9999999914 
1.251255126e-08 
1.147987576e-05 
-1.107998108e-05 
0.9263660291 
-0.000814728462 
8.62108947 
0.6010789022 
0.9999999961 
5.634947587e-09 
6.749137041e-06 
-6.522508626e-06 
0.9259263157 
-0.0007846334389 
8.951755832 
0.6013643487 
0.9999999982 
2.53957585e-09 
3.965245122e-06 
-3.836728541e-06 
0.9255025574 
-0.0007566699889 
9.282576375 
0.6016396944 
0.9999999992 
1.14534649e-09 
2.328211163e-06 
-2.255288747e-06 
0.9250936433 
-0.0007306198101 
9.613545739 
0.6019056339 
0.9999999996 
5.168876753e-10 
1.366227628e-06 
-1.324827379e-06 
0.9246985743 
-0.0007062933998 
9.944658925 
0.6021627926 
0.9999999998 
2.334105704e-10 
8.012872757e-07 
-7.777709523e-07 
0.9243164491 
-0.000683525459 
10.27591126 
0.602411735 
0.9999999999 
1.054608434e-10 
4.697129494e-07 
-4.563486407e-07 
0.923946451 
-0.00066217115 
10.60729837 
0.6026529733 
    1 
4.767523685e-11 
2.752131752e-07 
-2.676147875e-07 
0.9235878383 
-0.0006421030269 
10.93881615 
0.6028869726 
    1 
2.156322479e-11 
1.611797358e-07 
-1.568577564e-07 
0.9232399354 
-0.0006232085029 
11.27046074 
0.6031141575 
    1 
9.757622632e-12 
9.43555143e-08 
-9.189616839e-08 
0.9229021247 
-0.0006053877469 
11.60222849 
0.6033349159 
    1 
4.417514908e-12 
5.521409246e-08 
-5.381411031e-08 
0.9225738405 
-0.0005885519282 
11.93411596 
0.6035496037 
    1 
2.0008546e-12 
3.229741417e-08 
-3.150018643e-08 
0.9222545633 
-0.0005726217422 
12.26611993 
0.6037585477 
    1 
9.065463398e-13 
1.888553762e-08 
-1.843139622e-08 
0.921943815 
-0.000557526168 
12.59823729 
0.6039620492 
    1 
4.111539813e-13 
1.103932961e-08 
-1.078054349e-08 
0.9216411544 
-0.0005432014145 
12.93046515 
0.6041603862 
    1 
1.870536531e-13 
6.450823593e-09 
-6.303312387e-09 
0.9213461736 
-0.0005295900242 
13.26280074 
0.6043538159 
    1 
8.624263422e-14 
3.768370373e-09 
-3.684262494e-09 
0.9210584947 
-0.000516640106 
13.59524141 
0.6045425768 
    1 
4.203185328e-14 
2.20071748e-09 
-2.152747456e-09 
0.9207777672 
-0.0005043046781 
13.92778466 
0.6047268903 
    1 
2.573360732e-14 
1.284852309e-09 
-1.257485816e-09 
0.9205036649 
-0.0004925411008 
14.26042812 
0.6049069624 
    1 
2.505403886e-14 
7.499388206e-10 
-7.343224885e-10 
0.9202358841 
-0.0004813105865 
14.59316948 
0.6050829851 
    1 
2.476817099e-14 
4.376100753e-10 
-4.28696648e-10 
0.9199741416 
-0.0004705777745 
14.92600659 
0.6052551377 
    1 
2.457882834e-14 
2.552950813e-10 
-2.502063252e-10 
0.9197181727 
-0.0004603103611 
15.25893735 
0.6054235877 
    1 
2.442173246e-14 
1.489003581e-10 
-1.459944929e-10 
0.9194677295 
-0.0004504787764 
15.59195978 
0.605588492 
    1 
2.427448789e-14 
8.682632482e-11 
-8.516661496e-11 
0.9192225801 
-0.0004410559011 
15.92507196 
0.6057499977 
    1 
2.411282499e-14 
5.061898603e-11 
-4.967083392e-11 
0.9189825065 
-0.000432016818 
16.25827206 
0.6059082429 
    1 
2.393791896e-14 
2.950431513e-11 
-2.896255204e-11 
0.9187473041 
-0.0004233385931 
16.59155833 
0.6060633575 
    1 
2.378325012e-14 
1.719377417e-11 
-1.688415842e-11 
0.9185167803 
-0.0004150000823 
16.92492908 
0.6062154636 
    1 
2.364461108e-14 
1.001783306e-11 
-9.8408565e-12 
0.9182907536 
-0.0004069817601 
17.25838269 
0.6063646765 
    1 
2.351913006e-14 
5.835745918e-12 
-5.734568279e-12 
0.9180690531 
-0.0003992655677 
17.59191759 
0.6065111049 
    1 
2.340495655e-14 
3.398927661e-12 
-3.341074563e-12 
0.9178515172 
-0.000391834778 
17.92553228 
0.6066548514 
    1 
2.330088423e-14 
1.979307266e-12 
-1.946221641e-12 
0.9176379932 
-0.0003846738753 
18.25922532 
0.6067960132 
    1 
2.320595414e-14 
1.152425626e-12 
-1.133501311e-12 
0.9174283368 
-0.0003777684471 
18.5929953 
0.606934682 
    1 
2.31192241e-14 
6.708779022e-13 
-6.60051934e-13 
0.9172224111 
-0.0003711050885 
18.92684089 
0.6070709449 
    1 
2.303973196e-14 
3.904876762e-13 
-3.842935964e-13 
0.9170200865 
-0.0003646713151 
19.26076077 
0.6072048846 
    1 
2.296657773e-14 
2.272514666e-13 
-2.237070221e-13 
0.91682124 
-0.000358455486 
19.59475371 
0.6073365794 
    1 
2.289904109e-14 
1.322341765e-13 
-1.302056586e-13 
0.9166257547 
-0.000352446733 
19.92881847 
0.6074661037 
    1 
2.283667267e-14 
7.693437481e-14 
-7.577328215e-14 
0.9164335195 
-0.0003466348984 
20.26295389 
0.6075935285 
    1 
2.277930848e-14 
4.475471272e-14 
-4.409003606e-14 
0.9162444289 
-0.0003410104773 
20.59715882 
0.6077189211 
    1 
2.272697951e-14 
2.603158397e-14 
-2.565103748e-14 
0.9160583821 
-0.0003355645663 
20.93143218 
0.6078423457 
    1 
2.267975765e-14 
1.513936473e-14 
-1.492146479e-14 
0.9158752834 
-0.0003302888165 
21.2657729 
0.6079638635 
    1 
2.26376419e-14 
8.803626786e-15 
-8.678843341e-15 
0.9156950413 
-0.0003251753913 
21.60017994 
0.608083533 
    1 
2.260054952e-14 
5.118752262e-15 
-5.047285222e-15 
0.9155175685 
-0.0003202169275 
21.93465229 
0.6082014097 
    1 
2.256837699e-14 
2.975888442e-15 
-2.934952751e-15 
0.9153427819 
-0.0003154065 
22.269189 
0.608317547 
    1 
2.254106497e-14 
1.729898784e-15 
-1.706448692e-15 
0.9151706018 
-0.0003107375903 
22.60378912 
0.6084319959 
    1 
2.251864071e-14 
1.00548976e-15 
-9.920549426e-16 
0.915000952 
-0.0003062040562 
22.93845173 
0.6085448049 
    1 
2.250124417e-14 
5.843712784e-16 
-5.766735521e-16 
0.9148337597 
-0.0003018001058 
23.27317594 
0.6086560207 
    1 
2.248915095e-14 
3.395905598e-16 
-3.351795761e-16 
0.9146689551 
-0.0002975202727 
23.6079609 
0.608765688 
    1 
2.248280274e-14 
1.973236418e-16 
-1.94795802e-16 
0.9145064715 
-0.0002933593931 
23.94280575 
0.6088738496 
    1 
2.248285567e-14 
1.146464423e-16 
-1.131976584e-16 
0.9143462447 
-0.0002893125857 
24.27770968 
0.6089805465 
    1 
2.249026341e-14 
6.660412423e-17 
-6.57737065e-17 
0.9141882134 
-0.0002853752323 
24.61267191 
0.609085818 
    1 
2.250643164e-14 
3.869027612e-17 
-3.821425363e-17 
0.9140323184 
-0.0002815429604 
24.94769165 
0.6091897021 
    1 
2.25335219e-14 
2.247313951e-17 
-2.220024474e-17 
0.9138785033 
-0.0002778116273 
25.28276815 
0.609292235 
    1 
2.257506131e-14 
1.30523251e-17 
-1.28958667e-17 
0.9137267134 
-0.0002741773048 
25.61790068 
0.6093934517 
    1 
2.263715194e-14 
7.580104592e-18 
-7.490395279e-18 
0.9135768966 
-0.0002706362657 
25.95308852 
0.6094933857 
    1 
2.273080078e-14 
4.401762686e-18 
-4.350321578e-18 
0.9134290025 
-0.0002671849714 
26.28833098 
0.6095920693 
    1 
2.285104094e-14 
2.555895279e-18 
-2.526395662e-18 
0.9132829826 
-0.0002638200596 
26.62362738 
0.6096895337 
    1 
2.296800644e-14 
1.483970792e-18 
-1.467052564e-18 
0.9131387904 
-0.0002605383337 
26.95897706 
0.6097858087 
    1 
2.308512796e-14 
8.615378186e-19 
-8.518343941e-19 
0.912996381 
-0.0002573367531 
27.29437936 
0.6098809233 
    1 
2.320063053e-14 
5.001391311e-19 
-4.945733509e-19 
0.912855711 
-0.0002542124229 
27.62983367 
0.6099749052 
    1 
2.331466647e-14 
2.903190882e-19 
-2.871263952e-19 
0.9127167388 
-0.0002511625864 
27.96533936 
0.6100677813 
    1 
2.342802452e-14 
1.685114275e-19 
-1.666798831e-19 
0.912579424 
-0.0002481846159 
28.30089583 
0.6101595775 
    1 
2.354175066e-14 
9.780315163e-20 
-9.675238644e-20 
0.9124437279 
-0.0002452760061 
28.6365025 
0.6102503187 
    1 
2.365644104e-14 
5.676057063e-20 
-5.615770641e-20 
0.912309613 
-0.0002424343665 
28.97215879 
0.6103400291 
    1 
2.37717809e-14 
3.293909863e-20 
-3.259319657e-20 
0.9121770431 
-0.0002396574151 
29.30786414 
0.610428732 
    1 
2.388612945e-14 
1.911385519e-20 
-1.891538724e-20 
0.9120459832 
-0.0002369429724 
29.643618 
0.6105164499 
    1 
2.399584396e-14 
1.109064701e-20 
-1.097678386e-20 
0.9119163995 
-0.0002342889555 
29.97941985 
0.6106032045 
    1 
2.409398216e-14 
6.434834398e-21 
-6.36953837e-21 
0.9117882593 
-0.000231693373 
30.31526914 
0.610689017 
    1 
2.416783846e-14 
3.733259694e-21 
-3.695869168e-21 
0.9116615311 
-0.0002291543201 
30.65116538 
0.6107739077 
    1 
2.421962543e-14 
2.165725779e-21 
-2.144411855e-21 
0.9115361841 
-0.0002266699735 
30.98710806 
0.6108578963 
    1 
2.427513622e-14 
1.25621592e-21 
-1.244237177e-21 
0.9114121889 
-0.0002242385877 
31.32309669 
0.6109410018 
    1 
2.432506402e-14 
7.284719468e-22 
-7.220404676e-22 
0.9112895168 
-0.0002218584904 
31.65913078 
0.6110232429 
    1 
2.43637291e-14 
4.22157001e-22 
-4.192395752e-22 
0.9111681399 
-0.000219528079 
31.99520988 
0.6111046375 
    1 
2.438317808e-14 
2.441849945e-22 
-2.438597634e-22 
0.9110480314 
-0.000217245817 
32.33133351 
0.6111852027 
    1 
2.437442422e-14 
1.404566643e-22 
-1.426214418e-22 
0.9109291653 
-0.0002150102303 
32.66750123 
0.6112649556 
    1 
2.432516439e-14 
7.942828788e-23 
-8.476813911e-23 
0.9108115162 
-0.0002128199045 
33.00371259 
0.6113439124 
    1 
2.421720058e-14 
4.252694526e-23 
-5.273063608e-23 
0.9106950596 
-0.0002106734817 
33.33996716 
0.611422089 
    1 
2.404766047e-14 
1.850248002e-23 
-3.679607947e-23 
