-0.1262094905 
-0.0003210063316 
0.9972803491 
-0.00781037297 
0.5313945371 
0.8960057488 
0.3015020769 
0.5154459802 
0.9528860016 
-0.1653133467 
0.9949694404 
0.002876220172 
0.9605042561 
0.6518029744 
0.5546617276 
0.3980563362 
0.8293026018 
-0.2710011795 
1.003294664 
0.0287586296 
1.246092802 
0.3930963823 
0.7368580551 
0.2663834704 
0.6695882478 
-0.2975449506 
1.026794911 
0.05595394898 
1.40485759 
0.1971936259 
0.8526029289 
0.1604513385 
0.5124832356 
-0.2672982004 
1.06352551 
0.07622401975 
1.476751542 
0.07534866294 
0.9200296719 
0.0903841113 
0.3795974359 
-0.2145687493 
1.109179157 
0.08861440399 
1.497802617 
0.008399299463 
0.9573034358 
0.04905130493 
0.2763304759 
-0.162069954 
1.159922719 
0.09512874697 
1.492056221 
-0.02521509311 
0.9773444284 
0.02614434532 
0.1996030057 
-0.1187119654 
1.213146437 
0.09795189485 
1.473379208 
-0.04054771755 
0.9879862465 
0.01383937934 
0.1438312504 
-0.0857363932 
1.267282492 
0.09865273992 
1.449165154 
-0.04641724192 
0.9936152683 
0.007319435229 
0.1036739053 
-0.0615899848 
1.321453887 
0.09820232953 
1.42316854 
-0.04759118382 
0.9965947668 
0.003879593128 
0.07484644141 
-0.044202033 
1.375196427 
0.09716206195 
1.397215634 
-0.04654539047 
0.9981764571 
0.002063782022 
0.05414849256 
-0.03175995417 
1.428280278 
0.09584482934 
1.372142681 
-0.0445351631 
0.9990194065 
0.001102443188 
0.03926259575 
-0.02286800645 
1.480604685 
0.09442064717 
1.348288552 
-0.04218360031 
0.9994705665 
0.0005914428988 
0.02853214889 
-0.01650571108 
1.532138255 
0.09297952753 
1.325748147 
-0.03979098268 
0.9997130641 
0.0003186276875 
0.02077798749 
-0.0119431156 
1.582885755 
0.09156736386 
1.304501184 
-0.03749443605 
0.9998439395 
0.0001723337926 
0.01516086066 
-0.008662425125 
1.632869914 
0.09020601205 
1.284476964 
-0.03534965741 
0.9999148439 
9.355259366e-05 
0.01108233386 
-0.006297035824 
1.682121559 
0.08890441442 
1.265586421 
-0.03337255767 
0.9999533946 
5.095850905e-05 
0.008114539109 
-0.004587080958 
1.730674361 
0.08766472164 
1.247737539 
-0.03156037265 
0.9999744233 
2.784406884e-05 
0.005950652976 
-0.003347877394 
1.77856212 
0.08648564057 
1.230842379 
-0.0299022688 
0.9999859285 
1.525772769e-05 
0.004370001786 
-0.002447761561 
1.825817416 
0.08536424906 
1.214819898 
-0.02838457983 
0.9999922406 
8.382672311e-06 
0.003213423978 
-0.001792561987 
1.872471008 
0.08429696623 
1.199596738 
-0.02699330823 
0.9999957123 
4.616509172e-06 
0.002365820646 
-0.001314709018 
1.918551627 
0.08328005905 
1.185107052 
-0.02571524433 
0.9999976261 
2.547976332e-06 
0.001743753935 
-0.000965574759 
1.964085975 
0.08230989607 
1.171291935 
-0.02453839719 
0.9999986834 
1.409119498e-06 
0.001286601942 
-0.0007100655614 
2.009098809 
0.08138306443 
1.158098715 
-0.02345209264 
0.9999992686 
7.807268285e-07 
0.0009502288192 
-0.0005227900223 
2.053613083 
0.08049641446 
1.145480236 
-0.02244691936 
0.9999995931 
4.332958276e-07 
0.0007024404515 
-0.0003853332226 
2.097650092 
0.07964706669 
1.1333942 
-0.02151461326 
0.9999997733 
2.408495529e-07 
0.0005197123934 
-0.0002843109003 
2.14122962 
0.07883240075 
1.121802567 
-0.02064792437 
0.9999998735 
1.34069755e-07 
0.0003848274944 
-0.0002099757505 
2.184370077 
0.07805003602 
1.110671038 
-0.01984048669 
0.9999999294 
7.472955653e-08 
0.0002851660447 
-0.000155216104 
2.227088623 
0.07729780973 
1.099968597 
-0.01908669963 
0.9999999605 
4.170501857e-08 
0.0002114653732 
-0.0001148344697 
2.269401285 
0.07657375509 
1.089667123 
-0.0183816235 
0.9999999779 
2.330131732e-08 
0.0001569181121 
-8.502636397e-05 
2.311323058 
0.07587608072 
1.079741052 
-0.01772088936 
0.9999999876 
1.303270437e-08 
0.0001165153904 
-6.300292106e-05 
2.352867992 
0.07520315192 
1.070167083 
-0.01710062174 
0.9999999931 
7.296583173e-09 
8.656757336e-05 
-4.671701497e-05 
2.394049282 
0.07455347401 
1.060923926 
-0.01651737279 
0.9999999961 
4.088908831e-09 
6.435397541e-05 
-3.46640974e-05 
2.434879333 
0.07392567745 
1.051992083 
-0.01596806621 
0.9999999978 
2.293362848e-09 
4.786644657e-05 
-2.573709684e-05 
2.475369829 
0.07331850477 
1.043353656 
-0.01544994951 
0.9999999988 
1.287337999e-09 
3.562140746e-05 
-1.912052066e-05 
2.515531791 
0.07273079909 
1.034992184 
-0.01496055323 
0.9999999993 
7.231791258e-10 
2.652187864e-05 
-1.421304415e-05 
2.555375627 
0.07216149395 
1.02689249 
-0.01449765601 
0.9999999996 
4.065495795e-10 
1.975608166e-05 
-1.057083873e-05 
2.594911183 
0.07160960436 
1.019040562 
-0.01405925472 
0.9999999998 
2.287061955e-10 
1.472283176e-05 
-7.866025443e-06 
2.634147785 
0.07107421894 
1.011423433 
-0.01364353866 
0.9999999999 
1.287430861e-10 
1.097658402e-05 
-5.856177255e-06 
2.673094273 
0.07055449293 
1.004029085 
-0.01324886732 
0.9999999999 
7.25161838e-11 
8.186914715e-06 
-4.361904858e-06 
2.711759042 
0.07004964202 
0.9968463602 
-0.01287375113 
    1 
4.086919261e-11 
6.10861755e-06 
-3.250364592e-06 
2.750150071 
0.06955893681 
0.9898648809 
-0.01251683472 
    1 
2.304577993e-11 
4.5596142e-06 
-2.42311093e-06 
2.78827495 
0.06908169794 
0.983074983 
-0.01217688236 
    1 
1.300247293e-11 
3.404623359e-06 
-1.807140056e-06 
2.82614091 
0.06861729173 
0.9764676514 
-0.0118527652 
    1 
7.339741705e-12 
2.543077482e-06 
-1.348280031e-06 
2.863754843 
0.06816512626 
0.9700344651 
-0.01154345015 
    1 
4.145111616e-12 
1.90017565e-06 
-1.00630843e-06 
2.901123328 
0.06772464784 
0.9637675475 
-0.01124799003 
    1 
2.341994783e-12 
1.420253877e-06 
-7.5134294e-07 
2.938252648 
0.06729533789 
0.9576595209 
-0.01096551498 
    1 
1.323909653e-12 
1.061869273e-06 
-5.61170933e-07 
2.975148812 
0.06687671009 
0.9517034669 
-0.01069522483 
    1 
7.487201241e-13 
7.941526887e-07 
-4.192722472e-07 
3.011817566 
0.06646830782 
0.9458928892 
-0.01043638234 
    1 
4.23571451e-13 
5.941008514e-07 
-3.133542026e-07 
3.048264417 
0.06606970183 
0.9402216814 
-0.01018830722 
    1 
2.397955077e-13 
4.445648488e-07 
-2.342654111e-07 
3.084494639 
0.06568048817 
0.9346840966 
-0.009950370816 
    1 
1.359807018e-13 
3.32755051e-07 
-1.751899243e-07 
3.120513292 
0.06530028626 
0.9292747207 
-0.009721991375 
    1 
7.721208674e-14 
2.491293006e-07 
-1.310490036e-07 
3.156325234 
0.0649287372 
0.9239884475 
-0.009502629797 
    1 
4.456107966e-14 
1.865657023e-07 
-9.805676257e-08 
3.191935128 
0.06456550213 
0.9188204566 
-0.009291785859 
    1 
2.637425634e-14 
1.397468641e-07 
-7.338992152e-08 
3.22734746 
0.06421026087 
0.9137661927 
-0.00908899482 
    1 
2.302472099e-14 
1.047013295e-07 
-5.49422415e-08 
3.262566541 
0.06386271054 
0.9088213472 
-0.008893824371 
    1 
2.118104853e-14 
7.846192254e-08 
-4.114183275e-08 
3.297596522 
0.06352256441 
0.9039818407 
-0.008705871896 
    1 
2.026706184e-14 
5.881109081e-08 
-3.081517417e-08 
3.332441399 
0.06318955078 
0.8992438079 
-0.008524762 
    1 
1.942903723e-14 
4.409101804e-08 
-2.308585412e-08 
3.367105024 
0.06286341197 
0.8946035829 
-0.008350144279 
    1 
1.830062027e-14 
3.3061977e-08 
-1.729913372e-08 
3.40159111 
0.06254390339 
0.8900576862 
-0.008181691301 
    1 
1.723421136e-14 
2.479662875e-08 
-1.296572385e-08 
3.43590324 
0.0622307927 
0.8856028122 
-0.008019096786 
    1 
1.64200857e-14 
1.860111743e-08 
-9.71986519e-09 
3.47004487 
0.06192385903 
0.8812358187 
-0.007862073942 
    1 
1.592647334e-14 
1.395614791e-08 
-7.288060543e-09 
3.50401934 
0.06162289222 
0.876953716 
-0.007710353965 
    1 
1.574265919e-14 
1.047297081e-08 
-5.465743915e-09 
3.537829876 
0.06132769221 
0.8727536577 
-0.00756368467 
    1 
1.581179254e-14 
7.860493088e-09 
-4.099865483e-09 
3.571479597 
0.06103806835 
0.8686329317 
-0.007421829243 
    1 
1.607343815e-14 
5.900694315e-09 
-3.075887939e-09 
3.604971519 
0.06075383889 
0.8645889524 
-0.007284565105 
    1 
1.646262667e-14 
4.43024581e-09 
-2.308073554e-09 
3.638308562 
0.06047483043 
0.8606192526 
-0.007151682871 
    1 
1.691681618e-14 
3.32676364e-09 
-1.732226889e-09 
3.67149355 
0.06020087742 
0.8567214771 
-0.007022985405 
    1 
1.741059455e-14 
2.498524428e-09 
-1.300270644e-09 
3.704529221 
0.05993182169 
0.852893376 
-0.006898286944 
    1 
1.791953431e-14 
1.876769663e-09 
-9.761904079e-10 
3.737418226 
0.05966751208 
0.8491327985 
-0.006777412306 
    1 
1.842374277e-14 
1.40994552e-09 
-7.330019695e-10 
3.770163134 
0.05940780399 
0.8454376874 
-0.006660196155 
    1 
1.890810093e-14 
1.059390315e-09 
-5.504827149e-10 
3.80276644 
0.05915255902 
0.8418060739 
-0.00654648233 
    1 
1.935959976e-14 
7.96105022e-10 
-4.134741491e-10 
3.83523056 
0.05890164466 
0.8382360728 
-0.006436123226 
    1 
1.976514887e-14 
5.98334262e-10 
-3.10611431e-10 
3.867557842 
0.05865493394 
0.8347258777 
-0.006328979223 
    1 
2.011002917e-14 
4.49753984e-10 
-2.333722678e-10 
3.899750563 
0.05841230516 
0.831273757 
-0.006224918163 
    1 
2.040145769e-14 
3.38113366e-10 
-1.753647173e-10 
3.931810936 
0.05817364156 
0.82787805 
-0.006123814863 
    1 
2.067572496e-14 
2.542168859e-10 
-1.317937634e-10 
3.963741111 
0.05793883113 
0.8245371627 
-0.006025550669 
    1 
2.092884326e-14 
1.911612015e-10 
-9.90616992e-11 
3.995543178 
0.05770776629 
0.8212495649 
-0.005930013043 
    1 
2.115625979e-14 
1.437629407e-10 
-7.446868655e-11 
4.027219168 
0.05748034372 
0.8180137867 
-0.005837095174 
    1 
2.135270745e-14 
1.08129559e-10 
-5.598833264e-11 
4.058771056 
0.05725646413 
0.8148284153 
-0.005746695631 
    1 
2.15114998e-14 
8.133743309e-11 
-4.209945495e-11 
4.090200765 
0.05703603204 
0.8116920925 
-0.005658718029 
    1 
2.162321791e-14 
6.119034997e-11 
-3.165994207e-11 
4.121510166 
0.05681895561 
0.8086035115 
-0.005573070723 
    1 
2.169932815e-14 
4.603828037e-11 
-2.381215862e-11 
4.152701079 
0.05660514644 
0.8055614149 
-0.005489666525 
    1 
2.17795998e-14 
3.464136498e-11 
-1.791199294e-11 
4.183775278 
0.05639451944 
0.8025645921 
-0.005408422444 
    1 
2.186322723e-14 
2.6067816e-11 
-1.34756287e-11 
4.214734491 
0.05618699265 
0.7996118769 
-0.005329259433 
    1 
2.194910023e-14 
1.961726423e-11 
-1.013960628e-11 
4.2455804 
0.05598248708 
0.7967021456 
-0.005252102167 
    1 
2.20360515e-14 
1.476319985e-11 
-7.630850981e-12 
4.276314647 
0.05578092659 
0.793834315 
-0.005176878827 
    1 
2.212276784e-14 
1.110974315e-11 
-5.744177603e-12 
4.30693883 
0.05558223775 
0.7910073405 
-0.005103520901 
    1 
2.220771802e-14 
8.359171198e-12 
-4.325404306e-12 
4.33745451 
0.05538634973 
0.7882202141 
-0.005031962998 
    1 
2.22891609e-14 
6.287518861e-12 
-3.258676039e-12 
4.367863208 
0.05519319415 
0.7854719633 
-0.004962142678 
    1 
2.23651314e-14 
4.726241392e-12 
-2.45694781e-12 
4.398166409 
0.055002705 
0.7827616488 
-0.004894000288 
    1 
2.243337477e-14 
3.54842755e-12 
-1.85484066e-12 
4.428365561 
0.05481481853 
0.7800883637 
-0.004827478807 
    1 
2.249123304e-14 
2.6584284e-12 
-1.40328005e-12 
4.458462079 
0.05462947314 
0.7774512315 
-0.004762523711 
    1 
2.253547533e-14 
1.984049022e-12 
-1.065474064e-12 
4.488457344 
0.05444660928 
0.7748494053 
-0.004699082834 
    1 
2.256203312e-14 
1.470661849e-12 
-8.138997162e-13 
4.518352704 
0.0542661694 
0.772282066 
-0.004637106249 
    1 
2.256556573e-14 
1.076758793e-12 
-6.280489737e-13 
4.548149479 
0.05408809782 
0.7697484215 
-0.004576546145 
    1 
2.253874795e-14 
7.705778637e-13 
-4.927487905e-13 
4.577848954 
0.05391234067 
0.7672477055 
-0.004517356723 
    1 
2.247117487e-14 
5.275285275e-13 
-3.969167479e-13 
4.60745239 
0.05373884581 
0.7647791762 
-0.004459494089 
    1 
2.23479011e-14 
3.282058582e-13 
-3.326496913e-13 
4.636961016 
0.05356756278 
0.7623421157 
-0.00440291616 
    1 
2.217314307e-14 
1.568321443e-13 
-2.945700509e-13 
