-0.03197852073 
-0.0006097679403 
0.9937691621 
-0.02068957487 
0.524131597 
0.8597159428 
0.3204644139 
0.5457364577 
0.9130614473 
-0.2962299248 
0.9804442884 
-0.02481918901 
0.9201598014 
0.5766621657 
0.5862347932 
0.4126257317 
0.7078943491 
-0.4157096548 
0.9686896891 
-0.01701364905 
1.170182433 
0.3510955132 
0.7716768662 
0.2642851723 
0.4865383609 
-0.3705833357 
0.9617958937 
-0.008528843697 
1.326763399 
0.2339479679 
0.883180322 
0.1485561532 
0.3106109259 
-0.2670741851 
0.9586379102 
-0.003540172597 
1.440144832 
0.1860396749 
0.943196799 
0.0763652954 
0.1906274167 
-0.1734154309 
0.9573946165 
-0.001311189739 
1.536880594 
0.1687294592 
0.9732324002 
0.03714859517 
0.1147183611 
-0.1071633813 
0.9569489553 
-0.0004511671085 
1.627765734 
0.1628219823 
0.9876170476 
0.01749852205 
0.06837316386 
-0.06470605461 
0.956799538 
-0.0001454325519 
1.716676529 
0.1608510846 
0.9943326361 
0.008091772994 
0.04054909028 
-0.0386404237 
0.956753176 
-4.179805942e-05 
1.80493092 
0.1601976744 
0.9974222854 
0.0037023746 
0.02398068831 
-0.02294633898 
0.9567412753 
-7.748390415e-06 
1.892967629 
0.1599805855 
0.9988317848 
0.001683639591 
0.01415692183 
-0.0135843155 
0.9567405667 
3.110275626e-06 
1.980931768 
0.1599077096 
0.9994716526 
0.000762903584 
0.008346763011 
-0.00802630117 
0.9567433631 
6.391504057e-06 
2.06887132 
0.159882564 
0.9997613098 
0.0003449897987 
0.004916115705 
-0.004735754156 
0.9567471684 
7.233714944e-06 
2.156802183 
0.1598732653 
0.999892224 
0.0001558346294 
0.002892984084 
-0.002791162185 
0.9567511848 
7.305752355e-06 
2.244729647 
0.1598692592 
0.9999513434 
7.035506692e-05 
0.001701109636 
-0.001643522657 
0.9567551638 
7.144765911e-06 
2.332655487 
0.1598670448 
0.9999780317 
3.175852007e-05 
0.0009995664689 
-0.0009669583604 
0.9567590332 
6.922040926e-06 
2.42058031 
0.1598654578 
0.9999900792 
1.433706141e-05 
0.0005869601051 
-0.0005684797971 
0.9567627766 
6.691251562e-06 
2.508504336 
0.1598641091 
0.9999955184 
6.473797761e-06 
0.0003444637506 
-0.0003339827645 
0.9567663949 
6.468459467e-06 
2.596427652 
0.1598628675 
0.9999979747 
2.924130471e-06 
0.0002020385972 
-0.0001960907209 
0.956769894 
6.257801241e-06 
2.684350304 
0.1598616874 
0.9999990844 
1.321284362e-06 
0.0001184395859 
-0.0001150623522 
0.9567732807 
6.059712194e-06 
2.772272319 
0.1598605521 
0.9999995859 
5.972693919e-07 
6.939774715e-05 
-6.747916688e-05 
0.9567765618 
5.873546768e-06 
2.860193721 
0.1598594545 
0.9999998126 
2.700996041e-07 
4.064365137e-05 
-3.955320831e-05 
0.9567797435 
5.698404094e-06 
2.948114528 
0.1598583909 
0.9999999152 
1.221962673e-07 
2.379307965e-05 
-2.317304326e-05 
0.9567828318 
5.533380114e-06 
3.036034759 
0.1598573588 
0.9999999616 
5.530568219e-08 
1.392290719e-05 
-1.357020255e-05 
0.9567858318 
5.377637737e-06 
3.123954431 
0.1598563563 
0.9999999826 
2.50411904e-08 
8.144048785e-06 
-7.943336101e-06 
0.9567887486 
5.23042026e-06 
3.211873559 
0.1598553816 
0.9999999921 
1.134248005e-08 
4.76201787e-06 
-4.64775664e-06 
0.9567915866 
5.091047981e-06 
3.299792159 
0.1598544333 
0.9999999964 
5.139521384e-09 
2.783493607e-06 
-2.718424483e-06 
0.95679435 
4.958910586e-06 
3.387710243 
0.1598535099 
0.9999999984 
2.329659634e-09 
1.626468622e-06 
-1.589400956e-06 
0.9567970426 
4.833459138e-06 
3.475627827 
0.1598526102 
0.9999999993 
1.056357138e-09 
9.50089529e-07 
-9.289666757e-07 
0.9567996678 
4.714198757e-06 
3.563544922 
0.159851733 
0.9999999997 
4.791493212e-10 
5.548216062e-07 
-5.42781223e-07 
0.9568022291 
4.600682194e-06 
3.65146154 
0.1598508772 
0.9999999998 
2.174035044e-10 
3.239055066e-07 
-3.170403214e-07 
0.9568047295 
4.492504254e-06 
3.739377693 
0.1598500417 
0.9999999999 
9.867140514e-11 
1.890449785e-07 
-1.851295195e-07 
0.9568071717 
4.389296977e-06 
3.827293392 
0.1598492257 
    1 
4.479629441e-11 
1.103060005e-07 
-1.080722934e-07 
0.9568095585 
4.290725457e-06 
3.915208648 
0.1598484282 
    1 
2.034286931e-11 
6.434655267e-08 
-6.307194093e-08 
0.9568118922 
4.196484212e-06 
4.00312347 
0.1598476484 
    1 
9.240580823e-12 
3.752737955e-08 
-3.679987947e-08 
0.9568141753 
4.106294026e-06 
4.091037867 
0.1598468856 
    1 
4.19839102e-12 
2.188126179e-08 
-2.146593758e-08 
0.9568164097 
4.019899182e-06 
4.17895185 
0.159846139 
    1 
1.908011578e-12 
1.275562494e-08 
-1.251846768e-08 
0.9568185977 
3.937065042e-06 
4.266865426 
0.159845408 
    1 
8.673244439e-13 
7.434302283e-09 
-7.298852997e-09 
0.9568207411 
3.857575919e-06 
4.354778605 
0.1598446918 
    1 
3.944603235e-13 
4.332029426e-09 
-4.254653741e-09 
0.9568228415 
3.781233202e-06 
4.442691393 
0.15984399 
    1 
1.796835967e-13 
2.523821801e-09 
-2.479612223e-09 
0.9568249009 
3.707853697e-06 
4.530603799 
0.159843302 
    1 
8.22907565e-14 
1.470094624e-09 
-1.444830218e-09 
0.9568269206 
3.637268162e-06 
4.618515831 
0.1598426272 
    1 
3.845869565e-14 
8.56158611e-10 
-8.41718197e-10 
0.9568289023 
3.569320002e-06 
4.706427495 
0.1598419651 
    1 
2.154406941e-14 
4.985266319e-10 
-4.902714783e-10 
0.9568308473 
3.50386411e-06 
4.794338798 
0.1598413153 
    1 
2.083280476e-14 
2.902354098e-10 
-2.855153997e-10 
0.9568327569 
3.440765834e-06 
4.882249747 
0.1598406772 
    1 
2.054047193e-14 
1.689440446e-10 
-1.662448738e-10 
0.9568346324 
3.379900047e-06 
4.970160348 
0.1598400506 
    1 
2.033088591e-14 
9.832597462e-11 
-9.678219585e-11 
0.9568364751 
3.321150325e-06 
5.058070608 
0.159839435 
    1 
2.019293763e-14 
5.721749172e-11 
-5.633440226e-11 
0.956838286 
3.264408201e-06 
5.145980532 
0.15983883 
    1 
2.008615023e-14 
3.329099212e-11 
-3.278576449e-11 
0.9568400662 
3.209572496e-06 
5.233890126 
0.1598382352 
    1 
2.000451458e-14 
1.936707805e-11 
-1.907799e-11 
0.9568418168 
3.156548718e-06 
5.321799395 
0.1598376503 
    1 
1.993972286e-14 
1.126530318e-11 
-1.109986647e-11 
0.9568435387 
3.105248519e-06 
5.409708346 
0.1598370751 
    1 
1.988446465e-14 
6.55186532e-12 
-6.457178299e-12 
0.9568452328 
3.055589202e-06 
5.497616983 
0.1598365091 
    1 
1.983451616e-14 
3.810062713e-12 
-3.755862123e-12 
0.9568469001 
3.007493276e-06 
5.585525311 
0.1598359521 
    1 
1.978881949e-14 
2.215369025e-12 
-2.184339803e-12 
0.9568485413 
2.960888057e-06 
5.673433335 
0.1598354037 
    1 
1.97481322e-14 
1.287978029e-12 
-1.270212038e-12 
0.9568501572 
2.915705295e-06 
5.76134106 
0.1598348639 
    1 
1.971333155e-14 
7.487223632e-13 
-7.385491517e-13 
0.9568517487 
2.871880845e-06 
5.84924849 
0.1598343322 
    1 
1.968454176e-14 
4.351957204e-13 
-4.293696552e-13 
0.9568533165 
2.829354361e-06 
5.93715563 
0.1598338084 
    1 
1.966135782e-14 
2.529305611e-13 
-2.495936872e-13 
0.9568548612 
2.78806902e-06 
6.025062484 
0.1598332924 
    1 
1.964338306e-14 
1.469847366e-13 
-1.450733431e-13 
0.9568563835 
2.747971268e-06 
6.112969056 
0.1598327838 
    1 
1.963044708e-14 
8.540803095e-14 
-8.431305412e-14 
0.9568578841 
2.709010589e-06 
6.200875351 
0.1598322825 
    1 
1.962255641e-14 
4.962288007e-14 
-4.899553999e-14 
0.9568593636 
2.67113929e-06 
6.288781372 
0.1598317882 
    1 
1.961979776e-14 
2.882857693e-14 
-2.8469123e-14 
0.9568608225 
2.634312312e-06 
6.376687123 
0.1598313008 
    1 
1.962228076e-14 
1.67464813e-14 
-1.654050163e-14 
0.9568622615 
2.598487044e-06 
6.464592607 
0.1598308201 
    1 
1.963012317e-14 
9.727117427e-15 
-9.60907304e-15 
0.956863681 
2.563623164e-06 
6.552497829 
0.1598303459 
    1 
1.964345795e-14 
5.649448184e-15 
-5.581792376e-15 
0.9568650816 
2.529682484e-06 
6.640402792 
0.159829878 
    1 
1.96624426e-14 
3.280878866e-15 
-3.242099331e-15 
0.9568664637 
2.496628813e-06 
6.7283075 
0.1598294163 
    1 
1.968725808e-14 
1.9051871e-15 
-1.882957232e-15 
0.956867828 
2.464427827e-06 
6.816211955 
0.1598289605 
    1 
1.97180893e-14 
1.106239792e-15 
-1.093495755e-15 
0.9568691747 
2.433046951e-06 
6.904116161 
0.1598285106 
    1 
1.975508328e-14 
6.422824116e-16 
-6.34975866e-16 
0.9568705044 
2.402455247e-06 
6.992020121 
0.1598280664 
    1 
1.979828742e-14 
3.728797172e-16 
-3.686903228e-16 
0.9568718175 
2.372623317e-06 
7.079923838 
0.1598276277 
    1 
1.98475843e-14 
2.164603249e-16 
-2.140580448e-16 
0.9568731144 
2.3435232e-06 
7.167827316 
0.1598271945 
    1 
1.99026578e-14 
1.256479685e-16 
-1.242703517e-16 
0.9568743955 
2.315128296e-06 
7.255730556 
0.1598267665 
    1 
1.996302961e-14 
7.292913012e-17 
-7.213906134e-17 
0.9568756611 
2.287413276e-06 
7.343633563 
0.1598263437 
    1 
2.002816786e-14 
4.232682979e-17 
-4.187368994e-17 
0.9568769117 
2.260354008e-06 
7.431536339 
0.159825926 
    1 
2.009760785e-14 
2.456406958e-17 
-2.430415552e-17 
0.9568781476 
2.233927492e-06 
7.519438886 
0.1598255131 
    1 
2.017101246e-14 
1.425461405e-17 
-1.410552121e-17 
0.9568793691 
2.20811179e-06 
7.607341208 
0.1598251051 
    1 
2.024815467e-14 
8.271453783e-18 
-8.185924946e-18 
0.9568805766 
2.182885965e-06 
7.695243306 
0.1598247017 
    1 
2.032885729e-14 
4.799324591e-18 
-4.7502568e-18 
0.9568817703 
2.158230029e-06 
7.783145184 
0.1598243029 
    1 
2.041292974e-14 
2.784523708e-18 
-2.756371792e-18 
0.9568829507 
2.134124885e-06 
7.871046844 
0.1598239086 
    1 
2.050012197e-14 
1.615454927e-18 
-1.599302182e-18 
0.9568841179 
2.110552279e-06 
7.958948288 
0.1598235187 
    1 
2.059009806e-14 
9.371572892e-19 
-9.278887559e-19 
0.9568852723 
2.087494757e-06 
8.046849519 
0.1598231331 
    1 
2.068242413e-14 
5.436312525e-19 
-5.383126023e-19 
0.9568864142 
2.064935619e-06 
8.134750539 
0.1598227516 
    1 
2.077656303e-14 
3.153342765e-19 
-3.122820483e-19 
0.9568875438 
2.042858877e-06 
8.22265135 
0.1598223743 
    1 
2.087186933e-14 
1.828998357e-19 
-1.811481461e-19 
0.9568886614 
2.021249224e-06 
8.310551955 
0.159822001 
    1 
2.096757951e-14 
1.060794685e-19 
-1.050741097e-19 
0.9568897672 
2.000091989e-06 
8.398452355 
0.1598216316 
    1 
2.106279476e-14 
6.152133315e-20 
-6.094429071e-20 
0.9568908615 
1.979373112e-06 
8.486352554 
0.159821266 
    1 
2.115645692e-14 
3.567771235e-20 
-3.534649377e-20 
0.9568919446 
1.959079109e-06 
8.574252552 
0.1598209043 
    1 
2.124732411e-14 
2.068928892e-20 
-2.049916552e-20 
0.9568930166 
1.939197044e-06 
8.662152353 
0.1598205462 
    1 
2.133396194e-14 
1.199697651e-20 
-1.18878445e-20 
0.9568940777 
1.919714499e-06 
8.750051957 
0.1598201917 
    1 
2.141477819e-14 
6.95626209e-21 
-6.89362811e-21 
0.9568951283 
1.900619552e-06 
8.837951368 
0.1598198408 
    1 
2.148813466e-14 
4.033273389e-21 
-3.997344419e-21 
0.9568961684 
1.881900749e-06 
8.925850586 
0.1598194933 
    1 
2.155254894e-14 
2.338380857e-21 
-2.317805033e-21 
0.9568971984 
1.863547086e-06 
9.013749615 
0.1598191493 
    1 
2.160691087e-14 
1.355634565e-21 
-1.343912063e-21 
0.9568982184 
1.84554798e-06 
9.101648455 
0.1598188086 
    1 
2.165045819e-14 
7.85815853e-22 
-7.792442303e-22 
0.9568992285 
1.827893256e-06 
9.189547108 
0.1598184711 
    1 
2.168216365e-14 
4.553986027e-22 
-4.519026318e-22 
0.9569002291 
1.810573124e-06 
9.277445577 
0.1598181369 
    1 
2.169953774e-14 
2.637424907e-22 
-2.622183752e-22 
0.9569012202 
1.793578161e-06 
9.365343863 
0.1598178059 
    1 
2.169728433e-14 
1.524603841e-22 
-1.524269815e-22 
0.956902202 
1.776899295e-06 
9.453241968 
0.1598174779 
    1 
2.166592445e-14 
8.764290251e-23 
-8.908965234e-23 
0.9569031748 
1.760527789e-06 
9.541139893 
0.159817153 
    1 
2.158974641e-14 
4.953247672e-23 
-5.291591024e-23 
0.9569041386 
1.744455222e-06 
9.62903764 
0.159816831 
    1 
2.146820672e-14 
2.650470864e-23 
-3.289234079e-23 
0.9569050937 
1.728673483e-06 
9.716935211 
0.159816512 
    1 
2.13255095e-14 
1.152486135e-23 
-2.293176608e-23 
