0.3594447589 
-0.0006163462658 
0.9992071917 
-0.002529555094 
0.5461572325 
0.9751853853 
0.392412264 
0.6378803643 
0.9128671314 
-0.294496988 
0.9977389814 
-0.002435403872 
1.070278227 
0.9315773338 
0.6807448313 
0.4068570276 
0.7119947027 
-0.4019744519 
0.9967135285 
-0.001292890372 
1.573891632 
0.9030601406 
0.8478388494 
0.2139972676 
0.4991665055 
-0.3559921887 
0.9962405652 
-0.0005164489147 
2.066608801 
0.8906237397 
0.9311867953 
0.1012075123 
0.328817418 
-0.2619604563 
0.9960639689 
-0.0001790492024 
2.554983253 
0.8861031622 
0.9696140924 
0.04549970154 
0.2091824239 
-0.1765067431 
0.9960047523 
-5.777133431e-05 
3.041835464 
0.8845761318 
0.9867021957 
0.02002219691 
0.1304191301 
-0.1137319289 
0.9959859903 
-1.788155259e-05 
3.52817987 
0.8840727355 
0.9941919247 
0.008745164295 
0.08029809636 
-0.0715031847 
0.9959802706 
-5.313382732e-06 
4.014357339 
0.8839075108 
0.9974604396 
0.003815009507 
0.04901997828 
-0.04428966142 
0.9959786189 
-1.441309419e-06 
4.500479957 
0.8838530791 
0.998887009 
0.001666701141 
0.02973987001 
-0.02716296883 
0.995978212 
-2.684203064e-07 
4.986584446 
0.8838349828 
0.9995108939 
0.0007299762941 
0.01795607444 
-0.0165406064 
0.9959781787 
7.689827501e-08 
5.472682868 
0.8838288497 
0.9997844716 
0.0003206153888 
0.01079921682 
-0.01001729332 
0.9959782526 
1.706126086e-07 
5.958779202 
0.8838266758 
0.9999047776 
0.0001412145112 
0.006473899581 
-0.006040162489 
0.9959783531 
1.888731652e-07 
6.444874768 
0.8838258221 
0.9999578279 
6.236328278e-05 
0.003870297634 
-0.003628928057 
0.9959784565 
1.85338086e-07 
6.930970008 
0.8838254152 
0.9999812814 
2.760874332e-05 
0.002308297141 
-0.002173626994 
0.995978556 
1.762290157e-07 
7.417065075 
0.8838251645 
0.9999916747 
1.225013746e-05 
0.00137384913 
-0.001298545894 
0.9959786502 
1.663425055e-07 
7.903160023 
0.8838249727 
0.9999962905 
5.446576432e-06 
0.0008161935656 
-0.0007740065926 
0.9959787391 
1.570038329e-07 
8.389254874 
0.8838248068 
0.9999983444 
2.426121492e-06 
0.0004841083738 
-0.0004604347554 
0.9959788231 
1.484993642e-07 
8.875349637 
0.8838246551 
0.99999926 
1.08251324e-06 
0.0002867224069 
-0.0002734181162 
0.9959789026 
1.408183745e-07 
9.36144432 
0.8838245131 
0.9999996688 
4.837473245e-07 
0.0001695951154 
-0.0001621083698 
0.9959789781 
1.338767509e-07 
9.847538926 
0.8838243788 
0.9999998515 
2.164754839e-07 
0.0001001963071 
-9.59782476e-05 
0.99597905 
1.275821814e-07 
10.33363346 
0.8838242511 
0.9999999334 
9.699521008e-08 
5.913211031e-05 
-5.675306465e-05 
0.9959791186 
1.218512862e-07 
10.81972793 
0.8838241294 
0.9999999701 
4.351067423e-08 
3.486332944e-05 
-3.352018725e-05 
0.9959791841 
1.166125815e-07 
11.30582233 
0.883824013 
0.9999999866 
1.953903279e-08 
2.053636722e-05 
-1.977738022e-05 
0.9959792469 
1.118055895e-07 
11.79191667 
0.8838239016 
0.9999999939 
8.782828958e-09 
1.20870097e-05 
-1.165776178e-05 
0.9959793072 
1.073791597e-07 
12.27801094 
0.8838237946 
0.9999999973 
3.951448644e-09 
7.108569527e-06 
-6.865620216e-06 
0.9959793651 
1.032898532e-07 
12.76410516 
0.8838236918 
0.9999999988 
1.779257935e-09 
4.177709126e-06 
-4.040104841e-06 
0.9959794208 
9.950057993e-08 
13.25019933 
0.8838235929 
0.9999999994 
8.017795155e-10 
2.453628096e-06 
-2.375638811e-06 
0.9959794746 
9.597949157e-08 
13.73629344 
0.8838234975 
0.9999999997 
3.615605717e-10 
1.440169064e-06 
-1.3959403e-06 
0.9959795265 
9.269909124e-08 
14.2223875 
0.8838234054 
0.9999999999 
1.631530283e-10 
8.448315256e-07 
-8.19734414e-07 
0.9959795766 
8.963551613e-08 
14.70848151 
0.8838233164 
0.9999999999 
7.366819668e-11 
4.953299805e-07 
-4.810812676e-07 
0.9959796251 
8.676795679e-08 
15.19457547 
0.8838232304 
    1 
3.328246044e-11 
2.902695435e-07 
-2.821758656e-07 
0.9959796721 
8.4078184e-08 
15.68066939 
0.883823147 
    1 
1.504506594e-11 
1.700214997e-07 
-1.654218864e-07 
0.9959797176 
8.155016095e-08 
16.16676326 
0.8838230662 
    1 
6.804536983e-12 
9.954369097e-08 
-9.692858197e-08 
0.9959797618 
7.916972329e-08 
16.65285708 
0.8838229877 
    1 
3.079112244e-12 
5.825619831e-08 
-5.67687555e-08 
0.9959798047 
7.692431355e-08 
17.13895087 
0.8838229116 
    1 
1.393929447e-12 
3.407996247e-08 
-3.323358781e-08 
0.9959798464 
7.480275962e-08 
17.62504461 
0.8838228375 
    1 
6.313830565e-13 
1.992938483e-08 
-1.94476061e-08 
0.995979887 
7.279508879e-08 
18.11113831 
0.8838227655 
    1 
2.863728691e-13 
1.165024388e-08 
-1.137590547e-08 
0.9959799265 
7.089237102e-08 
18.59723198 
0.8838226954 
    1 
1.30467917e-13 
6.808169267e-09 
-6.651900651e-09 
0.995979965 
6.908658615e-08 
19.0833256 
0.8838226271 
    1 
6.051895149e-14 
3.977289042e-09 
-3.888246874e-09 
0.9959800025 
6.737051089e-08 
19.56941919 
0.8838225605 
    1 
2.98043325e-14 
2.322801987e-09 
-2.272050153e-09 
0.9959800391 
6.573762222e-08 
20.05551274 
0.8838224955 
    1 
2.295988525e-14 
1.356162447e-09 
-1.327226779e-09 
0.9959800749 
6.41820146e-08 
20.54160626 
0.8838224321 
    1 
2.304038518e-14 
7.915740662e-10 
-7.750721192e-10 
0.9959801098 
6.269832853e-08 
21.02769974 
0.8838223702 
    1 
2.328903288e-14 
4.619097707e-10 
-4.524962663e-10 
0.9959801438 
6.128168891e-08 
21.51379319 
0.8838223097 
    1 
2.345709832e-14 
2.694719458e-10 
-2.641006775e-10 
0.9959801772 
5.99276515e-08 
21.99988661 
0.8838222505 
    1 
2.35343767e-14 
1.571685059e-10 
-1.54102966e-10 
0.9959802098 
5.863215634e-08 
22.48597999 
0.8838221927 
    1 
2.352314869e-14 
9.164683782e-11 
-8.989684092e-11 
0.9959802417 
5.739148715e-08 
22.97207334 
0.8838221361 
    1 
2.346186099e-14 
5.342857591e-11 
-5.242935026e-11 
0.9959802729 
5.620223565e-08 
23.45816666 
0.8838220806 
    1 
2.337750843e-14 
3.114137413e-11 
-3.05707082e-11 
0.9959803035 
5.506127033e-08 
23.94425995 
0.8838220263 
    1 
2.331305641e-14 
1.814736928e-11 
-1.782139097e-11 
0.9959803335 
5.396570892e-08 
24.43035322 
0.8838219731 
    1 
2.324786816e-14 
1.057315913e-11 
-1.038691594e-11 
0.9959803629 
5.291289408e-08 
24.91644645 
0.883821921 
    1 
2.319490237e-14 
6.159058154e-12 
-6.052630678e-12 
0.9959803917 
5.190037183e-08 
25.40253965 
0.8838218698 
    1 
2.315494626e-14 
3.587115475e-12 
-3.526287172e-12 
0.99598042 
5.092587256e-08 
25.88863283 
0.8838218196 
    1 
2.312713435e-14 
2.088819097e-12 
-2.054046805e-12 
0.9959804477 
4.998729391e-08 
26.37472598 
0.8838217704 
    1 
2.311335627e-14 
1.216139696e-12 
-1.196258896e-12 
0.995980475 
4.908268577e-08 
26.8608191 
0.883821722 
    1 
2.311483617e-14 
7.079390364e-13 
-6.965704959e-13 
0.9959805017 
4.821023662e-08 
27.3469122 
0.8838216746 
    1 
2.313156208e-14 
4.120410428e-13 
-4.055390958e-13 
0.995980528 
4.736826155e-08 
27.83300527 
0.8838216279 
    1 
2.316250242e-14 
2.39783696e-13 
-2.360645121e-13 
0.9959805538 
4.655519129e-08 
28.31909831 
0.8838215821 
    1 
2.320596198e-14 
1.395197189e-13 
-1.373919955e-13 
0.9959805792 
4.576956251e-08 
28.80519133 
0.883821537 
    1 
2.325988506e-14 
8.116904016e-14 
-7.99516105e-14 
0.9959806042 
4.501000904e-08 
29.29128433 
0.8838214927 
    1 
2.332205511e-14 
4.721566428e-14 
-4.651898681e-14 
0.9959806287 
4.427525388e-08 
29.7773773 
0.8838214491 
    1 
2.339020945e-14 
2.746152043e-14 
-2.706279225e-14 
0.9959806529 
4.356410211e-08 
30.26347024 
0.8838214063 
    1 
2.34621043e-14 
1.597010044e-14 
-1.574186791e-14 
0.9959806767 
4.287543433e-08 
30.74956317 
0.8838213641 
    1 
2.35355523e-14 
9.28617877e-15 
-9.155522009e-15 
0.9959807 
4.220820086e-08 
31.23565607 
0.8838213226 
    1 
2.360844187e-14 
5.399013401e-15 
-5.324207079e-15 
0.9959807231 
4.156141634e-08 
31.72174895 
0.8838212817 
    1 
2.367873558e-14 
3.138638647e-15 
-3.095803998e-15 
0.9959807458 
4.093415489e-08 
32.2078418 
0.8838212414 
    1 
2.374442278e-14 
1.824396716e-15 
-1.799866515e-15 
0.9959807681 
4.03255457e-08 
32.69393463 
0.8838212018 
    1 
2.380334746e-14 
1.060351206e-15 
-1.046301911e-15 
0.9959807901 
3.9734769e-08 
33.18002745 
0.8838211627 
    1 
2.385272346e-14 
6.162175342e-16 
-6.081701606e-16 
0.9959808118 
3.916105236e-08 
33.66612024 
0.8838211242 
    1 
2.388798123e-14 
3.580746282e-16 
-3.534646525e-16 
0.9959808332 
3.860366732e-08 
34.15221301 
0.8838210862 
    1 
2.390032478e-14 
2.080508474e-16 
-2.054097361e-16 
0.9959808543 
3.806192631e-08 
34.63830576 
0.8838210488 
    1 
2.389693318e-14 
1.20871268e-16 
-1.193579956e-16 
0.9959808751 
3.753517983e-08 
35.12439848 
0.8838210119 
    1 
2.390743562e-14 
7.021590154e-17 
-6.93487624e-17 
0.9959808956 
3.702281385e-08 
35.61049119 
0.8838209755 
    1 
2.392701123e-14 
4.078568822e-17 
-4.028875212e-17 
0.9959809158 
3.652424739e-08 
36.09658388 
0.8838209396 
    1 
2.396418099e-14 
2.368869311e-17 
-2.340388566e-17 
0.9959809358 
3.603893038e-08 
36.58267655 
0.8838209042 
    1 
2.403283809e-14 
1.375740181e-17 
-1.359415671e-17 
0.9959809555 
3.556634158e-08 
37.0687692 
0.8838208693 
    1 
2.41272658e-14 
7.98904267e-18 
-7.895466342e-18 
0.9959809749 
3.510598674e-08 
37.55486183 
0.8838208348 
    1 
2.42172709e-14 
4.638921315e-18 
-4.585276481e-18 
0.9959809941 
3.465739689e-08 
38.04095444 
0.8838208007 
    1 
2.430779381e-14 
2.693420303e-18 
-2.662664648e-18 
0.995981013 
3.422012671e-08 
38.52704703 
0.8838207671 
    1 
2.440065286e-14 
1.56371279e-18 
-1.546078567e-18 
0.9959810317 
3.379375307e-08 
39.01313961 
0.8838207339 
    1 
2.45002743e-14 
9.077712582e-19 
-8.976596296e-19 
0.9959810502 
3.337787369e-08 
39.49923216 
0.8838207011 
    1 
2.461062794e-14 
5.26942542e-19 
-5.211440042e-19 
0.9959810684 
3.297210583e-08 
39.9853247 
0.8838206688 
    1 
2.473474697e-14 
3.058568949e-19 
-3.025314665e-19 
0.9959810865 
3.257608516e-08 
40.47141722 
0.8838206368 
    1 
2.487489359e-14 
1.775179292e-19 
-1.756106796e-19 
0.9959811043 
3.218946462e-08 
40.95750973 
0.8838206052 
    1 
2.503267573e-14 
1.030233892e-19 
-1.019294405e-19 
0.9959811219 
3.181191346e-08 
41.44360221 
0.8838205739 
    1 
2.52089076e-14 
5.978604168e-20 
-5.915854202e-20 
0.9959811393 
3.144311624e-08 
41.92969468 
0.8838205431 
    1 
2.540312127e-14 
3.469243473e-20 
-3.433247723e-20 
0.9959811565 
3.108277201e-08 
42.41578713 
0.8838205125 
    1 
2.561271812e-14 
2.012988755e-20 
-1.992340008e-20 
0.9959811735 
3.073059344e-08 
42.90187957 
0.8838204824 
    1 
2.583246239e-14 
1.16793831e-20 
-1.156094478e-20 
0.9959811903 
3.038630607e-08 
43.38797199 
0.8838204525 
    1 
2.60555071e-14 
6.77595236e-21 
-6.708047594e-21 
0.9959812069 
3.004964762e-08 
43.87406439 
0.8838204231 
    1 
2.627496519e-14 
3.930891984e-21 
-3.892016802e-21 
0.9959812233 
2.97203673e-08 
44.36015678 
0.8838203939 
    1 
2.648404765e-14 
2.280217704e-21 
-2.25806397e-21 
0.9959812396 
2.939822519e-08 
44.84624915 
0.883820365 
    1 
2.667539827e-14 
1.322534727e-21 
-1.310089984e-21 
0.9959812557 
2.908299166e-08 
45.3323415 
0.8838203365 
    1 
2.684066614e-14 
7.668767647e-22 
-7.602026547e-22 
0.9959812716 
2.877444684e-08 
45.81843384 
0.8838203083 
    1 
2.696932602e-14 
4.443822628e-22 
-4.413670903e-22 
0.9959812873 
2.847238007e-08 
46.30452617 
0.8838202803 
    1 
2.704488543e-14 
2.570228202e-22 
-2.567127697e-22 
0.9959813029 
2.817658946e-08 
46.79061847 
0.8838202527 
    1 
2.706373383e-14 
1.478308497e-22 
-1.501278371e-22 
0.9959813183 
2.788688142e-08 
47.27671077 
0.8838202253 
    1 
2.704344616e-14 
8.359262176e-23 
-8.922292619e-23 
0.9959813336 
2.760307023e-08 
47.76280305 
0.8838201982 
    1 
2.696426447e-14 
4.475349431e-23 
-5.549703134e-23 
0.9959813487 
2.732497767e-08 
48.24889531 
0.8838201714 
    1 
2.680645434e-14 
1.946985388e-23 
-3.872235468e-23 
