0.3013938198 
-0.001000036687 
1.000006649 
3.634871879e-06 
0.5250611929 
0.8682519751 
0.3828179616 
0.6292129867 
0.8630200396 
-0.4481189652 
1.000008484 
3.103735172e-06 
0.9425132306 
0.6594911601 
0.6713351786 
0.4136803964 
0.5807852083 
-0.5177357736 
1.000010067 
2.651254856e-06 
1.269840966 
0.548281535 
0.8428167527 
0.2213814465 
0.3335488932 
-0.3678249654 
1.000011409 
2.241972379e-06 
1.559327803 
0.5119918511 
0.9291775676 
0.1048430627 
0.1759464309 
-0.2130510682 
1.000012549 
1.919478702e-06 
1.837767451 
0.5026927645 
0.9688957581 
0.0468626135 
0.08888779102 
-0.1125475538 
1.000013534 
1.672413807e-06 
2.113515236 
0.5005610164 
0.9864453517 
0.02049005539 
0.04390132918 
-0.05690800774 
1.000014399 
1.480419773e-06 
2.388659144 
0.5000951765 
0.9940935392 
0.008908570643 
0.02140608384 
-0.028133913 
1.000015169 
1.3276962e-06 
2.663672157 
0.4999950318 
0.9974191027 
0.003876924553 
0.01035363319 
-0.01373168376 
1.000015864 
1.203480214e-06 
2.938656998 
0.4999732825 
0.9988682439 
0.001692669995 
0.004979839965 
-0.006647969383 
1.000016497 
1.100506942e-06 
3.2136356 
0.4999682045 
0.9995019647 
0.0007418055817 
0.002385094154 
-0.003200233706 
1.000017078 
1.01376386e-06 
3.488612628 
0.4999666865 
0.999780132 
0.0003262732556 
0.001138497873 
-0.001533910916 
1.000017615 
9.396956181e-07 
3.763589089 
0.4999659524 
0.9999026575 
0.0001439780228 
0.0005419300402 
-0.0007326837508 
1.000018113 
8.757136184e-07 
4.03856521 
0.499965412 
0.9999567951 
6.371903837e-05 
0.0002573461376 
-0.0003489663148 
1.000018579 
8.198890171e-07 
4.313541055 
0.4999649373 
0.9999807814 
2.827141596e-05 
0.0001219529899 
-0.0001658001502 
1.000019016 
7.707552716e-07 
4.588516648 
0.4999644983 
0.9999914344 
1.257181179e-05 
5.768681214e-05 
-7.860714625e-05 
1.000019428 
7.271774961e-07 
4.863492008 
0.4999640863 
0.9999961757 
5.601527082e-06 
2.724325338e-05 
-3.71986692e-05 
1.000019817 
6.882637299e-07 
5.138467148 
0.4999636972 
0.99999829 
2.500212761e-06 
1.284736251e-05 
-1.75741013e-05 
1.000020186 
6.533032421e-07 
5.41344208 
0.4999633285 
0.9999992343 
1.117706598e-06 
6.050682242e-06 
-8.290408804e-06 
1.000020536 
6.217227284e-07 
5.688416814 
0.499962978 
0.9999996567 
5.0036793e-07 
2.846320166e-06 
-3.905716594e-06 
1.00002087 
5.930546274e-07 
5.963391359 
0.4999626441 
0.9999998459 
2.242861125e-07 
1.337514505e-06 
-1.837819596e-06 
1.000021189 
5.669138151e-07 
6.238365726 
0.4999623253 
0.9999999308 
1.00650339e-07 
6.278976493e-07 
-8.638337358e-07 
1.000021494 
5.429802033e-07 
6.51333992 
0.4999620202 
0.9999999689 
4.521510281e-08 
2.945032204e-07 
-4.056243844e-07 
1.000021787 
5.20985568e-07 
6.788313951 
0.4999617277 
0.999999986 
2.033145121e-08 
1.380171589e-07 
-1.902921288e-07 
1.000022068 
5.007034535e-07 
7.063287824 
0.4999614468 
0.9999999937 
9.150307928e-09 
6.463167375e-08 
-8.919743413e-08 
1.000022338 
4.819413466e-07 
7.338261545 
0.4999611767 
0.9999999972 
4.121501451e-09 
3.024484816e-08 
-4.177792481e-08 
1.000022598 
4.645345473e-07 
7.613235121 
0.4999609165 
0.9999999987 
1.857808342e-09 
1.414402107e-08 
-1.955371971e-08 
1.000022849 
4.483413208e-07 
7.888208556 
0.4999606656 
0.9999999994 
8.380081211e-10 
6.610425407e-09 
-9.145812371e-09 
1.000023091 
4.332390297e-07 
8.163181855 
0.4999604232 
0.9999999997 
3.782477345e-10 
3.087724546e-09 
-4.275093427e-09 
1.000023326 
4.19121022e-07 
8.438155024 
0.4999601889 
0.9999999999 
1.708304481e-10 
1.441505222e-09 
-1.997180809e-09 
1.000023553 
4.058941093e-07 
8.713128065 
0.4999599621 
0.9999999999 
7.71965104e-11 
6.726309294e-10 
-9.325108436e-10 
1.000023772 
3.934765068e-07 
8.988100984 
0.4999597423 
    1 
3.490290616e-11 
3.137137106e-10 
-4.351809534e-10 
1.000023986 
3.817961409e-07 
9.263073784 
0.4999595292 
    1 
1.578850353e-11 
1.462507743e-10 
-2.029919221e-10 
1.000024193 
3.707892495e-07 
9.538046468 
0.4999593223 
    1 
7.145336702e-12 
6.815249996e-11 
-9.464392432e-11 
1.000024394 
3.603992172e-07 
9.81301904 
0.4999591212 
    1 
3.23499001e-12 
3.174639214e-11 
-4.410857222e-11 
1.000024589 
3.505756015e-07 
10.0879915 
0.4999589258 
    1 
1.465331001e-12 
1.478240666e-11 
-2.054848337e-11 
1.000024779 
3.412733137e-07 
10.36296386 
0.4999587355 
    1 
6.641687127e-13 
6.880857872e-12 
-9.569130186e-12 
1.000024965 
3.324519271e-07 
10.63793611 
0.4999585503 
    1 
3.012545063e-13 
3.201802513e-12 
-4.45461043e-12 
1.000025145 
3.240750895e-07 
10.91290827 
0.4999583698 
    1 
1.370689944e-13 
1.489389401e-12 
-2.073001252e-12 
1.000025321 
3.161100225e-07 
11.18788032 
0.4999581938 
    1 
6.302616705e-14 
6.926127213e-13 
-9.643825846e-13 
1.000025493 
3.085270931e-07 
11.46285228 
0.4999580221 
    1 
3.003066636e-14 
3.219937192e-13 
-4.485036298e-13 
1.000025661 
3.012994449e-07 
11.73782415 
0.4999578544 
    1 
2.16486581e-14 
1.496528107e-13 
-2.085238489e-13 
1.000025824 
2.944026806e-07 
12.01279592 
0.4999576906 
    1 
2.157236316e-14 
6.953577686e-14 
-9.692249475e-14 
1.000025984 
2.878145866e-07 
12.28776761 
0.4999575305 
    1 
2.165928729e-14 
3.230150477e-14 
-4.503788907e-14 
1.000026141 
2.815148944e-07 
12.56273921 
0.499957374 
    1 
2.178453996e-14 
1.500143947e-14 
-2.092286738e-14 
1.000026294 
2.754850718e-07 
12.83771072 
0.4999572209 
    1 
2.18886123e-14 
6.965355296e-15 
-9.717597713e-15 
1.000026444 
2.697081412e-07 
13.11268215 
0.499957071 
    1 
2.194865258e-14 
3.233388762e-15 
-4.512276112e-15 
1.000026591 
2.641685199e-07 
13.3876535 
0.4999569242 
    1 
2.198347454e-14 
1.500654726e-15 
-2.094766743e-15 
1.000026735 
2.588518795e-07 
13.66262477 
0.4999567804 
    1 
2.198476612e-14 
6.96330638e-16 
-9.722610437e-16 
1.000026876 
2.537450227e-07 
13.93759596 
0.4999566394 
    1 
2.195291978e-14 
3.230468745e-16 
-4.511708478e-16 
1.000027014 
2.48835773e-07 
14.21256708 
0.4999565013 
    1 
2.191686591e-14 
1.498422023e-16 
-2.093213884e-16 
1.000027149 
2.441128787e-07 
14.48753811 
0.4999563657 
    1 
2.191279499e-14 
6.949033114e-17 
-9.70965754e-17 
1.000027282 
2.395659265e-07 
14.76250908 
0.4999562327 
    1 
2.190734371e-14 
3.222100935e-17 
-4.503135956e-17 
1.000027413 
2.351852644e-07 
15.03747997 
0.4999561022 
    1 
2.190596401e-14 
1.493761165e-17 
-2.088093706e-17 
1.000027541 
2.30961934e-07 
15.31245079 
0.499955974 
    1 
2.191127885e-14 
6.923935974e-18 
-9.680804845e-18 
1.000027667 
2.26887609e-07 
15.58742154 
0.4999558482 
    1 
2.192305375e-14 
3.208907759e-18 
-4.487475915e-18 
1.000027791 
2.229545403e-07 
15.86239223 
0.4999557245 
    1 
2.19403092e-14 
1.486948966e-18 
-2.079813869e-18 
1.000027912 
2.191555071e-07 
16.13736284 
0.4999556029 
    1 
2.196248348e-14 
6.889246812e-19 
-9.637865117e-19 
1.000028032 
2.154837725e-07 
16.41233339 
0.4999554834 
    1 
2.198945686e-14 
3.191437733e-19 
-4.465534954e-19 
1.000028149 
2.119330435e-07 
16.68730388 
0.4999553659 
    1 
2.202129655e-14 
1.478229808e-19 
-2.068733493e-19 
1.000028265 
2.084974354e-07 
16.9622743 
0.4999552503 
    1 
2.205797574e-14 
6.846055008e-20 
-9.582438158e-20 
1.000028379 
2.051714389e-07 
17.23724465 
0.4999551366 
    1 
2.209919217e-14 
3.170176724e-20 
-4.438026146e-20 
1.000028491 
2.019498905e-07 
17.51221495 
0.4999550246 
    1 
2.214425536e-14 
1.467820494e-20 
-2.055170576e-20 
1.000028601 
1.988279464e-07 
17.78718518 
0.4999549144 
    1 
2.219194899e-14 
6.795328447e-21 
-9.515942808e-21 
1.000028709 
1.958010574e-07 
18.06215535 
0.4999548059 
    1 
2.224024886e-14 
3.145557019e-21 
-4.405582846e-21 
1.000028816 
1.928649475e-07 
18.33712547 
0.4999546991 
    1 
2.228573116e-14 
1.45591418e-21 
-2.039407968e-21 
1.000028922 
1.90015593e-07 
18.61209552 
0.4999545938 
    1 
2.232239542e-14 
6.737930544e-22 
-9.439642801e-22 
1.000029025 
1.872492048e-07 
18.88706552 
0.4999544901 
    1 
2.233940639e-14 
3.11796472e-22 
-4.368769901e-22 
1.000029128 
1.845622113e-07 
19.16203546 
0.4999543878 
    1 
2.2342069e-14 
1.442683587e-22 
-2.021698239e-22 
1.000029228 
1.81951243e-07 
19.43700535 
0.4999542871 
    1 
2.236082028e-14 
6.674634229e-23 
-9.354667898e-23 
1.000029328 
1.794131181e-07 
19.71197518 
0.4999541877 
    1 
2.239348043e-14 
3.087745832e-23 
-4.328092846e-23 
1.000029426 
1.769448304e-07 
19.98694496 
0.4999540897 
    1 
2.244534963e-14 
1.428283656e-23 
-2.002267676e-23 
1.000029522 
1.745435364e-07 
20.26191468 
0.4999539931 
    1 
2.252597197e-14 
6.606133538e-24 
-9.262031352e-24 
1.000029618 
1.722065453e-07 
20.53688435 
0.4999538977 
    1 
2.263016591e-14 
3.055211329e-24 
-4.284005526e-24 
1.000029712 
1.699313083e-07 
20.81185397 
0.4999538037 
    1 
2.27283481e-14 
1.412853763e-24 
-1.981319621e-24 
1.000029805 
1.677154095e-07 
21.08682354 
0.4999537108 
    1 
2.282509288e-14 
6.533053318e-25 
-9.162644473e-25 
1.000029896 
1.655565575e-07 
21.36179305 
0.4999536192 
    1 
2.292138977e-14 
3.020641412e-25 
-4.23691647e-25 
1.000029987 
1.634525774e-07 
21.63676252 
0.4999535287 
    1 
2.302048954e-14 
1.396519587e-25 
-1.95903726e-25 
1.000030076 
1.614014034e-07 
21.91173194 
0.4999534394 
    1 
2.312426616e-14 
6.455957414e-26 
-9.057328873e-26 
1.000030164 
1.59401072e-07 
22.1867013 
0.4999533512 
    1 
2.323229339e-14 
2.984289098e-26 
-4.187194269e-26 
1.000030251 
1.574497162e-07 
22.46167062 
0.4999532641 
    1 
2.334308186e-14 
1.379394693e-26 
-1.935585986e-26 
1.000030338 
1.555455589e-07 
22.7366399 
0.499953178 
    1 
2.345589613e-14 
6.375355634e-27 
-8.94682686e-27 
1.000030423 
1.536869083e-07 
23.01160912 
0.499953093 
    1 
2.357096916e-14 
2.946383294e-27 
-4.135172147e-27 
1.000030507 
1.518721522e-07 
23.2865783 
0.499953009 
    1 
2.368869704e-14 
1.361581878e-27 
-1.911115413e-27 
1.00003059 
1.500997538e-07 
23.56154743 
0.499952926 
    1 
2.380901964e-14 
6.291709714e-28 
-8.831810302e-28 
1.000030672 
1.483682473e-07 
23.83651652 
0.4999528439 
    1 
2.393099396e-14 
2.907131428e-28 
-4.08115187e-28 
1.000030753 
1.466762337e-07 
24.11148556 
0.4999527628 
    1 
2.405233893e-14 
1.34317434e-28 
-1.8857611e-28 
1.000030833 
1.450223771e-07 
24.38645456 
0.4999526826 
    1 
2.416870475e-14 
6.205438439e-29 
-8.712888267e-29 
1.000030912 
1.43405401e-07 
24.66142351 
0.4999526033 
    1 
2.427236472e-14 
2.866721695e-29 
-4.025407151e-29 
1.000030991 
1.418240855e-07 
24.93639242 
0.4999525248 
    1 
2.434984978e-14 
1.324256631e-29 
-1.859646113e-29 
1.000031068 
1.402772637e-07 
25.21136129 
0.4999524473 
    1 
2.440290948e-14 
6.116921082e-30 
-8.590615073e-30 
1.000031145 
1.387638192e-07 
25.48633012 
0.4999523705 
    1 
2.445768507e-14 
2.825322802e-30 
-3.96818975e-30 
1.000031221 
1.372826832e-07 
25.7612989 
0.4999522946 
    1 
2.450666772e-14 
1.304900645e-30 
-1.832889281e-30 
1.000031296 
1.358328321e-07 
26.03626764 
0.4999522195 
    1 
2.454737008e-14 
6.02639418e-31 
-8.465648528e-31 
1.00003137 
1.344132849e-07 
26.31123634 
0.4999521452 
    1 
2.457501724e-14 
2.782851312e-31 
-3.910065717e-31 
1.000031444 
1.330231015e-07 
26.586205 
0.4999520717 
    1 
2.458305758e-14 
1.284653542e-31 
-1.806336449e-31 
1.000031517 
1.316613801e-07 
26.86117362 
0.4999519989 
    1 
2.456215301e-14 
5.922734123e-32 
-8.354728867e-32 
1.000031589 
1.303272554e-07 
27.1361422 
0.4999519269 
    1 
2.44992557e-14 
2.71442325e-32 
-3.886864475e-32 
1.00003166 
1.290198969e-07 
27.41111074 
0.4999518556 
    1 
2.437629052e-14 
1.208828679e-32 
-1.85801237e-32 
1.000031731 
1.277385072e-07 
27.68607924 
0.499951785 
    1 
2.419367389e-14 
4.608470508e-33 
-9.963065115e-33 
