0.001001659217 
-0.000610885591 
0.9942957172 
-0.01887578628 
0.525525071 
0.8671638433 
0.3267804663 
0.5547211513 
0.9129896812 
-0.2961841031 
0.98224446 
-0.02222843271 
0.9303352011 
0.602097028 
0.5954216824 
0.4140401285 
0.7082707669 
-0.4140600238 
0.9718348715 
-0.01486630129 
1.199517442 
0.3944922586 
0.78003382 
0.2605761845 
0.488049131 
-0.3684599542 
0.9658790837 
-0.00726556351 
1.383373711 
0.2885088664 
0.8890649389 
0.1438339189 
0.3130166972 
-0.2660797507 
0.9632156771 
-0.002947848634 
1.528379953 
0.2457282876 
0.9467427662 
0.07274341793 
0.1932251842 
-0.1736315791 
0.9621888862 
-0.001071454072 
1.658578848 
0.2303990485 
0.9751757281 
0.03490463269 
0.1170016865 
-0.1079877234 
0.9618269363 
-0.0003636794722 
1.783608032 
0.2251924831 
0.9886219505 
0.01625525865 
0.07015489645 
-0.06564635807 
0.961706839 
-0.000116718088 
1.906899189 
0.2234598922 
0.9948336657 
0.007445474293 
0.04184092802 
-0.03945944962 
0.9616694367 
-3.429802281e-05 
2.029613682 
0.2228863025 
0.9976662325 
0.003379149514 
0.02487340175 
-0.02357610404 
0.9616592912 
-7.566227969e-06 
2.152137164 
0.2226959266 
0.9989486701 
0.00152594617 
0.01475377647 
-0.01403541713 
0.9616578943 
8.743977217e-07 
2.27459704 
0.2226321091 
0.9995270318 
0.0006872382536 
0.008736450589 
-0.008335215109 
0.9616592155 
3.414225979e-06 
2.397035408 
0.2226101639 
0.9997873364 
0.0003091025518 
0.005166080447 
-0.004940907275 
0.9616613201 
4.07655542e-06 
2.519466217 
0.2226021204 
0.9999043829 
0.0001389552276 
0.003051156143 
-0.002924434523 
0.9616635968 
4.152606187e-06 
2.641894107 
0.2225987215 
0.9999569981 
6.246465842e-05 
0.001800127754 
-0.001728681541 
0.9616658572 
4.053418696e-06 
2.764320637 
0.2225968967 
0.9999806525 
2.808713975e-05 
0.001061018323 
-0.00102068313 
0.9616680475 
3.908610777e-06 
2.88674634 
0.2225956242 
0.9999912906 
1.263482757e-05 
0.0006248271693 
-0.0006020317965 
0.9616701558 
3.758261552e-06 
3.009171409 
0.2225945623 
0.9999960771 
5.6867274e-06 
0.0003676593629 
-0.0003547650913 
0.9616721827 
3.614111339e-06 
3.131595923 
0.2225935954 
0.999998232 
2.560995483e-06 
0.0002161758576 
-0.0002088764279 
0.9616741329 
3.479024678e-06 
3.254019922 
0.2225926831 
0.9999992027 
1.154030746e-06 
0.0001270189432 
-0.0001228838017 
0.9616760113 
3.353161639e-06 
3.37644343 
0.2225918104 
0.9999996403 
5.203416505e-07 
7.458488253e-05 
-7.224078502e-05 
0.9616778229 
3.235922707e-06 
3.498866467 
0.2225909707 
0.9999998376 
2.347565328e-07 
4.376966042e-05 
-4.244005208e-05 
0.9616795722 
3.126551905e-06 
3.621289051 
0.2225901606 
0.9999999266 
1.059733691e-07 
2.567158795e-05 
-2.491698866e-05 
0.9616812633 
3.024315558e-06 
3.743711197 
0.2225893776 
0.9999999668 
4.786477605e-08 
1.504890723e-05 
-1.462042024e-05 
0.9616829001 
2.928548213e-06 
3.86613292 
0.2225886199 
0.999999985 
2.163041866e-08 
8.817468533e-06 
-8.574039074e-06 
0.9616844858 
2.838658144e-06 
3.988554232 
0.2225878859 
0.9999999932 
9.779856695e-09 
5.163954111e-06 
-5.025594315e-06 
0.9616860235 
2.754121532e-06 
4.110975146 
0.222587174 
0.9999999969 
4.423925909e-09 
3.022957188e-06 
-2.944282288e-06 
0.9616875161 
2.674474323e-06 
4.233395675 
0.2225864831 
0.9999999986 
2.002075343e-09 
1.768900722e-06 
-1.724145756e-06 
0.9616889662 
2.599304367e-06 
4.35581583 
0.2225858118 
0.9999999994 
9.064420082e-10 
1.034681194e-06 
-1.009212003e-06 
0.9616903761 
2.528244496e-06 
4.47823562 
0.2225851592 
0.9999999997 
4.105602988e-10 
6.049929208e-07 
-5.904935582e-07 
0.9616917479 
2.460966598e-06 
4.600655056 
0.2225845242 
0.9999999999 
1.860297975e-10 
3.536250106e-07 
-3.453677851e-07 
0.9616930837 
2.397176574e-06 
4.723074148 
0.2225839058 
0.9999999999 
8.432338212e-11 
2.066294727e-07 
-2.019255178e-07 
0.9616943853 
2.336610043e-06 
4.845492904 
0.2225833033 
    1 
3.823543298e-11 
1.206994455e-07 
-1.180188654e-07 
0.9616956545 
2.279028687e-06 
4.967911333 
0.2225827158 
    1 
1.734321504e-11 
7.048368174e-08 
-6.895567785e-08 
0.9616968927 
2.224217114e-06 
5.090329442 
0.2225821426 
    1 
7.869103858e-12 
4.11479597e-08 
-4.027670727e-08 
0.9616981016 
2.171980169e-06 
5.21274724 
0.2225815831 
    1 
3.571518453e-12 
2.401541766e-08 
-2.351850312e-08 
0.9616992823 
2.122140607e-06 
5.335164734 
0.2225810365 
    1 
1.621554361e-12 
1.4012622e-08 
-1.37291356e-08 
0.9617004363 
2.074537091e-06 
5.457581931 
0.2225805023 
    1 
7.365508923e-13 
8.174120844e-09 
-8.012353597e-09 
0.9617015646 
2.029022441e-06 
5.579998837 
0.22257998 
    1 
3.347222667e-13 
4.767159956e-09 
-4.674827976e-09 
0.9617026685 
1.985462116e-06 
5.70241546 
0.2225794691 
    1 
1.523148659e-13 
2.779583747e-09 
-2.726871377e-09 
0.9617037489 
1.943732888e-06 
5.824831804 
0.222578969 
    1 
6.965781322e-14 
1.620336619e-09 
-1.590236538e-09 
0.9617048069 
1.903721675e-06 
5.947247876 
0.2225784792 
    1 
3.247813932e-14 
9.443652617e-10 
-9.271737651e-10 
0.9617058433 
1.865324519e-06 
6.069663681 
0.2225779995 
    1 
2.065595907e-14 
5.502849464e-10 
-5.404641435e-10 
0.961706859 
1.828445683e-06 
6.192079226 
0.2225775294 
    1 
2.045417115e-14 
3.205911465e-10 
-3.149798375e-10 
0.9617078548 
1.792996856e-06 
6.314494514 
0.2225770684 
    1 
2.038436764e-14 
1.867389343e-10 
-1.835322067e-10 
0.9617088315 
1.758896442e-06 
6.436909551 
0.2225766163 
    1 
2.041445376e-14 
1.087528639e-10 
-1.069199689e-10 
0.9617097898 
1.726068942e-06 
6.559324342 
0.2225761728 
    1 
2.047252969e-14 
6.332451245e-11 
-6.22766895e-11 
0.9617107304 
1.694444386e-06 
6.681738891 
0.2225757374 
    1 
2.053168655e-14 
3.686642523e-11 
-3.626731005e-11 
0.9617116539 
1.663957842e-06 
6.804153203 
0.2225753099 
    1 
2.056868241e-14 
2.14595581e-11 
-2.111694634e-11 
0.9617125609 
1.634548968e-06 
6.926567282 
0.2225748901 
    1 
2.056436947e-14 
1.248945575e-11 
-1.22934985e-11 
0.961713452 
1.606161614e-06 
7.048981132 
0.2225744776 
    1 
2.05257422e-14 
7.267776097e-12 
-7.155681366e-12 
0.9617143278 
1.578743465e-06 
7.171394757 
0.2225740722 
    1 
2.049101352e-14 
4.228604137e-12 
-4.164472594e-12 
0.9617151888 
1.552245716e-06 
7.293808161 
0.2225736737 
    1 
2.045929374e-14 
2.459982726e-12 
-2.423286726e-12 
0.9617160354 
1.526622787e-06 
7.416221348 
0.2225732818 
    1 
2.042999126e-14 
1.430897713e-12 
-1.409897469e-12 
0.9617168682 
1.501832058e-06 
7.538634321 
0.2225728964 
    1 
2.040296621e-14 
8.322015144e-13 
-8.201820075e-13 
0.9617176875 
1.477833634e-06 
7.661047083 
0.2225725171 
    1 
2.037855642e-14 
4.839422948e-13 
-4.770620504e-13 
0.9617184939 
1.454590129e-06 
7.783459639 
0.2225721439 
    1 
2.035741674e-14 
2.813879696e-13 
-2.774490757e-13 
0.9617192877 
1.432066472e-06 
7.905871991 
0.2225717765 
    1 
2.034032676e-14 
1.635934702e-13 
-1.61338212e-13 
0.9617200693 
1.410229734e-06 
8.028284143 
0.2225714147 
    1 
2.032804617e-14 
9.509910909e-14 
-9.38076868e-14 
0.961720839 
1.389048962e-06 
8.150696097 
0.2225710584 
    1 
2.032122963e-14 
5.527623546e-14 
-5.453664923e-14 
0.9617215973 
1.368495035e-06 
8.273107857 
0.2225707074 
    1 
2.032038769e-14 
3.212576006e-14 
-3.170215956e-14 
0.9617223445 
1.348540532e-06 
8.395519425 
0.2225703616 
    1 
2.032587786e-14 
1.866906914e-14 
-1.842642496e-14 
0.9617230808 
1.329159607e-06 
8.517930804 
0.2225700208 
    1 
2.033791494e-14 
1.084794599e-14 
-1.070894185e-14 
0.9617238066 
1.31032788e-06 
8.640341997 
0.2225696849 
    1 
2.035659412e-14 
6.302737289e-15 
-6.223097739e-15 
0.9617245222 
1.292022334e-06 
8.762753007 
0.2225693536 
    1 
2.038192247e-14 
3.661583391e-15 
-3.615951142e-15 
0.9617252279 
1.274221218e-06 
8.885163836 
0.222569027 
    1 
2.041385393e-14 
2.127001666e-15 
-2.100852621e-15 
0.9617259239 
1.256903965e-06 
9.007574486 
0.2225687048 
    1 
2.045232166e-14 
1.235455207e-15 
-1.220469421e-15 
0.9617266106 
1.240051112e-06 
9.12998496 
0.222568387 
    1 
2.049725987e-14 
7.175422955e-16 
-7.08953308e-16 
0.961727288 
1.223644225e-06 
9.252395261 
0.2225680735 
    1 
2.054860757e-14 
4.167065687e-16 
-4.117834296e-16 
0.9617279566 
1.207665833e-06 
9.374805391 
0.222567764 
    1 
2.060629041e-14 
2.419783436e-16 
-2.39156201e-16 
0.9617286165 
1.192099365e-06 
9.497215351 
0.2225674586 
    1 
2.067018616e-14 
1.405034217e-16 
-1.388855219e-16 
0.961729268 
1.176929096e-06 
9.619625144 
0.2225671571 
    1 
2.074009218e-14 
8.157600828e-17 
-8.064841172e-17 
0.9617299112 
1.162140088e-06 
9.742034773 
0.2225668593 
    1 
2.0815718e-14 
4.735916267e-17 
-4.682729857e-17 
0.9617305464 
1.147718148e-06 
9.864444239 
0.2225665653 
    1 
2.089670754e-14 
2.749238584e-17 
-2.7187403e-17 
0.9617311737 
1.133649777e-06 
9.986853544 
0.222566275 
    1 
2.098266321e-14 
1.595836889e-17 
-1.578347183e-17 
0.9617317934 
1.119922129e-06 
10.10926269 
0.2225659882 
    1 
2.107313758e-14 
9.262601918e-18 
-9.162297233e-18 
0.9617324057 
1.106522975e-06 
10.23167168 
0.2225657048 
    1 
2.116759104e-14 
5.375844245e-18 
-5.318314722e-18 
0.9617330106 
1.093440663e-06 
10.35408052 
0.2225654248 
    1 
2.126534591e-14 
3.119825151e-18 
-3.086826935e-18 
0.9617336085 
1.080664086e-06 
10.4764892 
0.2225651481 
    1 
2.136556847e-14 
1.810441219e-18 
-1.791512572e-18 
0.9617341994 
1.068182651e-06 
10.59889773 
0.2225648746 
    1 
2.146729236e-14 
1.050533417e-18 
-1.039674727e-18 
0.9617347835 
1.055986246e-06 
10.72130611 
0.2225646042 
    1 
2.15694773e-14 
6.095470496e-19 
-6.033174031e-19 
0.961735361 
1.04406522e-06 
10.84371434 
0.2225643369 
    1 
2.167108752e-14 
3.536528336e-19 
-3.500786505e-19 
0.961735932 
1.032410348e-06 
10.96612243 
0.2225640726 
    1 
2.177117183e-14 
2.051729982e-19 
-2.031222281e-19 
0.9617364967 
1.021012817e-06 
11.08853037 
0.2225638113 
    1 
2.186893039e-14 
1.190246759e-19 
-1.178479288e-19 
0.9617370552 
1.009864195e-06 
11.21093817 
0.2225635528 
    1 
2.196375787e-14 
6.90443453e-20 
-6.836908052e-20 
0.9617376076 
9.989564177e-07 
11.33334583 
0.2225632971 
    1 
2.205525314e-14 
4.00492208e-20 
-3.966170675e-20 
0.961738154 
9.882817633e-07 
11.45575335 
0.2225630442 
    1 
2.214317862e-14 
2.32292602e-20 
-2.300686928e-20 
0.9617386947 
9.778328372e-07 
11.57816073 
0.222562794 
    1 
2.222734153e-14 
1.347263288e-20 
-1.334500509e-20 
0.9617392297 
9.676025544e-07 
11.70056797 
0.2225625464 
    1 
2.230738479e-14 
7.813500126e-21 
-7.740264957e-21 
0.9617397591 
9.575841232e-07 
11.82297508 
0.2225623013 
    1 
2.238254265e-14 
4.531214173e-21 
-4.489210988e-21 
0.961740283 
9.477710304e-07 
11.94538205 
0.2225620588 
    1 
2.245148135e-14 
2.627590563e-21 
-2.603538484e-21 
0.9617408017 
9.381570271e-07 
12.06778889 
0.2225618188 
    1 
2.251230453e-14 
1.523592842e-21 
-1.509888384e-21 
0.961741315 
9.287361153e-07 
12.1901956 
0.2225615812 
    1 
2.25626798e-14 
8.833428456e-22 
-8.756544996e-22 
0.9617418233 
9.195025356e-07 
12.31260218 
0.222561346 
    1 
2.259993863e-14 
5.120128372e-22 
-5.079110328e-22 
0.9617423265 
9.104507553e-07 
12.43500863 
0.2225611131 
    1 
2.262090996e-14 
2.965844543e-22 
-2.947732263e-22 
0.9617428248 
9.015754577e-07 
12.55741495 
0.2225608824 
    1 
2.26212679e-14 
1.714758449e-22 
-1.71383031e-22 
0.9617433182 
8.928715312e-07 
12.67982115 
0.2225606541 
    1 
2.259445627e-14 
9.85913854e-23 
-1.001876542e-22 
0.961743807 
8.843340597e-07 
12.80222722 
0.2225604279 
    1 
2.253031009e-14 
5.572977122e-23 
-5.951916501e-23 
0.961744291 
8.759583135e-07 
12.92463317 
0.2225602038 
    1 
2.241323886e-14 
2.982593915e-23 
-3.70048247e-23 
0.9617447705 
8.677397403e-07 
13.04703899 
0.2225599819 
    1 
2.224545644e-14 
1.297118794e-23 
-2.580567622e-23 
