0.5486044872 
-0.0006165852934 
1.000005295 
4.97538788e-06 
0.2009882716 
0.9999894106 
0.1549764595 
0.7586139811 
0.98766855 
-0.1215065276 
1.000005985 
2.493899685e-06 
0.4009759999 
0.9999880293 
0.3019546181 
0.7062538011 
0.952313457 
-0.2288146236 
1.00000639 
1.663983724e-06 
0.6009635195 
0.9999872201 
0.4358160117 
0.6292574279 
0.8977329106 
-0.312525942 
1.000006677 
1.248507522e-06 
0.8009509035 
0.9999866456 
0.5527718283 
0.5391339021 
0.829202297 
-0.3680211909 
1.0000069 
9.990557044e-07 
1.000938187 
0.9999861998 
0.6513102009 
0.4466833671 
0.7523809985 
-0.3958983519 
1.000007082 
8.326852209e-07 
1.200925389 
0.9999858355 
0.7318252688 
0.3599533329 
0.672415331 
-0.400359624 
1.000007236 
7.138152106e-07 
1.400912525 
0.9999855274 
0.7959866696 
0.2836618031 
0.5934177218 
-0.3872302545 
1.00000737 
6.246441273e-07 
1.600899603 
0.9999852605 
0.8461080871 
0.2196618153 
0.5183100354 
-0.3623834118 
1.000007488 
5.552778283e-07 
1.800886631 
0.9999850251 
0.8846605778 
0.1678300857 
0.4489156992 
-0.3308337891 
1.000007593 
4.997778495e-07 
2.000873615 
0.9999848145 
0.9139667733 
0.1269347318 
0.3861722981 
-0.2964073674 
1.000007688 
4.543641864e-07 
2.200860559 
0.999984624 
0.9360483144 
0.09528454295 
0.3303704925 
-0.2617715658 
1.000007775 
4.165163111e-07 
2.400847466 
0.99998445 
0.95257826 
0.07113411356 
0.2813675719 
-0.2286318459 
1.000007855 
3.844889445e-07 
2.60083434 
0.99998429 
0.9648941048 
0.0528958676 
0.2387560518 
-0.1979696407 
1.000007929 
3.570352802e-07 
2.800821183 
0.9999841419 
0.9740394575 
0.03922512381 
0.2019861971 
-0.1702587628 
1.000007998 
3.332408831e-07 
3.000807998 
0.9999840039 
0.9808147294 
0.02903275255 
0.1704495145 
-0.1456378088 
1.000008063 
3.124198549e-07 
3.200794786 
0.9999838749 
0.9858263325 
0.02146238637 
0.1435323913 
-0.1240370506 
1.000008123 
2.940476381e-07 
3.400781549 
0.9999837537 
0.9895297082 
0.01585418874 
0.1206483504 
-0.1052668565 
1.00000818 
2.777162108e-07 
3.600768288 
0.9999836394 
0.9922648033 
0.01170686612 
0.1012557125 
-0.08907670356 
1.000008234 
2.63103428e-07 
3.800755005 
0.9999835313 
0.994284258 
0.008643316501 
0.08486569553 
-0.07519303609 
1.000008286 
2.499515575e-07 
4.000741701 
0.9999834287 
0.9957752654 
0.006381820885 
0.07104449758 
-0.06334251698 
1.000008335 
2.380519474e-07 
4.200728377 
0.9999833312 
0.9968762445 
0.004712933391 
0.05941177493 
-0.05326550557 
1.000008381 
2.272338737e-07 
4.400715034 
0.9999832382 
0.9976894149 
0.003481459289 
0.04963710792 
-0.04472316751 
1.000008425 
2.173562971e-07 
4.600701673 
0.9999831493 
0.9982902033 
0.002572662058 
0.04143548041 
-0.03750054632 
1.000008468 
2.083016801e-07 
4.800688295 
0.9999830642 
0.9987342437 
0.001901841024 
0.03456241382 
-0.03140715504 
1.000008509 
1.999712872e-07 
5.000674899 
0.9999829826 
0.9990625653 
0.001406524932 
0.0288091421 
-0.0262761112 
1.000008548 
1.922815702e-07 
5.200661488 
0.9999829041 
0.9993054286 
0.001040660379 
0.02399804795 
-0.02196247588 
1.000008586 
1.851613562e-07 
5.400648062 
0.9999828287 
0.9994851559 
0.0007703034635 
0.01997847441 
-0.01834121537 
1.000008622 
1.785496378e-07 
5.60063462 
0.999982756 
0.9996182191 
0.0005704349257 
0.0166229593 
-0.01530504431 
1.000008657 
1.723938212e-07 
5.800621164 
0.9999826858 
0.9997167772 
0.0004226102541 
0.01382389923 
-0.01276230495 
1.000008691 
1.666483238e-07 
6.000607695 
0.999982618 
0.9997898096 
0.0003132279284 
0.01149062649 
-0.01063497011 
1.000008724 
1.612734437e-07 
6.200594212 
0.9999825524 
0.9998439501 
0.0002322540805 
0.009546868976 
-0.008856814233 
1.000008756 
1.562344409e-07 
6.400580716 
0.9999824889 
0.9998841025 
0.0001722835889 
0.007928557384 
-0.007371770651 
1.000008786 
1.515007858e-07 
6.600567208 
0.9999824274 
0.9999138927 
0.0001278488982 
0.006581942146 
-0.006132476357 
1.000008816 
1.470455399e-07 
6.800553688 
0.9999823677 
0.9999360036 
9.491113965e-05 
0.005461983221 
-0.005098996427 
1.000008845 
1.428448431e-07 
7.000540156 
0.9999823098 
0.999952421 
7.048537001e-05 
0.004530978115 
-0.004237714855 
1.000008873 
1.388774857e-07 
7.200526612 
0.9999822534 
0.9999646153 
5.236448416e-05 
0.003757396365 
-0.003520376255 
1.000008901 
1.35124551e-07 
7.400513058 
0.9999821986 
0.9999736762 
3.891573348e-05 
0.003114891941 
-0.002923262166 
1.000008927 
1.315691132e-07 
7.600499492 
0.9999821453 
0.9999804111 
2.893068664e-05 
0.002581468255 
-0.002426486051 
1.000008953 
1.28195982e-07 
7.800485916 
0.9999820934 
0.9999854187 
2.151454182e-05 
0.002138773546 
-0.002013392022 
1.000008979 
1.249914862e-07 
8.00047233 
0.9999820427 
0.9999891431 
1.600442806e-05 
0.001771507302 
-0.001670043578 
1.000009003 
1.219432881e-07 
8.200458734 
0.9999819934 
0.9999919141 
1.190907234e-05 
0.001466920968 
-0.001384789988 
1.000009028 
1.190402249e-07 
8.400445128 
0.9999819452 
0.9999939764 
8.864221884e-06 
0.001214398529 
-0.001147899365 
1.000009051 
1.162721722e-07 
8.600431512 
0.9999818981 
0.9999955115 
6.599690758e-06 
0.001005104629 
-0.0009512487793 
1.000009074 
1.136299258e-07 
8.800417887 
0.9999818521 
0.9999966546 
4.914987158e-06 
0.000831689664 
-0.000788062991 
1.000009097 
1.111050993e-07 
9.000404253 
0.9999818072 
0.9999975061 
3.661278388e-06 
0.0006880428853 
-0.0006526945287 
1.000009119 
1.08690036e-07 
9.200390611 
0.9999817632 
0.9999981404 
2.728039076e-06 
0.000569085877 
-0.0005404388194 
1.00000914 
1.063777303e-07 
9.400376959 
0.9999817202 
0.9999986131 
2.033161938e-06 
0.000470599961 
-0.0004473789821 
1.000009161 
1.041617607e-07 
9.600363299 
0.9999816781 
0.9999989654 
1.515629854e-06 
0.0003890820637 
-0.0003702556735 
1.000009182 
1.020362294e-07 
9.800349631 
0.9999816369 
0.9999992281 
1.130083511e-06 
0.0003216244402 
-0.0003063580561 
1.000009202 
9.999571093e-08 
10.00033595 
0.9999815965 
0.9999994239 
8.427925692e-07 
0.0002658143743 
-0.0002534325486 
1.000009222 
9.803520488e-08 
10.20032227 
0.9999815569 
0.99999957 
6.286665428e-07 
0.0002196505896 
-0.0002096065242 
1.000009241 
9.615009561e-08 
10.40030858 
0.9999815181 
0.999999679 
4.690361879e-07 
0.0001814736287 
-0.0001733245616 
1.00000926 
9.43361158e-08 
10.60029488 
0.99998148 
0.9999997603 
3.500061769e-07 
0.0001499078967 
-0.0001432952234 
1.000009279 
9.258931417e-08 
10.80028117 
0.9999814426 
0.999999821 
2.612315059e-07 
0.000123813442 
-0.0001184466529 
1.000009297 
9.09060268e-08 
11.00026746 
0.9999814059 
0.9999998663 
1.950083228e-07 
0.0001022458563 
-9.788955537e-05 
1.000009315 
8.928285143e-08 
11.20025373 
0.9999813699 
0.9999999001 
1.455981543e-07 
8.442294221e-05 
-8.088635133e-05 
1.000009333 
8.771662457e-08 
11.40024 
0.9999813345 
0.9999999254 
1.087254509e-07 
6.969701876e-05 
-6.682548984e-05 
1.00000935 
8.620440084e-08 
11.60022627 
0.9999812997 
0.9999999442 
8.120388307e-08 
5.753192044e-05 
-5.52000688e-05 
1.000009367 
8.474343456e-08 
11.80021252 
0.9999812655 
0.9999999583 
6.065831183e-08 
4.748390134e-05 
-4.559004958e-05 
1.000009384 
8.333116308e-08 
12.00019877 
0.9999812319 
0.9999999689 
4.531788101e-08 
3.918578772e-05 
-3.764746853e-05 
1.000009401 
8.196519177e-08 
12.20018502 
0.9999811988 
0.9999999767 
3.386199395e-08 
3.233383061e-05 
-3.108414596e-05 
1.000009417 
8.064328047e-08 
12.40017125 
0.9999811663 
0.9999999826 
2.530562755e-08 
2.667680231e-05 
-2.566147509e-05 
1.000009433 
7.936333126e-08 
12.60015748 
0.9999811343 
0.999999987 
1.891391489e-08 
2.200695642e-05 
-2.118194246e-05 
1.000009449 
7.812337731e-08 
12.80014371 
0.9999811028 
0.9999999903 
1.413851003e-08 
1.81525354e-05 
-1.748208876e-05 
1.000009464 
7.692157284e-08 
13.00012993 
0.9999810718 
0.9999999927 
1.057017059e-08 
1.497156225e-05 
-1.44266676e-05 
1.000009479 
7.575618391e-08 
13.20011614 
0.9999810413 
0.9999999946 
7.90341513e-09 
1.234669791e-05 
-1.190379992e-05 
1.000009495 
7.46255801e-08 
13.40010234 
0.9999810112 
0.9999999959 
5.910175983e-09 
1.018098237e-05 
-9.820955728e-06 
1.000009509 
7.352822688e-08 
13.60008854 
0.9999809816 
0.999999997 
4.420153388e-09 
8.394308496e-06 
-8.101622912e-06 
1.000009524 
7.246267868e-08 
13.80007474 
0.9999809524 
0.9999999977 
3.306161631e-09 
6.920503421e-06 
-6.682546397e-06 
1.000009538 
7.142757252e-08 
14.00006092 
0.9999809236 
0.9999999983 
2.473199786e-09 
5.704913103e-06 
-5.511440753e-06 
1.000009553 
7.042162222e-08 
14.20004711 
0.9999808953 
0.9999999987 
1.850296403e-09 
4.702403947e-06 
-4.545095492e-06 
1.000009566 
6.944361302e-08 
14.40003328 
0.9999808673 
0.999999999 
1.384423912e-09 
3.875709715e-06 
-3.747806084e-06 
1.00000958 
6.849239675e-08 
14.60001945 
0.9999808397 
0.9999999993 
1.035956004e-09 
3.194064401e-06 
-3.090075001e-06 
1.000009594 
6.756688728e-08 
14.80000562 
0.9999808125 
0.9999999995 
7.752766938e-10 
2.632071776e-06 
-2.547536584e-06 
1.000009607 
6.66660564e-08 
14.99999178 
0.9999807857 
0.9999999996 
5.802486818e-10 
2.168770846e-06 
-2.100067368e-06 
1.000009621 
6.578893003e-08 
15.19997793 
0.9999807592 
0.9999999997 
4.343227478e-10 
1.786863376e-06 
-1.731050035e-06 
1.000009634 
6.493458467e-08 
15.39996408 
0.999980733 
0.9999999998 
3.251251909e-10 
1.472075505e-06 
-1.426764594e-06 
1.000009647 
6.410214419e-08 
15.59995023 
0.9999807072 
0.9999999998 
2.434039354e-10 
1.212630244e-06 
-1.175884912e-06 
1.000009659 
6.32907768e-08 
15.79993637 
0.9999806817 
0.9999999999 
1.822397835e-10 
9.988116717e-07 
-9.690624456e-07 
1.000009672 
6.249969232e-08 
15.9999225 
0.9999806566 
0.9999999999 
1.364572376e-10 
8.22604942e-07 
-7.985821395e-07 
1.000009684 
6.172813958e-08 
16.19990863 
0.9999806317 
0.9999999999 
1.021850965e-10 
6.773989384e-07 
-6.580780438e-07 
1.000009697 
6.097540404e-08 
16.39989475 
0.9999806072 
0.9999999999 
7.652729566e-11 
5.577407115e-07 
-5.422983352e-07 
1.000009709 
6.02408056e-08 
16.59988087 
0.999980583 
    1 
5.731723026e-11 
4.591326939e-07 
-4.469112032e-07 
1.000009721 
5.952369655e-08 
16.79986699 
0.999980559 
    1 
4.293356721e-11 
3.778652481e-07 
-3.683445369e-07 
1.000009732 
5.882345966e-08 
16.9998531 
0.9999805353 
    1 
3.216307357e-11 
3.108783922e-07 
-3.036535652e-07 
1.000009744 
5.813950639e-08 
17.1998392 
0.999980512 
    1 
2.409776759e-11 
2.55647612e-07 
-2.504116154e-07 
1.000009756 
5.747127527e-08 
17.3998253 
0.9999804888 
    1 
1.805817213e-11 
2.100895463e-07 
-2.066199946e-07 
1.000009767 
5.681823035e-08 
17.5998114 
0.999980466 
    1 
1.353589207e-11 
1.724840652e-07 
-1.706336894e-07 
1.000009778 
5.617985977e-08 
17.79979749 
0.9999804434 
    1 
1.015047567e-11 
1.414098554e-07 
-1.411001599e-07 
1.00000979 
5.555567441e-08 
17.99978357 
0.999980421 
    1 
7.616990382e-12 
1.156911286e-07 
-1.169089786e-07 
1.000009801 
5.494520664e-08 
18.19976966 
0.9999803989 
    1 
5.72236212e-12 
9.435347512e-08 
-9.715046034e-08 
1.000009812 
5.434800918e-08 
18.39975573 
0.9999803771 
    1 
4.307367538e-12 
7.658721956e-08 
-8.108176388e-08 
1.000009822 
5.376365399e-08 
18.59974181 
0.9999803555 
    1 
3.253221057e-12 
6.171691656e-08 
-6.809921356e-08 
1.000009833 
5.319173121e-08 
18.79972788 
0.9999803341 
    1 
2.471327681e-12 
4.917584551e-08 
-5.771582397e-08 
1.000009844 
5.263184828e-08 
18.99971394 
0.9999803129 
    1 
1.895967055e-12 
3.848455057e-08 
-4.954319976e-08 
1.000009854 
5.208362896e-08 
19.1997 
0.999980292 
    1 
1.478708057e-12 
2.923261959e-08 
-4.327714615e-08 
1.000009865 
5.154671254e-08 
19.39968606 
0.9999802713 
    1 
1.184361283e-12 
2.106301465e-08 
-3.86864637e-08 
1.000009875 
5.102075304e-08 
19.59967211 
0.9999802507 
    1 
9.880863931e-13 
1.365835992e-08 
-3.56045202e-08 
1.000009885 
5.050541844e-08 
19.79965816 
0.9999802304 
    1 
8.730130996e-13 
6.72866344e-09 
-3.39232974e-08 
