0.1639377737 
-0.000614515377 
0.9966744321 
-0.01081201532 
0.5336978922 
0.9103915681 
0.3573266179 
0.5958849565 
0.9128329404 
-0.2955438523 
0.990064068 
-0.01161582405 
0.9877829851 
0.7413245901 
0.6374234982 
0.4153139672 
0.7101304019 
-0.4073377079 
0.9849002062 
-0.006935148916 
1.358676787 
0.6195507129 
0.8155457619 
0.2399490825 
0.494207208 
-0.3609149401 
0.9822517593 
-0.003046353932 
1.681289728 
0.5620549038 
0.9123066129 
0.1222421498 
0.3221352905 
-0.2632124157 
0.9811775879 
-0.001131858245 
1.983357156 
0.5400968557 
0.9598714182 
0.05791453202 
0.2026482968 
-0.1750243862 
0.9807949673 
-0.0003841250513 
2.277939513 
0.5324840645 
0.9819893586 
0.02642093797 
0.1250403753 
-0.1112577864 
0.9806680733 
-0.0001238813251 
2.569975495 
0.5299435968 
0.9919883261 
0.01183491444 
0.07629221324 
-0.06909722529 
0.9806277667 
-3.85064967e-05 
2.861166947 
0.5291056809 
0.9964487543 
0.005258013045 
0.04621622398 
-0.04235327639 
0.9806154624 
-1.136032716e-05 
3.152080086 
0.5288295083 
0.9984271777 
0.002328734394 
0.02785587301 
-0.02574744991 
0.9806119893 
-2.88926023e-06 
3.44290136 
0.5287380782 
0.9993030508 
0.00103075286 
0.01672515863 
-0.01556311256 
0.9806112531 
-2.937175993e-07 
3.733692116 
0.5287075066 
0.999690812 
0.0004565240962 
0.01001104108 
-0.00936670055 
0.9806113455 
4.728349657e-07 
4.024472587 
0.5286970488 
0.9998626382 
0.0002024435089 
0.005976727745 
-0.005617998952 
0.9806116744 
6.751127756e-07 
4.315249472 
0.5286932676 
0.9999388816 
8.990550605e-05 
0.003560271555 
-0.003359965674 
0.9806120581 
7.060966225e-07 
4.606025001 
0.5286917189 
0.9999727643 
3.99895446e-05 
0.002116711193 
-0.002004608387 
0.9806124424 
6.873410452e-07 
4.896799923 
0.5286909282 
0.9999878453 
1.7814762e-05 
0.001256312668 
-0.001193454946 
0.980612812 
6.56123756e-07 
5.187574495 
0.5286904048 
0.9999945681 
7.948078342e-06 
0.0007445138655 
-0.0007092117088 
0.9806131639 
6.236091771e-07 
5.478348812 
0.5286899839 
0.9999975693 
3.551059993e-06 
0.000440610512 
-0.0004207560686 
0.9806134983 
5.929099558e-07 
5.769122912 
0.5286896095 
0.999998911 
1.588652068e-06 
0.000260436454 
-0.0002492559584 
0.9806138165 
5.646923564e-07 
6.059896814 
0.5286892618 
0.9999995115 
7.115982908e-07 
0.0001537670219 
-0.0001474638821 
0.9806141199 
5.389109238e-07 
6.35067053 
0.5286889332 
0.9999997807 
3.191080825e-07 
9.069474779e-05 
-8.713761611e-05 
0.9806144097 
5.153399012e-07 
6.64144407 
0.5286886202 
0.9999999014 
1.432521128e-07 
5.344364521e-05 
-5.143431545e-05 
0.9806146871 
4.937312355e-07 
6.932217441 
0.5286883209 
0.9999999557 
6.437105137e-08 
3.146573762e-05 
-3.032974093e-05 
0.9806149531 
4.738575588e-07 
7.222990651 
0.528688034 
0.99999998 
2.895177273e-08 
1.851129141e-05 
-1.786853276e-05 
0.9806152087 
4.555205279e-07 
7.513763707 
0.5286877585 
0.999999991 
1.303244777e-08 
1.088223857e-05 
-1.051829194e-05 
0.9806154545 
4.385493782e-07 
7.804536613 
0.5286874934 
0.9999999959 
5.871064955e-09 
6.393011092e-06 
-6.186794715e-06 
0.9806156913 
4.22797244e-07 
8.095309377 
0.5286872381 
0.9999999982 
2.646817431e-09 
3.753348768e-06 
-3.636430186e-06 
0.9806159197 
4.081374245e-07 
8.386082003 
0.5286869917 
0.9999999992 
1.194058858e-09 
2.202303194e-06 
-2.135974686e-06 
0.9806161404 
3.944601368e-07 
8.676854496 
0.5286867538 
0.9999999996 
5.390169422e-10 
1.291506758e-06 
-1.253857499e-06 
0.9806163538 
3.816698157e-07 
8.96762686 
0.5286865237 
0.9999999998 
2.434645927e-10 
7.569945063e-07 
-7.356130669e-07 
0.9806165604 
3.696828945e-07 
9.2583991 
0.5286863009 
0.9999999999 
1.100294056e-10 
4.434850038e-07 
-4.31336355e-07 
0.9806167606 
3.58425983e-07 
9.549171219 
0.5286860851 
    1 
4.975138198e-11 
2.596975131e-07 
-2.527916655e-07 
0.9806169548 
3.478343653e-07 
9.839943221 
0.5286858757 
    1 
2.250707293e-11 
1.52009481e-07 
-1.480821951e-07 
0.9806171433 
3.378507548e-07 
10.13071511 
0.5286856724 
    1 
1.018671592e-11 
8.894018515e-08 
-8.670587182e-08 
0.9806173265 
3.284242589e-07 
10.42148689 
0.5286854748 
    1 
4.612704699e-12 
5.201869215e-08 
-5.074705846e-08 
0.9806175046 
3.195095102e-07 
10.71225856 
0.5286852827 
    1 
2.089568868e-12 
3.041331018e-08 
-2.968931195e-08 
0.980617678 
3.110659374e-07 
11.00303013 
0.5286850958 
    1 
9.468827301e-13 
1.777538218e-08 
-1.736303564e-08 
0.9806178469 
3.030571472e-07 
11.29380159 
0.5286849137 
    1 
4.293006088e-13 
1.038562679e-08 
-1.015070191e-08 
0.9806180115 
2.954504002e-07 
11.58457296 
0.5286847363 
    1 
1.948956801e-13 
6.066133264e-09 
-5.932248707e-09 
0.9806181719 
2.882161637e-07 
11.87534423 
0.5286845632 
    1 
8.902769701e-14 
3.542118702e-09 
-3.465794846e-09 
0.9806183286 
2.813277284e-07 
12.1661154 
0.5286843944 
    1 
4.161002269e-14 
2.067722289e-09 
-2.02419993e-09 
0.9806184815 
2.747608786e-07 
12.45688649 
0.5286842295 
    1 
2.24796345e-14 
1.20671534e-09 
-1.181890798e-09 
0.9806186308 
2.684936083e-07 
12.74765748 
0.5286840684 
    1 
2.13634099e-14 
7.040543732e-10 
-6.898911684e-10 
0.9806187769 
2.625058744e-07 
13.03842839 
0.528683911 
    1 
2.121562289e-14 
4.106777585e-10 
-4.025952088e-10 
0.9806189196 
2.567793828e-07 
13.32919921 
0.528683757 
    1 
2.11698848e-14 
2.394938366e-10 
-2.348802654e-10 
0.9806190593 
2.512974016e-07 
13.61996995 
0.5286836064 
    1 
2.11646507e-14 
1.396336042e-10 
-1.369995556e-10 
0.9806191961 
2.460445981e-07 
13.91074061 
0.5286834589 
    1 
2.118035317e-14 
8.139392903e-11 
-7.988973443e-11 
0.98061933 
2.41006895e-07 
14.20151118 
0.5286833145 
    1 
2.120315935e-14 
4.743558963e-11 
-4.657642937e-11 
0.9806194612 
2.36171345e-07 
14.49228168 
0.528683173 
    1 
2.122596668e-14 
2.763951146e-11 
-2.714868193e-11 
0.9806195899 
2.315260194e-07 
14.7830521 
0.5286830343 
    1 
2.124646233e-14 
1.610176666e-11 
-1.582130714e-11 
0.980619716 
2.2705991e-07 
15.07382244 
0.5286828984 
    1 
2.126511853e-14 
9.378577041e-12 
-9.218293269e-12 
0.9806198396 
2.227628418e-07 
15.36459272 
0.528682765 
    1 
2.128354476e-14 
5.461646645e-12 
-5.370027594e-12 
0.980619961 
2.186253957e-07 
15.65536291 
0.5286826341 
    1 
2.130343619e-14 
3.180067097e-12 
-3.127688232e-12 
0.9806200802 
2.146388399e-07 
15.94613304 
0.5286825057 
    1 
2.132604717e-14 
1.851303666e-12 
-1.821353601e-12 
0.9806201971 
2.107950677e-07 
16.2369031 
0.5286823795 
    1 
2.13520537e-14 
1.077581803e-12 
-1.060453737e-12 
0.980620312 
2.070865432e-07 
16.52767308 
0.5286822556 
    1 
2.138164747e-14 
6.271283472e-13 
-6.173315222e-13 
0.980620425 
2.035062516e-07 
16.818443 
0.5286821339 
    1 
2.141472084e-14 
3.649206793e-13 
-3.593163119e-13 
0.9806205359 
2.000476547e-07 
17.10921286 
0.5286820142 
    1 
2.145105198e-14 
2.123139482e-13 
-2.091074581e-13 
0.980620645 
1.967046516e-07 
17.39998265 
0.5286818966 
    1 
2.149044914e-14 
1.235090073e-13 
-1.216741884e-13 
0.9806207523 
1.934715426e-07 
17.69075237 
0.5286817809 
    1 
2.153283611e-14 
7.183907512e-14 
-7.078901402e-14 
0.9806208579 
1.903429963e-07 
17.98152203 
0.5286816671 
    1 
2.157826331e-14 
4.177983128e-14 
-4.117880682e-14 
0.9806209617 
1.873140211e-07 
18.27229163 
0.5286815551 
    1 
2.162683783e-14 
2.429507493e-14 
-2.395102287e-14 
0.9806210639 
1.843799377e-07 
18.56306117 
0.5286814449 
    1 
2.16785988e-14 
1.412593155e-14 
-1.392895754e-14 
0.9806211645 
1.815363559e-07 
18.85383065 
0.5286813364 
    1 
2.173339539e-14 
8.212300852e-15 
-8.09951754e-15 
0.9806212636 
1.78779152e-07 
19.14460007 
0.5286812296 
    1 
2.179079617e-14 
4.773786987e-15 
-4.70920218e-15 
0.9806213612 
1.761044491e-07 
19.43536943 
0.5286811244 
    1 
2.184998174e-14 
2.77468137e-15 
-2.737693098e-15 
0.9806214573 
1.735085987e-07 
19.72613873 
0.5286810207 
    1 
2.19095082e-14 
1.612562283e-15 
-1.591376503e-15 
0.9806215521 
1.709881647e-07 
20.01690798 
0.5286809186 
    1 
2.196676536e-14 
9.370753528e-16 
-9.249395012e-16 
0.9806216454 
1.685399076e-07 
20.30767717 
0.5286808179 
    1 
2.201681138e-14 
5.444881777e-16 
-5.375356908e-16 
0.9806217375 
1.661607706e-07 
20.5984463 
0.5286807186 
    1 
2.20499437e-14 
3.163439591e-16 
-3.123605678e-16 
0.9806218282 
1.638478675e-07 
20.88921538 
0.5286806208 
    1 
2.207190761e-14 
1.837760733e-16 
-1.814935907e-16 
0.9806219177 
1.615984703e-07 
21.17998441 
0.5286805243 
    1 
2.211043086e-14 
1.067524502e-16 
-1.054444659e-16 
0.980622006 
1.594099989e-07 
21.47075339 
0.5286804291 
    1 
2.215842162e-14 
6.200508167e-17 
-6.12554687e-17 
0.9806220931 
1.572800111e-07 
21.76152231 
0.5286803352 
    1 
2.222180346e-14 
3.601125909e-17 
-3.558161379e-17 
0.980622179 
1.552061934e-07 
22.05229118 
0.5286802426 
    1 
2.231164991e-14 
2.091278733e-17 
-2.066651224e-17 
0.9806222638 
1.531863529e-07 
22.34306 
0.5286801511 
    1 
2.242000885e-14 
1.214364579e-17 
-1.200246768e-17 
0.9806223475 
1.512184092e-07 
22.63382878 
0.5286800609 
    1 
2.251811645e-14 
7.05100046e-18 
-6.970062959e-18 
0.9806224302 
1.493003877e-07 
22.9245975 
0.5286799718 
    1 
2.261747752e-14 
4.093716548e-18 
-4.047311325e-18 
0.9806225118 
1.474304124e-07 
23.21536617 
0.5286798838 
    1 
2.272382998e-14 
2.376572271e-18 
-2.349963935e-18 
0.9806225923 
1.456067004e-07 
23.5061348 
0.5286797969 
    1 
2.283717e-14 
1.379594142e-18 
-1.364336004e-18 
0.9806226719 
1.438275559e-07 
23.79690337 
0.5286797111 
    1 
2.295154748e-14 
8.007916072e-19 
-7.920414167e-19 
0.9806227506 
1.420913648e-07 
24.0876719 
0.5286796263 
    1 
2.306267736e-14 
4.647894993e-19 
-4.597711043e-19 
0.9806228282 
1.403965902e-07 
24.37844039 
0.5286795425 
    1 
2.317082466e-14 
2.697506296e-19 
-2.668722854e-19 
0.980622905 
1.387417675e-07 
24.66920883 
0.5286794598 
    1 
2.32762196e-14 
1.565448212e-19 
-1.54893809e-19 
0.9806229809 
1.371255006e-07 
24.95997722 
0.528679378 
    1 
2.337733475e-14 
9.084179531e-20 
-8.989471628e-20 
0.9806230558 
1.355464575e-07 
25.25074557 
0.5286792971 
    1 
2.346948344e-14 
5.271134965e-20 
-5.216803909e-20 
0.98062313 
1.340033668e-07 
25.54151388 
0.5286792172 
    1 
2.35423246e-14 
3.058402257e-20 
-3.027232738e-20 
0.9806232032 
1.324950145e-07 
25.83228214 
0.5286791382 
    1 
2.359995447e-14 
1.774425049e-20 
-1.756543078e-20 
0.9806232757 
1.310202406e-07 
26.12305035 
0.52867906 
    1 
2.366728468e-14 
1.029422515e-20 
-1.019164707e-20 
0.9806233474 
1.295779362e-07 
26.41381853 
0.5286789828 
    1 
2.373268048e-14 
5.971761857e-21 
-5.912945455e-21 
0.9806234182 
1.281670407e-07 
26.70458666 
0.5286789063 
    1 
2.379507405e-14 
3.464037026e-21 
-3.430363057e-21 
0.9806234884 
1.267865391e-07 
26.99535475 
0.5286788307 
    1 
2.385434182e-14 
2.009221785e-21 
-1.990032572e-21 
0.9806235577 
1.254354598e-07 
27.2861228 
0.528678756 
    1 
2.390738991e-14 
1.165251424e-21 
-1.154474964e-21 
0.9806236263 
1.24112872e-07 
27.57689081 
0.528678682 
    1 
2.395066907e-14 
6.756160295e-22 
-6.698430618e-22 
0.9806236942 
1.22817884e-07 
27.86765878 
0.5286786088 
    1 
2.39792142e-14 
3.914656638e-22 
-3.888702135e-22 
0.9806237614 
1.215496406e-07 
28.15842671 
0.5286785363 
    1 
2.398618212e-14 
2.263976898e-22 
-2.261589787e-22 
0.9806238279 
1.20307322e-07 
28.44919459 
0.5286784646 
    1 
2.396279773e-14 
1.302055327e-22 
-1.322480661e-22 
0.9806238938 
1.190901412e-07 
28.73996244 
0.5286783936 
    1 
2.38974518e-14 
7.362020568e-23 
-7.858960958e-23 
0.9806239589 
1.178973429e-07 
29.03073025 
0.5286783233 
    1 
2.377372826e-14 
3.941135066e-23 
-4.887813653e-23 
0.9806240235 
1.167282016e-07 
29.32149803 
0.5286782538 
    1 
2.35930743e-14 
1.7144421e-23 
-3.409989196e-23 
