0.5575531136 
-0.001628003068 
1.005064863 
0.01491162267 
0.5188665328 
0.8423473593 
0.4274346457 
0.6778203354 
0.7890931512 
-0.6512698281 
1.01243625 
0.009976301711 
0.9245232267 
0.6544640277 
0.7220186682 
0.3943084234 
0.4266043159 
-0.5793705698 
1.015873484 
0.003274763403 
1.26261844 
0.5898362887 
0.8766427972 
0.1872696647 
0.1858329837 
-0.3031744018 
1.016847236 
0.0007830064454 
1.582267887 
0.5762036633 
0.9469569789 
0.08187241494 
0.07272271429 
-0.1283246454 
1.017066345 
0.0001639065016 
1.898312185 
0.5737454331 
0.9773055721 
0.03498165972 
0.026997954 
-0.04944640934 
1.017111313 
3.311816325e-05 
2.213712646 
0.5733051558 
0.9902533564 
0.01492758905 
0.009752990276 
-0.01821551337 
1.01712053 
7.159173754e-06 
2.528996122 
0.5732226728 
0.9957893856 
0.006402672405 
0.003469372651 
-0.006554584054 
1.017122704 
2.065614237e-06 
2.844257195 
0.5732061991 
0.9981703584 
0.002763723325 
0.001222302968 
-0.002326678912 
1.017123483 
1.02135185e-06 
3.159513628 
0.5732024955 
0.9992008331 
0.001200165282 
0.0004277815199 
-0.0008186881222 
1.017123961 
7.655598518e-07 
3.474768914 
0.5732013754 
0.9996493725 
0.0005239370103 
0.0001489746933 
-0.0002862894127 
1.017124352 
6.700570393e-07 
3.790023772 
0.5732008125 
0.9998455783 
0.0002297625793 
5.167745429e-05 
-9.964183751e-05 
1.017124704 
6.123696903e-07 
4.105278368 
0.5732003906 
0.9999317684 
0.0001011468479 
1.78685764e-05 
-3.454906409e-05 
1.017125028 
5.674723115e-07 
4.420532747 
0.57320002 
0.9999697669 
4.467419213e-05 
6.161638929e-06 
-1.194178905e-05 
1.01712533 
5.294543869e-07 
4.735786931 
0.5731996791 
0.9999865712 
1.978764571e-05 
2.119750527e-06 
-4.116673318e-06 
1.017125612 
4.963610868e-07 
5.051040934 
0.5731993612 
0.9999940225 
8.7862242e-06 
7.277552719e-07 
-1.415875509e-06 
1.017125876 
4.671916864e-07 
5.366294768 
0.5731990626 
0.9999973343 
3.909738073e-06 
2.49403937e-07 
-4.859938899e-07 
1.017126126 
4.412664771e-07 
5.681548442 
0.5731987812 
0.9999988092 
1.743089368e-06 
8.53346782e-08 
-1.665197733e-07 
1.017126362 
4.180684991e-07 
5.996801966 
0.573198515 
0.9999994673 
7.784412076e-07 
2.915580679e-08 
-5.696588491e-08 
1.017126586 
3.971880511e-07 
6.312055347 
0.5731982624 
0.9999997614 
3.481675131e-07 
9.948640694e-09 
-1.946028621e-08 
1.0171268 
3.782941897e-07 
6.627308593 
0.5731980222 
0.999999893 
1.559339633e-07 
3.390741322e-09 
-6.639411293e-09 
1.017127003 
3.611162445e-07 
6.94256171 
0.5731977931 
0.9999999519 
6.992403891e-08 
1.15441946e-09 
-2.262600809e-09 
1.017127197 
3.454306056e-07 
7.257814703 
0.5731975741 
0.9999999784 
3.13903862e-08 
3.926544914e-10 
-7.702457967e-10 
1.017127383 
3.310509041e-07 
7.573067579 
0.5731973645 
0.9999999903 
1.410615509e-08 
1.33435189e-10 
-2.619587942e-10 
1.017127561 
3.178205652e-07 
7.888320342 
0.5731971635 
0.9999999956 
6.344907383e-09 
4.530788742e-11 
-8.901296042e-11 
1.017127733 
3.056070822e-07 
8.203572996 
0.5731969703 
0.999999998 
2.856366059e-09 
1.537262781e-11 
-3.022180639e-11 
1.017127898 
2.942975633e-07 
8.518825547 
0.5731967844 
0.9999999991 
1.286902194e-09 
5.212157085e-12 
-1.025324522e-11 
1.017128057 
2.837952313e-07 
8.834077997 
0.5731966053 
0.9999999996 
5.802226088e-10 
1.766052485e-12 
-3.476161234e-12 
1.01712821 
2.740166476e-07 
9.14933035 
0.5731964324 
0.9999999998 
2.617811961e-10 
5.980339765e-13 
-1.177761851e-12 
1.017128358 
2.648894905e-07 
9.464582609 
0.5731962654 
0.9999999999 
1.181833844e-10 
2.023959133e-13 
-3.987982384e-13 
1.017128502 
2.563507635e-07 
9.779834779 
0.5731961039 
    1 
5.338620858e-11 
6.846160098e-14 
-1.349598022e-13 
1.01712864 
2.483453391e-07 
10.09508686 
0.5731959475 
    1 
2.412930402e-11 
2.314600928e-14 
-4.564852084e-14 
1.017128775 
2.408247678e-07 
10.41033886 
0.5731957959 
    1 
1.091167808e-11 
7.821715021e-15 
-1.543242703e-14 
1.017128905 
2.337462961e-07 
10.72559077 
0.5731956488 
    1 
4.936813678e-12 
2.642022657e-15 
-5.214826877e-15 
1.017129032 
2.270720536e-07 
11.04084261 
0.573195506 
    1 
2.234685952e-12 
8.920529734e-16 
-1.761389757e-15 
1.017129155 
2.207683751e-07 
11.35609437 
0.5731953672 
    1 
1.011980112e-12 
3.010747156e-16 
-5.946914758e-16 
1.017129275 
2.148052328e-07 
11.67134605 
0.5731952323 
    1 
4.586212797e-13 
1.015772908e-16 
-2.00705149e-16 
1.017129391 
2.091557579e-07 
11.98659766 
0.5731951009 
    1 
2.082020243e-13 
3.425832422e-17 
-6.771189257e-17 
1.017129505 
2.037958358e-07 
12.3018492 
0.5731949729 
    1 
9.507408773e-14 
1.155022795e-17 
-2.283596671e-17 
1.017129616 
1.987037618e-07 
12.61710067 
0.5731948482 
    1 
4.450304717e-14 
3.892935116e-18 
-7.698916213e-18 
1.017129724 
1.93859948e-07 
12.93235207 
0.5731947265 
    1 
2.344994135e-14 
1.311694319e-18 
-2.594792817e-18 
1.017129829 
1.892466708e-07 
13.2476034 
0.5731946078 
    1 
2.172198571e-14 
4.418381274e-19 
-8.742694853e-19 
1.017129932 
1.848478545e-07 
13.56285467 
0.5731944918 
    1 
2.150619463e-14 
1.487902954e-19 
-2.944853274e-19 
1.017130032 
1.80648884e-07 
13.87810588 
0.5731943786 
    1 
2.140733373e-14 
5.009245068e-20 
-9.916614923e-20 
1.017130131 
1.766364428e-07 
14.19335702 
0.5731942678 
    1 
2.136128074e-14 
1.68601426e-20 
-3.338489668e-20 
1.017130227 
1.727983719e-07 
14.50860811 
0.5731941595 
    1 
2.133788925e-14 
5.6734366e-21 
-1.12364318e-20 
1.017130321 
1.691235464e-07 
14.82385914 
0.5731940536 
    1 
2.131843496e-14 
1.908673197e-21 
-3.780970364e-21 
1.017130413 
1.656017681e-07 
15.13911011 
0.5731939498 
    1 
2.129566057e-14 
6.419799774e-22 
-1.271976166e-21 
1.017130503 
1.622236711e-07 
15.45436102 
0.5731938482 
    1 
2.127081806e-14 
2.1588368e-22 
-4.278185646e-22 
1.017130591 
1.589806383e-07 
15.76961188 
0.5731937487 
    1 
2.124865418e-14 
7.258221411e-23 
-1.438629914e-22 
1.017130678 
1.558647281e-07 
16.08486268 
0.5731936511 
    1 
2.123230385e-14 
2.439810621e-23 
-4.836720378e-23 
1.017130763 
1.528686097e-07 
16.40011343 
0.5731935554 
    1 
2.122219399e-14 
8.199752931e-24 
-1.625805998e-23 
1.017130846 
1.499855052e-07 
16.71536413 
0.5731934616 
    1 
2.121786245e-14 
2.755289358e-24 
-5.463935039e-24 
1.017130928 
1.472091387e-07 
17.03061477 
0.5731933694 
    1 
2.121906506e-14 
9.256746023e-25 
-1.835965157e-24 
1.017131008 
1.445336904e-07 
17.34586537 
0.573193279 
    1 
2.122581251e-14 
3.10940216e-25 
-6.168056071e-25 
1.017131087 
1.41953756e-07 
17.66111592 
0.5731931902 
    1 
2.123815664e-14 
1.044300393e-25 
-2.071857468e-25 
1.017131164 
1.394643106e-07 
17.97636641 
0.573193103 
    1 
2.125596675e-14 
3.50676314e-26 
-6.958276627e-26 
1.01713124 
1.370606754e-07 
18.29161687 
0.5731930173 
    1 
2.127880932e-14 
1.177395014e-26 
-2.33655599e-26 
1.017131315 
1.347384888e-07 
18.60686727 
0.5731929331 
    1 
2.130588993e-14 
3.95252771e-27 
-7.844868907e-27 
1.017131388 
1.324936799e-07 
18.92211763 
0.5731928503 
    1 
2.133595714e-14 
1.326681645e-27 
-2.633494268e-27 
1.017131461 
1.303224446e-07 
19.23736794 
0.5731927688 
    1 
2.136704484e-14 
4.452455373e-28 
-8.839309404e-28 
1.017131532 
1.282212242e-07 
19.55261821 
0.5731926887 
    1 
2.139588466e-14 
1.494085266e-28 
-2.96650816e-28 
1.017131602 
1.261866857e-07 
19.86786844 
0.5731926098 
    1 
2.141670952e-14 
5.012979741e-29 
-9.95441855e-29 
1.01713167 
1.242157046e-07 
20.18311862 
0.5731925322 
    1 
2.141895283e-14 
1.681756038e-29 
-3.339882459e-29 
1.017131738 
1.223053485e-07 
20.49836876 
0.5731924558 
    1 
2.140815306e-14 
5.641286591e-30 
-1.120451639e-29 
1.017131805 
1.204528625e-07 
20.81361885 
0.5731923806 
    1 
2.141483127e-14 
1.892095359e-30 
-3.758402875e-30 
1.017131871 
1.186556563e-07 
21.12886891 
0.5731923065 
    1 
2.143673245e-14 
6.345400871e-31 
-1.260559614e-30 
1.017131936 
1.169112919e-07 
21.44411893 
0.5731922335 
    1 
2.147889337e-14 
2.127784915e-31 
-4.227413978e-31 
1.017131999 
1.152174726e-07 
21.7593689 
0.5731921615 
    1 
2.155041119e-14 
7.134283695e-32 
-1.417551764e-31 
1.017132062 
1.135720328e-07 
22.07461884 
0.5731920906 
    1 
2.164543053e-14 
2.391819065e-32 
-4.752883785e-32 
1.017132124 
1.11972929e-07 
22.38986874 
0.5731920207 
    1 
2.173329984e-14 
8.017940446e-33 
-1.593422297e-32 
1.017132185 
1.10418231e-07 
22.7051186 
0.5731919518 
    1 
2.181655848e-14 
2.68754093e-33 
-5.341475755e-33 
1.017132246 
1.089061147e-07 
23.02036842 
0.5731918838 
    1 
2.189225995e-14 
9.007541266e-34 
-1.790397685e-33 
1.017132305 
1.07434854e-07 
23.33561821 
0.5731918168 
    1 
2.195729766e-14 
3.018682615e-34 
-6.000629024e-34 
1.017132364 
1.060028155e-07 
23.65086796 
0.5731917506 
    1 
2.203159061e-14 
1.011555534e-34 
-2.010963445e-34 
1.017132422 
1.046084511e-07 
23.96611767 
0.5731916853 
    1 
2.214329467e-14 
3.38941004e-35 
-6.738647829e-35 
1.017132479 
1.032502936e-07 
24.28136735 
0.5731916209 
    1 
2.225299036e-14 
1.135590053e-35 
-2.257893991e-35 
1.017132535 
1.019269508e-07 
24.59661699 
0.5731915573 
    1 
2.236107618e-14 
3.804372891e-36 
-7.564801159e-36 
1.017132591 
1.006371009e-07 
24.9118666 
0.5731914945 
    1 
2.24669536e-14 
1.274411014e-36 
-2.534285905e-36 
1.017132646 
9.937948829e-08 
25.22711617 
0.5731914325 
    1 
2.256946502e-14 
4.268760289e-37 
-8.489433804e-37 
1.0171327 
9.815291937e-08 
25.54236571 
0.5731913713 
    1 
2.266661965e-14 
1.429751875e-37 
-2.843595002e-37 
1.017132754 
9.695625869e-08 
25.85761522 
0.5731913109 
    1 
2.275382416e-14 
4.788362809e-38 
-9.524090092e-38 
1.017132807 
9.57884255e-08 
26.17286469 
0.5731912511 
    1 
2.282098883e-14 
1.60354692e-38 
-3.189677631e-38 
1.01713286 
9.464839052e-08 
26.48811413 
0.5731911921 
    1 
2.287249448e-14 
5.369641588e-39 
-1.068165176e-38 
1.017132911 
9.35351729e-08 
26.80336354 
0.5731911338 
    1 
2.293368901e-14 
1.797954329e-39 
-3.5768367e-39 
1.017132962 
9.244783738e-08 
27.11861291 
0.5731910761 
    1 
2.29939193e-14 
6.01980532e-40 
-1.197649154e-39 
1.017133013 
9.138549172e-08 
27.43386226 
0.5731910192 
    1 
2.305406972e-14 
2.015381875e-40 
-4.009872942e-40 
1.017133063 
9.034728418e-08 
27.74911157 
0.5731909628 
    1 
2.311671698e-14 
6.746896021e-41 
-1.342464432e-40 
1.017133112 
8.933240134e-08 
28.06436085 
0.5731909071 
    1 
2.3180892e-14 
2.258515551e-41 
-4.494142032e-41 
1.017133161 
8.834006589e-08 
28.3796101 
0.5731908521 
    1 
2.324436606e-14 
7.559884583e-42 
-1.504399775e-41 
1.01713321 
8.73695347e-08 
28.69485933 
0.5731907976 
    1 
2.330445948e-14 
2.530351463e-42 
-5.035618219e-42 
1.017133257 
8.642009692e-08 
29.01010852 
0.5731907438 
    1 
2.335853951e-14 
8.468777189e-43 
-1.685450467e-42 
1.017133305 
8.549107229e-08 
29.32535768 
0.5731906905 
    1 
2.340371615e-14 
2.834231287e-43 
-5.640965324e-43 
1.017133351 
8.458180947e-08 
29.64060681 
0.5731906378 
    1 
2.343634662e-14 
9.484732028e-44 
-1.887842335e-43 
1.017133398 
8.369168455e-08 
29.95585592 
0.5731905856 
    1 
2.345175217e-14 
3.173876281e-44 
-6.317626857e-44 
1.017133443 
8.282009961e-08 
30.27110499 
0.573190534 
    1 
2.344395876e-14 
1.06200235e-44 
-2.114091823e-44 
1.017133489 
8.196648139e-08 
30.58635404 
0.5731904829 
    1 
2.340513283e-14 
3.55292452e-45 
-7.074932395e-45 
1.017133534 
8.113028e-08 
30.90160306 
0.5731904324 
    1 
2.332453495e-14 
1.187288472e-45 
-2.370110535e-45 
1.017133578 
8.031096778e-08 
31.21685205 
0.5731903823 
    1 
2.318702326e-14 
3.928768098e-46 
-8.017045982e-46 
1.017133622 
7.950803816e-08 
31.53210102 
0.5731903328 
    1 
2.299666742e-14 
1.183238514e-46 
-2.945570577e-46 
