0.1963879668 
-0.0006149654705 
0.9971147452 
-0.009346940658 
0.535570732 
0.920208324 
0.3632727188 
0.6034231034 
0.9128276032 
-0.295374236 
0.9914493901 
-0.009859648511 
1.000525618 
0.7713793715 
0.6451320616 
0.4145669414 
0.7104762262 
-0.4062605267 
0.9871082486 
-0.005764835006 
1.392805396 
0.6659214721 
0.8216011151 
0.2356175424 
0.4951970421 
-0.3598549373 
0.9849244997 
-0.002487204368 
1.743548246 
0.6168338036 
0.9160015415 
0.1183729916 
0.3235110212 
-0.2628990174 
0.9840527789 
-0.0009115911378 
2.076826281 
0.5982618358 
0.9618390751 
0.05550245169 
0.2040167612 
-0.1753023866 
0.9837459618 
-0.0003062953353 
2.403788825 
0.5918563241 
0.9829631083 
0.02513320241 
0.1261787041 
-0.1117641018 
0.9836451001 
-9.805511744e-05 
2.728611418 
0.5897242542 
0.9924513417 
0.01119793313 
0.07714591353 
-0.06960096624 
0.983613272 
-3.030992301e-05 
3.052725646 
0.589021878 
0.9966640589 
0.004955305268 
0.04681672131 
-0.04276331726 
0.9836036042 
-8.904421773e-06 
3.376606638 
0.5887904934 
0.99852602 
0.002188025878 
0.02826091004 
-0.02604930824 
0.9836008854 
-2.257980736e-06 
3.700410669 
0.5887138992 
0.9993480867 
0.0009661707808 
0.01699058658 
-0.01577259084 
0.9836003102 
-2.303019411e-07 
4.024189131 
0.5886882826 
0.99971124 
0.0004271029361 
0.01018141738 
-0.00950664196 
0.9836003811 
3.658113786e-07 
4.347958973 
0.5886795127 
0.9998718797 
0.0001890999684 
0.006084420867 
-0.00570907285 
0.9836006355 
5.219535399e-07 
4.671725807 
0.5886763358 
0.999943056 
8.386974663e-05 
0.003627545014 
-0.003418129004 
0.9836009319 
5.450762957e-07 
4.995491499 
0.5886750296 
0.9999746483 
3.72635195e-05 
0.002158347321 
-0.002041232558 
0.9836012284 
5.298016451e-07 
5.319256678 
0.5886743595 
0.9999886953 
1.658456626e-05 
0.001281890151 
-0.001216266024 
0.9836015131 
5.050439791e-07 
5.643021561 
0.588673914 
0.9999949516 
7.393115132e-06 
0.000760130674 
-0.0007232970671 
0.9836017838 
4.7942012e-07 
5.966786225 
0.5886735553 
0.9999977423 
3.300720781e-06 
0.0004500972915 
-0.0004293928216 
0.9836020407 
4.553084516e-07 
6.290550705 
0.5886732362 
0.9999989891 
1.475711019e-06 
0.0002661747404 
-0.00025452133 
0.983602285 
4.332001163e-07 
6.614315016 
0.58867294 
0.9999995468 
6.606315995e-07 
0.0001572252579 
-0.0001506584556 
0.9836025176 
4.130415993e-07 
6.938079169 
0.5886726603 
0.9999997966 
2.961007586e-07 
9.277230999e-05 
-8.906790094e-05 
0.9836027396 
3.946444305e-07 
7.261843171 
0.5886723941 
0.9999999086 
1.328622294e-07 
5.468832511e-05 
-5.259658795e-05 
0.983602952 
3.778061638e-07 
7.585607031 
0.5886721398 
0.9999999589 
5.967718297e-08 
3.22096321e-05 
-3.10274538e-05 
0.9836031555 
3.623427405e-07 
7.909370753 
0.5886718962 
0.9999999815 
2.683032922e-08 
1.895493714e-05 
-1.828626153e-05 
0.9836033508 
3.480943273e-07 
8.233134345 
0.5886716624 
0.9999999917 
1.20732396e-08 
1.114631795e-05 
-1.076780808e-05 
0.9836035386 
3.34923765e-07 
8.55689781 
0.5886714376 
0.9999999962 
5.437181838e-09 
6.549936135e-06 
-6.335526735e-06 
0.9836037194 
3.227134099e-07 
8.880661154 
0.5886712212 
0.9999999983 
2.450477963e-09 
3.846456e-06 
-3.724923168e-06 
0.9836038937 
3.113620142e-07 
9.204424382 
0.5886710125 
0.9999999992 
1.105176748e-09 
2.257469193e-06 
-2.188539376e-06 
0.983604062 
3.007820413e-07 
9.528187496 
0.5886708111 
0.9999999997 
4.9876504e-10 
1.324151372e-06 
-1.285034255e-06 
0.9836042247 
2.908974451e-07 
9.851950502 
0.5886706163 
0.9999999998 
2.25229115e-10 
7.762898072e-07 
-7.540793794e-07 
0.9836043821 
2.81641853e-07 
10.1757134 
0.5886704279 
0.9999999999 
1.01765456e-10 
4.548778864e-07 
-4.422606847e-07 
0.9836045346 
2.729570773e-07 
10.4994762 
0.5886702454 
    1 
4.600524829e-11 
2.664179085e-07 
-2.592470333e-07 
0.9836046824 
2.647918921e-07 
10.8232389 
0.5886700684 
    1 
2.080816265e-11 
1.559701451e-07 
-1.518928477e-07 
0.9836048259 
2.571010229e-07 
11.1470015 
0.5886698966 
    1 
9.416043216e-12 
9.127247428e-08 
-8.895319616e-08 
0.9836049653 
2.498443067e-07 
11.47076401 
0.5886697298 
    1 
4.262960372e-12 
5.339103952e-08 
-5.207125348e-08 
0.9836051008 
2.429859905e-07 
11.79452643 
0.5886695676 
    1 
1.930890681e-12 
3.122024119e-08 
-3.046893786e-08 
0.9836052327 
2.36494142e-07 
12.11828876 
0.5886694098 
    1 
8.749098311e-13 
1.824953736e-08 
-1.782169898e-08 
0.983605361 
2.303401527e-07 
12.44205101 
0.5886692562 
    1 
3.967174168e-13 
1.066406917e-08 
-1.042035038e-08 
0.9836054861 
2.244983164e-07 
12.76581317 
0.5886691065 
    1 
1.80230701e-13 
6.229550618e-09 
-6.09067183e-09 
0.983605608 
2.189454703e-07 
13.08957526 
0.5886689605 
    1 
8.245380399e-14 
3.637975878e-09 
-3.558814423e-09 
0.983605727 
2.136606877e-07 
13.41333726 
0.5886688181 
    1 
3.880335638e-14 
2.123921338e-09 
-2.078786037e-09 
0.9836058431 
2.086250151e-07 
13.73709918 
0.5886686791 
    1 
2.230218647e-14 
1.239647803e-09 
-1.213906064e-09 
0.9836059565 
2.038212445e-07 
14.06086103 
0.5886685434 
    1 
2.178070443e-14 
7.233439323e-10 
-7.086589648e-10 
0.9836060673 
1.992337171e-07 
14.38462281 
0.5886684107 
    1 
2.17374207e-14 
4.219714047e-10 
-4.135919331e-10 
0.9836061757 
1.94848153e-07 
14.70838451 
0.588668281 
    1 
2.177337153e-14 
2.461033566e-10 
-2.413207559e-10 
0.9836062817 
1.906515024e-07 
15.03214614 
0.5886681542 
    1 
2.184158118e-14 
1.435002895e-10 
-1.407699853e-10 
0.9836063854 
1.866318162e-07 
15.35590771 
0.58866803 
    1 
2.191141778e-14 
8.365518363e-11 
-8.209615797e-11 
0.983606487 
1.827781321e-07 
15.6796692 
0.5886679084 
    1 
2.197108508e-14 
4.87575237e-11 
-4.786712006e-11 
0.9836065865 
1.79080375e-07 
16.00343063 
0.5886677893 
    1 
2.201823238e-14 
2.841206252e-11 
-2.790342502e-11 
0.983606684 
1.755292689e-07 
16.327192 
0.5886676726 
    1 
2.205263018e-14 
1.655311152e-11 
-1.62624991e-11 
0.9836067796 
1.721162593e-07 
16.6509533 
0.5886675582 
    1 
2.207658259e-14 
9.642185961e-12 
-9.476112162e-12 
0.9836068734 
1.688334444e-07 
16.97471454 
0.5886674459 
    1 
2.209363496e-14 
5.615564119e-12 
-5.520642283e-12 
0.9836069654 
1.656735138e-07 
17.29847572 
0.5886673358 
    1 
2.21073402e-14 
3.269912846e-12 
-3.215649529e-12 
0.9836070556 
1.626296944e-07 
17.62223684 
0.5886672278 
    1 
2.212061871e-14 
1.903735385e-12 
-1.872709869e-12 
0.9836071443 
1.596957021e-07 
17.9459979 
0.5886671217 
    1 
2.213559617e-14 
1.108172015e-12 
-1.090430056e-12 
0.9836072313 
1.568656979e-07 
18.2697589 
0.5886670175 
    1 
2.215369819e-14 
6.449713216e-13 
-6.348239964e-13 
0.9836073168 
1.541342497e-07 
18.59351984 
0.5886669151 
    1 
2.217582738e-14 
3.753259329e-13 
-3.695214075e-13 
0.9836074009 
1.514962973e-07 
18.91728073 
0.5886668145 
    1 
2.220252723e-14 
2.183805118e-13 
-2.15059696e-13 
0.9836074835 
1.48947121e-07 
19.24104157 
0.5886667157 
    1 
2.223409732e-14 
1.270452438e-13 
-1.251451121e-13 
0.9836075647 
1.464823134e-07 
19.56480235 
0.5886666184 
    1 
2.227065716e-14 
7.389995112e-14 
-7.281257086e-14 
0.9836076446 
1.440977543e-07 
19.88856307 
0.5886665228 
    1 
2.231217073e-14 
4.298065097e-14 
-4.235829887e-14 
0.9836077233 
1.417895875e-07 
20.21232375 
0.5886664287 
    1 
2.23584475e-14 
2.499463062e-14 
-2.463838788e-14 
0.9836078006 
1.395541998e-07 
20.53608437 
0.5886663361 
    1 
2.24091346e-14 
1.453339471e-14 
-1.432945147e-14 
0.9836078768 
1.373882024e-07 
20.85984494 
0.5886662449 
    1 
2.246371129e-14 
8.449590501e-15 
-8.332822344e-15 
0.9836079518 
1.352884137e-07 
21.18360547 
0.5886661552 
    1 
2.252149171e-14 
4.911951442e-15 
-4.845087841e-15 
0.9836080256 
1.332518437e-07 
21.50736594 
0.5886660668 
    1 
2.258163512e-14 
2.855116079e-15 
-2.816824451e-15 
0.9836080983 
1.312756798e-07 
21.83112637 
0.5886659797 
    1 
2.264314946e-14 
1.659381346e-15 
-1.637450004e-15 
0.98360817 
1.293572735e-07 
22.15488675 
0.5886658939 
    1 
2.270484834e-14 
9.643234575e-16 
-9.517610598e-16 
0.9836082406 
1.274941294e-07 
22.47864708 
0.5886658094 
    1 
2.276517206e-14 
5.603439141e-16 
-5.531473616e-16 
0.9836083103 
1.256838934e-07 
22.80240736 
0.5886657261 
    1 
2.282169527e-14 
3.255691455e-16 
-3.214460838e-16 
0.9836083789 
1.239243434e-07 
23.1261676 
0.5886656439 
    1 
2.286999226e-14 
1.891427381e-16 
-1.867803168e-16 
0.9836084466 
1.222133801e-07 
23.4499278 
0.5886655629 
    1 
2.290124753e-14 
1.098740433e-16 
-1.085203013e-16 
0.9836085133 
1.205490183e-07 
23.77368795 
0.588665483 
    1 
2.292260016e-14 
6.382056544e-17 
-6.304475725e-17 
0.9836085792 
1.189293798e-07 
24.09744806 
0.5886654042 
    1 
2.296402617e-14 
3.706699295e-17 
-3.662234972e-17 
0.9836086442 
1.173526858e-07 
24.42120812 
0.5886653264 
    1 
2.302217731e-14 
2.152664001e-17 
-2.127177698e-17 
0.9836087083 
1.158172506e-07 
24.74496814 
0.5886652496 
    1 
2.310937868e-14 
1.250052649e-17 
-1.235443031e-17 
0.9836087716 
1.143214757e-07 
25.06872812 
0.5886651739 
    1 
2.322247972e-14 
7.258459643e-18 
-7.1747054e-18 
0.983608834 
1.12863844e-07 
25.39248806 
0.5886650991 
    1 
2.333002531e-14 
4.214301852e-18 
-4.166283222e-18 
0.9836088957 
1.114429148e-07 
25.71624796 
0.5886650253 
    1 
2.343483115e-14 
2.446654773e-18 
-2.419122197e-18 
0.9836089566 
1.100573192e-07 
26.04000782 
0.5886649524 
    1 
2.353666893e-14 
1.420320879e-18 
-1.404533238e-18 
0.9836090168 
1.087057555e-07 
26.36376763 
0.5886648804 
    1 
2.3638232e-14 
8.244565637e-19 
-8.154029888e-19 
0.9836090762 
1.07386985e-07 
26.68752741 
0.5886648092 
    1 
2.374201832e-14 
4.785390679e-19 
-4.733468294e-19 
0.9836091349 
1.060998285e-07 
27.01128715 
0.588664739 
    1 
2.384968461e-14 
2.777384974e-19 
-2.747605293e-19 
0.9836091929 
1.048431627e-07 
27.33504685 
0.5886646695 
    1 
2.396209101e-14 
1.611849731e-19 
-1.594768649e-19 
0.9836092503 
1.036159169e-07 
27.65880651 
0.5886646009 
    1 
2.407945966e-14 
9.353701482e-20 
-9.25572104e-20 
0.9836093069 
1.024170699e-07 
27.98256614 
0.5886645331 
    1 
2.420149389e-14 
5.427672218e-20 
-5.371465313e-20 
0.9836093629 
1.012456472e-07 
28.30632573 
0.5886644661 
    1 
2.4327424e-14 
3.149310626e-20 
-3.11706578e-20 
0.9836094183 
1.001007185e-07 
28.63008528 
0.5886643998 
    1 
2.445594865e-14 
1.82721527e-20 
-1.808716851e-20 
0.983609473 
9.898139501e-08 
28.95384479 
0.5886643343 
    1 
2.458501804e-14 
1.060075109e-20 
-1.049463936e-20 
0.9836095272 
9.788682722e-08 
29.27760427 
0.5886642695 
    1 
2.471138221e-14 
6.149731232e-21 
-6.088889987e-21 
0.9836095807 
9.681620287e-08 
29.60136372 
0.5886642054 
    1 
2.482977857e-14 
3.567357483e-21 
-3.532524719e-21 
0.9836096337 
9.576874483e-08 
29.92512313 
0.588664142 
    1 
2.493151408e-14 
2.069198781e-21 
-2.049349082e-21 
0.9836096861 
9.474370922e-08 
30.2488825 
0.5886640793 
    1 
2.500196837e-14 
1.200062852e-21 
-1.188914664e-21 
0.9836097379 
9.37403837e-08 
30.57264184 
0.5886640173 
    1 
2.504138379e-14 
6.958155035e-22 
-6.898416657e-22 
0.9836097892 
9.275808577e-08 
30.89640115 
0.5886639559 
    1 
2.507381209e-14 
4.031785671e-22 
-4.004894101e-22 
0.9836098399 
9.179616124e-08 
31.22016042 
0.5886638951 
    1 
2.508873912e-14 
2.331767077e-22 
-2.329217501e-22 
0.9836098901 
9.085398278e-08 
31.54391966 
0.588663835 
    1 
2.507939536e-14 
1.34107123e-22 
-1.362057261e-22 
0.9836099399 
8.993094855e-08 
31.86767886 
0.5886637755 
    1 
2.503517732e-14 
7.582780729e-23 
-8.094337243e-23 
0.9836099891 
8.902648094e-08 
32.19143804 
0.5886637166 
    1 
2.494210378e-14 
4.059398696e-23 
-5.034334289e-23 
0.9836100378 
8.814002533e-08 
32.51519718 
0.5886636583 
    1 
2.478174271e-14 
1.765923999e-23 
-3.512320955e-23 
