   0.0000000e+00   0.0000000e+00
   1.7456359e-02   1.6060869e-02
   3.4912718e-02   3.1932880e-02
   5.2369077e-02   4.7615157e-02
   6.9825436e-02   6.3107018e-02
   8.7281796e-02   7.8407927e-02
   1.0473815e-01   9.3517484e-02
   1.2219451e-01   1.0843542e-01
   1.3965087e-01   1.2316158e-01
   1.5710723e-01   1.3769596e-01
   1.7456359e-01   1.5203862e-01
   1.9201995e-01   1.6618979e-01
   2.0947631e-01   1.8014976e-01
   2.2693267e-01   1.9391894e-01
   2.4438903e-01   2.0749785e-01
   2.6184539e-01   2.2088708e-01
   2.7930175e-01   2.3408733e-01
   2.9675810e-01   2.4709938e-01
   3.1421446e-01   2.5992409e-01
   3.3167082e-01   2.7256240e-01
   3.4912718e-01   2.8501533e-01
   3.6658354e-01   2.9728396e-01
   3.8403990e-01   3.0936945e-01
   4.0149626e-01   3.2127302e-01
   4.1895262e-01   3.3299594e-01
   4.3640898e-01   3.4453955e-01
   4.5386534e-01   3.5590525e-01
   4.7132170e-01   3.6709447e-01
   4.8877805e-01   3.7810870e-01
   5.0623441e-01   3.8894948e-01
   5.2369077e-01   3.9961839e-01
   5.4114713e-01   4.1011704e-01
   5.5860349e-01   4.2044708e-01
   5.7605985e-01   4.3061020e-01
   5.9351621e-01   4.4060810e-01
   6.1097257e-01   4.5044255e-01
   6.2842893e-01   4.6011530e-01
   6.4588529e-01   4.6962815e-01
   6.6334165e-01   4.7898292e-01
   6.8079800e-01   4.8818144e-01
   6.9825436e-01   4.9722556e-01
   7.1571072e-01   5.0611714e-01
   7.3316708e-01   5.1485807e-01
   7.5062344e-01   5.2345023e-01
   7.6807980e-01   5.3189552e-01
   7.8553616e-01   5.4019585e-01
   8.0299252e-01   5.4835312e-01
   8.2044888e-01   5.5636926e-01
   8.3790524e-01   5.6424618e-01
   8.5536160e-01   5.7198580e-01
   8.7281796e-01   5.7959003e-01
   8.9027431e-01   5.8706080e-01
   9.0773067e-01   5.9440001e-01
   9.2518703e-01   6.0160957e-01
   9.4264339e-01   6.0869139e-01
   9.6009975e-01   6.1564735e-01
   9.7755611e-01   6.2247935e-01
   9.9501247e-01   6.2918927e-01
   1.0124688e+00   6.3577897e-01
   1.0299252e+00   6.4225031e-01
   1.0473815e+00   6.4860515e-01
   1.0648379e+00   6.5484530e-01
   1.0822943e+00   6.6097260e-01
   1.0997506e+00   6.6698885e-01
   1.1172070e+00   6.7289584e-01
   1.1346633e+00   6.7869536e-01
   1.1521197e+00   6.8438916e-01
   1.1695761e+00   6.8997898e-01
   1.1870324e+00   6.9546656e-01
   1.2044888e+00   7.0085361e-01
   1.2219451e+00   7.0614182e-01
   1.2394015e+00   7.1133287e-01
   1.2568579e+00   7.1642842e-01
   1.2743142e+00   7.2143010e-01
   1.2917706e+00   7.2633953e-01
   1.3092269e+00   7.3115832e-01
   1.3266833e+00   7.3588804e-01
   1.3441397e+00   7.4053027e-01
   1.3615960e+00   7.4508653e-01
   1.3790524e+00   7.4955835e-01
   1.3965087e+00   7.5394724e-01
   1.4139651e+00   7.5825467e-01
   1.4314214e+00   7.6248210e-01
   1.4488778e+00   7.6663099e-01
   1.4663342e+00   7.7070274e-01
   1.4837905e+00   7.7469876e-01
   1.5012469e+00   7.7862042e-01
   1.5187032e+00   7.8246910e-01
   1.5361596e+00   7.8624612e-01
   1.5536160e+00   7.8995280e-01
   1.5710723e+00   7.9359045e-01
   1.5885287e+00   7.9716034e-01
   1.6059850e+00   8.0066374e-01
   1.6234414e+00   8.0410187e-01
   1.6408978e+00   8.0747597e-01
   1.6583541e+00   8.1078722e-01
   1.6758105e+00   8.1403681e-01
   1.6932668e+00   8.1722590e-01
   1.7107232e+00   8.2035562e-01
   1.7281796e+00   8.2342711e-01
   1.7456359e+00   8.2644146e-01
   1.7630923e+00   8.2939976e-01
   1.7805486e+00   8.3230307e-01
   1.7980050e+00   8.3515245e-01
   1.8154613e+00   8.3794891e-01
   1.8329177e+00   8.4069348e-01
   1.8503741e+00   8.4338714e-01
   1.8678304e+00   8.4603086e-01
   1.8852868e+00   8.4862562e-01
   1.9027431e+00   8.5117234e-01
   1.9201995e+00   8.5367196e-01
   1.9376559e+00   8.5612538e-01
   1.9551122e+00   8.5853349e-01
   1.9725686e+00   8.6089716e-01
   1.9900249e+00   8.6321726e-01
   2.0074813e+00   8.6549463e-01
   2.0249377e+00   8.6773009e-01
   2.0423940e+00   8.6992445e-01
   2.0598504e+00   8.7207852e-01
   2.0773067e+00   8.7419307e-01
   2.0947631e+00   8.7626887e-01
   2.1122195e+00   8.7830667e-01
   2.1296758e+00   8.8030721e-01
   2.1471322e+00   8.8227122e-01
   2.1645885e+00   8.8419940e-01
   2.1820449e+00   8.8609245e-01
   2.1995012e+00   8.8795105e-01
   2.2169576e+00   8.8977588e-01
   2.2344140e+00   8.9156759e-01
   2.2518703e+00   8.9332682e-01
   2.2693267e+00   8.9505422e-01
   2.2867830e+00   8.9675038e-01
   2.3042394e+00   8.9841593e-01
   2.3216958e+00   9.0005146e-01
   2.3391521e+00   9.0165756e-01
   2.3566085e+00   9.0323479e-01
   2.3740648e+00   9.0478371e-01
   2.3915212e+00   9.0630489e-01
   2.4089776e+00   9.0779884e-01
   2.4264339e+00   9.0926612e-01
   2.4438903e+00   9.1070722e-01
   2.4613466e+00   9.1212267e-01
   2.4788030e+00   9.1351296e-01
   2.4962594e+00   9.1487857e-01
   2.5137157e+00   9.1621999e-01
   2.5311721e+00   9.1753768e-01
   2.5486284e+00   9.1883210e-01
   2.5660848e+00   9.2010371e-01
   2.5835411e+00   9.2135294e-01
   2.6009975e+00   9.2258023e-01
   2.6184539e+00   9.2378600e-01
   2.6359102e+00   9.2497066e-01
   2.6533666e+00   9.2613463e-01
   2.6708229e+00   9.2727830e-01
   2.6882793e+00   9.2840205e-01
   2.7057357e+00   9.2950629e-01
   2.7231920e+00   9.3059137e-01
   2.7406484e+00   9.3165768e-01
   2.7581047e+00   9.3270556e-01
   2.7755611e+00   9.3373537e-01
   2.7930175e+00   9.3474746e-01
   2.8104738e+00   9.3574217e-01
   2.8279302e+00   9.3671982e-01
   2.8453865e+00   9.3768075e-01
   2.8628429e+00   9.3862527e-01
   2.8802993e+00   9.3955370e-01
   2.8977556e+00   9.4046634e-01
   2.9152120e+00   9.4136349e-01
   2.9326683e+00   9.4224545e-01
   2.9501247e+00   9.4311250e-01
   2.9675810e+00   9.4396493e-01
   2.9850374e+00   9.4480301e-01
   3.0024938e+00   9.4562702e-01
   3.0199501e+00   9.4643722e-01
   3.0374065e+00   9.4723387e-01
   3.0548628e+00   9.4801722e-01
   3.0723192e+00   9.4878754e-01
   3.0897756e+00   9.4954505e-01
   3.1072319e+00   9.5029000e-01
   3.1246883e+00   9.5102263e-01
   3.1421446e+00   9.5174317e-01
   3.1596010e+00   9.5245184e-01
   3.1770574e+00   9.5314887e-01
   3.1945137e+00   9.5383446e-01
   3.2119701e+00   9.5450885e-01
   3.2294264e+00   9.5517222e-01
   3.2468828e+00   9.5582479e-01
   3.2643392e+00   9.5646676e-01
   3.2817955e+00   9.5709833e-01
   3.2992519e+00   9.5771968e-01
   3.3167082e+00   9.5833101e-01
   3.3341646e+00   9.5893249e-01
   3.3516209e+00   9.5952432e-01
   3.3690773e+00   9.6010667e-01
   3.3865337e+00   9.6067970e-01
   3.4039900e+00   9.6124361e-01
   3.4214464e+00   9.6179854e-01
   3.4389027e+00   9.6234467e-01
   3.4563591e+00   9.6288215e-01
   3.4738155e+00   9.6341115e-01
   3.4912718e+00   9.6393181e-01
   3.5087282e+00   9.6444429e-01
   3.5261845e+00   9.6494874e-01
   3.5436409e+00   9.6544530e-01
   3.5610973e+00   9.6593412e-01
   3.5785536e+00   9.6641534e-01
   3.5960100e+00   9.6688909e-01
   3.6134663e+00   9.6735550e-01
   3.6309227e+00   9.6781471e-01
   3.6483791e+00   9.6826686e-01
   3.6658354e+00   9.6871206e-01
   3.6832918e+00   9.6915044e-01
   3.7007481e+00   9.6958212e-01
   3.7182045e+00   9.7000722e-01
   3.7356608e+00   9.7042586e-01
   3.7531172e+00   9.7083816e-01
   3.7705736e+00   9.7124422e-01
   3.7880299e+00   9.7164416e-01
   3.8054863e+00   9.7203808e-01
   3.8229426e+00   9.7242610e-01
   3.8403990e+00   9.7280832e-01
   3.8578554e+00   9.7318483e-01
   3.8753117e+00   9.7355575e-01
   3.8927681e+00   9.7392116e-01
   3.9102244e+00   9.7428117e-01
   3.9276808e+00   9.7463587e-01
   3.9451372e+00   9.7498535e-01
   3.9625935e+00   9.7532971e-01
   3.9800499e+00   9.7566903e-01
   3.9975062e+00   9.7600341e-01
   4.0149626e+00   9.7633292e-01
   4.0324190e+00   9.7665765e-01
   4.0498753e+00   9.7697769e-01
   4.0673317e+00   9.7729312e-01
   4.0847880e+00   9.7760402e-01
   4.1022444e+00   9.7791046e-01
   4.1197007e+00   9.7821253e-01
   4.1371571e+00   9.7851029e-01
   4.1546135e+00   9.7880383e-01
   4.1720698e+00   9.7909321e-01
   4.1895262e+00   9.7937851e-01
   4.2069825e+00   9.7965979e-01
   4.2244389e+00   9.7993713e-01
   4.2418953e+00   9.8021060e-01
   4.2593516e+00   9.8048026e-01
   4.2768080e+00   9.8074617e-01
   4.2942643e+00   9.8100840e-01
   4.3117207e+00   9.8126701e-01
   4.3291771e+00   9.8152206e-01
   4.3466334e+00   9.8177362e-01
   4.3640898e+00   9.8202174e-01
   4.3815461e+00   9.8226649e-01
   4.3990025e+00   9.8250791e-01
   4.4164589e+00   9.8274607e-01
   4.4339152e+00   9.8298102e-01
   4.4513716e+00   9.8321281e-01
   4.4688279e+00   9.8344151e-01
   4.4862843e+00   9.8366715e-01
   4.5037406e+00   9.8388979e-01
   4.5211970e+00   9.8410949e-01
   4.5386534e+00   9.8432629e-01
   4.5561097e+00   9.8454024e-01
   4.5735661e+00   9.8475138e-01
   4.5910224e+00   9.8495978e-01
   4.6084788e+00   9.8516546e-01
   4.6259352e+00   9.8536848e-01
   4.6433915e+00   9.8556888e-01
   4.6608479e+00   9.8576671e-01
   4.6783042e+00   9.8596201e-01
   4.6957606e+00   9.8615482e-01
   4.7132170e+00   9.8634517e-01
   4.7306733e+00   9.8653313e-01
   4.7481297e+00   9.8671871e-01
   4.7655860e+00   9.8690197e-01
   4.7830424e+00   9.8708294e-01
   4.8004988e+00   9.8726166e-01
   4.8179551e+00   9.8743816e-01
   4.8354115e+00   9.8761249e-01
   4.8528678e+00   9.8778468e-01
   4.8703242e+00   9.8795476e-01
   4.8877805e+00   9.8812278e-01
   4.9052369e+00   9.8828876e-01
   4.9226933e+00   9.8845273e-01
   4.9401496e+00   9.8861474e-01
   4.9576060e+00   9.8877482e-01
   4.9750623e+00   9.8893299e-01
   4.9925187e+00   9.8908928e-01
   5.0099751e+00   9.8924374e-01
   5.0274314e+00   9.8939638e-01
   5.0448878e+00   9.8954725e-01
   5.0623441e+00   9.8969636e-01
   5.0798005e+00   9.8984375e-01
   5.0972569e+00   9.8998945e-01
   5.1147132e+00   9.9013348e-01
   5.1321696e+00   9.9027588e-01
   5.1496259e+00   9.9041666e-01
   5.1670823e+00   9.9055586e-01
   5.1845387e+00   9.9069351e-01
   5.2019950e+00   9.9082962e-01
   5.2194514e+00   9.9096422e-01
   5.2369077e+00   9.9109735e-01
   5.2543641e+00   9.9122902e-01
   5.2718204e+00   9.9135925e-01
   5.2892768e+00   9.9148808e-01
   5.3067332e+00   9.9161552e-01
   5.3241895e+00   9.9174160e-01
   5.3416459e+00   9.9186634e-01
   5.3591022e+00   9.9198976e-01
   5.3765586e+00   9.9211189e-01
   5.3940150e+00   9.9223275e-01
   5.4114713e+00   9.9235236e-01
   5.4289277e+00   9.9247073e-01
   5.4463840e+00   9.9258790e-01
   5.4638404e+00   9.9270387e-01
   5.4812968e+00   9.9281868e-01
   5.4987531e+00   9.9293233e-01
   5.5162095e+00   9.9304486e-01
   5.5336658e+00   9.9315627e-01
   5.5511222e+00   9.9326660e-01
   5.5685786e+00   9.9337584e-01
   5.5860349e+00   9.9348404e-01
   5.6034913e+00   9.9359119e-01
   5.6209476e+00   9.9369733e-01
   5.6384040e+00   9.9380246e-01
   5.6558603e+00   9.9390661e-01
   5.6733167e+00   9.9400979e-01
   5.6907731e+00   9.9411202e-01
   5.7082294e+00   9.9421332e-01
   5.7256858e+00   9.9431370e-01
   5.7431421e+00   9.9441317e-01
   5.7605985e+00   9.9451176e-01
   5.7780549e+00   9.9460947e-01
   5.7955112e+00   9.9470633e-01
   5.8129676e+00   9.9480235e-01
   5.8304239e+00   9.9489755e-01
   5.8478803e+00   9.9499193e-01
   5.8653367e+00   9.9508551e-01
   5.8827930e+00   9.9517831e-01
   5.9002494e+00   9.9527035e-01
   5.9177057e+00   9.9536163e-01
   5.9351621e+00   9.9545216e-01
   5.9526185e+00   9.9554197e-01
   5.9700748e+00   9.9563107e-01
   5.9875312e+00   9.9571946e-01
   6.0049875e+00   9.9580717e-01
   6.0224439e+00   9.9589420e-01
   6.0399002e+00   9.9598056e-01
   6.0573566e+00   9.9606628e-01
   6.0748130e+00   9.9615135e-01
   6.0922693e+00   9.9623580e-01
   6.1097257e+00   9.9631964e-01
   6.1271820e+00   9.9640287e-01
   6.1446384e+00   9.9648551e-01
   6.1620948e+00   9.9656757e-01
   6.1795511e+00   9.9664906e-01
   6.1970075e+00   9.9673000e-01
   6.2144638e+00   9.9681039e-01
   6.2319202e+00   9.9689024e-01
   6.2493766e+00   9.9696957e-01
   6.2668329e+00   9.9704838e-01
   6.2842893e+00   9.9712669e-01
   6.3017456e+00   9.9720450e-01
   6.3192020e+00   9.9728183e-01
   6.3366584e+00   9.9735869e-01
   6.3541147e+00   9.9743508e-01
   6.3715711e+00   9.9751102e-01
   6.3890274e+00   9.9758652e-01
   6.4064838e+00   9.9766158e-01
   6.4239401e+00   9.9773621e-01
   6.4413965e+00   9.9781043e-01
   6.4588529e+00   9.9788424e-01
   6.4763092e+00   9.9795766e-01
   6.4937656e+00   9.9803068e-01
   6.5112219e+00   9.9810333e-01
   6.5286783e+00   9.9817560e-01
   6.5461347e+00   9.9824751e-01
   6.5635910e+00   9.9831907e-01
   6.5810474e+00   9.9839028e-01
   6.5985037e+00   9.9846116e-01
   6.6159601e+00   9.9853171e-01
   6.6334165e+00   9.9860193e-01
   6.6508728e+00   9.9867185e-01
   6.6683292e+00   9.9874146e-01
   6.6857855e+00   9.9881077e-01
   6.7032419e+00   9.9887980e-01
   6.7206983e+00   9.9894854e-01
   6.7381546e+00   9.9901701e-01
   6.7556110e+00   9.9908521e-01
   6.7730673e+00   9.9915316e-01
   6.7905237e+00   9.9922085e-01
   6.8079800e+00   9.9928830e-01
   6.8254364e+00   9.9935552e-01
   6.8428928e+00   9.9942251e-01
   6.8603491e+00   9.9948927e-01
   6.8778055e+00   9.9955582e-01
   6.8952618e+00   9.9962216e-01
   6.9127182e+00   9.9968830e-01
   6.9301746e+00   9.9975425e-01
   6.9476309e+00   9.9982001e-01
   6.9650873e+00   9.9988558e-01
   6.9825436e+00   9.9995099e-01
   7.0000000e+00   1.0000000e+00
