0.3750982949 
-0.0006103827644 
0.997621123 
-0.013642166 
0.3314202315 
0.9745831949 
0.2323673871 
0.6713323664 
0.9667601085 
-0.1937739148 
0.9916173626 
-0.02107602289 
0.6466365109 
0.9132172133 
0.441624463 
0.5765877584 
0.8768855811 
-0.3335449146 
0.9844066796 
-0.02114266425 
0.9394997944 
0.8451651663 
0.6134350918 
0.4521175 
0.752972896 
-0.3974289285 
0.9780071539 
-0.01685611453 
1.21167973 
0.7911844217 
0.7431441569 
0.3283392929 
0.6192344345 
-0.3961904519 
0.9732606604 
-0.0116882709 
1.469093921 
0.7563848902 
0.8345981231 
0.2246247089 
0.4932398158 
-0.3554010884 
0.9701013562 
-0.00749600349 
1.717605772 
0.7368003242 
0.8958352218 
0.1471655214 
0.3840710543 
-0.2984714558 
0.9681090268 
-0.004674432849 
1.961319207 
0.7267207222 
0.9353703114 
0.09361189244 
0.2943718683 
-0.2403540462 
0.9668617679 
-0.002961516088 
2.202633217 
0.7218426615 
0.9602782611 
0.05841148822 
0.2231440268 
-0.1883700312 
0.9660542143 
-0.001977098116 
2.442812216 
0.7196021903 
0.9757265237 
0.03600974513 
0.1678310322 
-0.1450115599 
0.9654964088 
-0.001422695886 
2.682483866 
0.7186422639 
0.9852151853 
0.02203777579 
0.1255112522 
-0.1102906588 
0.9650795065 
-0.001107611265 
2.921949233 
0.7182885898 
0.9910097744 
0.01343017708 
0.09346139292 
-0.08317773986 
0.9647438497 
-0.0009218551128 
3.161349718 
0.7182168921 
0.9945369796 
0.008166096877 
0.06936434068 
-0.06234810263 
0.9644573617 
-0.0008054584483 
3.400750538 
0.7182735987 
0.9966804848 
0.004960235945 
0.05134293332 
-0.04652104787 
0.9642027758 
-0.0007267024953 
3.640180946 
0.7183864436 
0.9979822716 
0.003012168009 
0.03791994994 
-0.03458823657 
0.9639706033 
-0.0006690265935 
3.879653298 
0.7185215471 
0.9987728537 
0.001829577099 
0.02795405949 
-0.02564272167 
0.9637554143 
-0.0006237740792 
4.119172051 
0.718663139 
0.9992531519 
0.001111836884 
0.02057419438 
-0.01896583765 
0.963553912 
-0.0005863518286 
4.358738008 
0.7188040147 
0.9995451168 
0.0006761183649 
0.01512124006 
-0.0139994109 
0.9633639454 
-0.0005542491133 
4.598350332 
0.7189410298 
0.9997227244 
0.0004114672204 
0.01109958917 
-0.01031564338 
0.9631840016 
-0.0005260295367 
4.838007496 
0.719072961 
0.9998308513 
0.0002506093266 
0.00813836314 
-0.007589694225 
0.9630129431 
-0.0005008206164 
5.077707734 
0.7191994838 
0.999896732 
0.0001527615337 
0.005961071387 
-0.005576575861 
0.9628498671 
-0.0004780546635 
5.317449253 
0.719320682 
0.9999369053 
9.319283171e-05 
0.004362224802 
-0.004092482563 
0.9626940289 
-0.0004573358777 
5.557230315 
0.7194368131 
0.9999614221 
5.689766398e-05 
0.003189496074 
-0.003000077253 
0.9625447971 
-0.0004383708704 
5.797049286 
0.7195481955 
0.9999763958 
3.476469052e-05 
0.002330214265 
-0.00219708693 
0.9624016269 
-0.000420931267 
6.036904636 
0.7196551574 
0.9999855479 
2.125695723e-05 
0.001701199549 
-0.001607563227 
0.9622640414 
-0.0004048327392 
6.276794946 
0.7197580132 
0.9999911458 
1.300674249e-05 
0.00124114686 
-0.001175240944 
0.9621316199 
-0.0003899226283 
6.516718896 
0.719857055 
0.9999945721 
7.963909509e-06 
0.0009049404442 
-0.0008585228762 
0.9620039883 
-0.0003760721921 
6.75667526 
0.7199525496 
0.9999966706 
4.879329309e-06 
0.0006594228846 
-0.0006267116412 
0.9618808122 
-0.0003631714446 
6.996662897 
0.7200447395 
0.9999979567 
2.991272839e-06 
0.0004802547619 
-0.0004571899432 
0.9617617912 
-0.0003511255194 
7.236680742 
0.7201338444 
0.9999987453 
1.834849925e-06 
0.0003495890923 
-0.0003333176796 
0.9616466545 
-0.0003398519834 
7.476727802 
0.7202200637 
0.9999992292 
1.126110004e-06 
0.0002543525525 
-0.0002428681498 
0.9615351568 
-0.0003292787744 
7.716803144 
0.7203035782 
0.9999995263 
6.914879093e-07 
0.0001849773939 
-0.0001768680316 
0.9614270755 
-0.0003193425751 
7.956905895 
0.7203845526 
0.9999997087 
4.248154334e-07 
0.0001344673275 
-0.0001287387264 
0.9613222078 
-0.0003099875021 
8.197035234 
0.720463137 
0.9999998208 
2.611060728e-07 
9.771038809e-05 
-9.366198703e-05 
0.9612203685 
-0.0003011640351 
8.437190387 
0.7205394685 
0.9999998897 
1.605551958e-07 
7.097411676e-05 
-6.811203584e-05 
0.9611213877 
-0.0002928281298 
8.677370625 
0.7206136729 
0.9999999321 
9.876721199e-08 
5.153511424e-05 
-4.951100102e-05 
0.9610251097 
-0.000284940479 
8.917575258 
0.7206858659 
0.9999999582 
6.07817491e-08 
3.740748382e-05 
-3.597551408e-05 
0.960931391 
-0.0002774658906 
9.157803635 
0.7207561537 
0.9999999742 
3.741942066e-08 
2.714395753e-05 
-2.613058071e-05 
0.9608400993 
-0.0002703727626 
9.398055135 
0.7208246344 
0.9999999841 
2.304498435e-08 
1.969038046e-05 
-1.897301901e-05 
0.9607511123 
-0.0002636326357 
9.638329173 
0.7208913989 
0.9999999902 
1.419723582e-08 
1.427932439e-05 
-1.37713683e-05 
0.9606643167 
-0.0002572198126 
9.87862519 
0.7209565311 
0.999999994 
8.749277421e-09 
1.035236744e-05 
-9.992597873e-06 
0.9605796072 
-0.0002511110306 
10.11894266 
0.7210201092 
0.9999999963 
5.393553827e-09 
7.503355728e-06 
-7.248486567e-06 
0.9604968862 
-0.0002452851797 
10.35928106 
0.7210822057 
0.9999999977 
3.325876768e-09 
5.437009478e-06 
-5.256425293e-06 
0.9604160626 
-0.0002397230598 
10.59963993 
0.7211428882 
0.9999999986 
2.051444731e-09 
3.93874231e-06 
-3.810784362e-06 
0.9603370515 
-0.0002344071688 
10.8400188 
0.7212022198 
0.9999999991 
1.265699441e-09 
2.852668647e-06 
-2.762012648e-06 
0.9602597734 
-0.0002293215196 
11.08041723 
0.7212602594 
0.9999999995 
7.811122162e-10 
2.065586326e-06 
-2.001390595e-06 
0.9601841542 
-0.0002244514793 
11.32083479 
0.7213170622 
0.9999999997 
4.821740019e-10 
1.495316793e-06 
-1.449914448e-06 
0.9601101241 
-0.000219783629 
11.56127109 
0.7213726799 
0.9999999998 
2.977127906e-10 
1.082221307e-06 
-1.050196994e-06 
0.960037618 
-0.0002153056402 
11.80172574 
0.7214271611 
0.9999999999 
1.838616965e-10 
7.830306749e-07 
-7.605694631e-07 
0.9599665744 
-0.0002110061668 
12.04219837 
0.7214805513 
0.9999999999 
1.13575654e-10 
5.663593106e-07 
-5.507887036e-07 
0.9598969356 
-0.0002068747484 
12.28268861 
0.7215328934 
    1 
7.017512011e-11 
4.094449057e-07 
-3.989144287e-07 
0.9598286472 
-0.0002029017265 
12.52319613 
0.7215842279 
    1 
4.337106927e-11 
2.957793894e-07 
-2.890389854e-07 
0.9597616579 
-0.0001990781682 
12.7637206 
0.7216345929 
    1 
2.681546759e-11 
2.133876493e-07 
-2.096380932e-07 
0.9596959194 
-0.0001953957998 
13.0042617 
0.7216840244 
    1 
1.659086159e-11 
1.535766245e-07 
-1.52373882e-07 
0.9596313857 
-0.0001918469472 
13.24481913 
0.7217325565 
    1 
1.027959099e-11 
1.10025549e-07 
-1.112275133e-07 
0.9595680138 
-0.0001884244823 
13.48539259 
0.7217802213 
    1 
6.390654042e-12 
7.812313817e-08 
-8.187226266e-08 
0.9595057624 
-0.0001851217753 
13.72598179 
0.7218270493 
    1 
4.005942873e-12 
5.44829015e-08 
-6.122253664e-08 
0.9594445928 
-0.0001819326521 
13.96658647 
0.7218730696 
    1 
2.562602346e-12 
3.658611488e-08 
-4.711235495e-08 
0.9593844681 
-0.0001788513557 
14.20720636 
0.7219183095 
    1 
1.719788516e-12 
2.251513609e-08 
-3.807017531e-08 
0.9593253531 
-0.0001758725115 
14.44784119 
0.721962795 
    1 
1.277754194e-12 
1.074904823e-08 
-3.316692254e-08 
