0.01837695715 
-0.0004688458131 
0.9872221218 
-0.07505974667 
0.3295925506 
0.9582371001 
0.1786888702 
0.5236621389 
0.9742610376 
-0.1512681257 
0.949652248 
-0.13683239 
0.6303072387 
0.8462052915 
0.3475978182 
0.4818815303 
0.9026403639 
-0.2718530613 
0.8946664154 
-0.1758651365 
0.8834583386 
0.6984581174 
0.4995146943 
0.4213777989 
0.7989672142 
-0.3431400162 
0.8313448731 
-0.1915431744 
1.086270215 
0.5576252624 
0.6288722191 
0.3494983576 
0.6802231429 
-0.3638425645 
0.7665994893 
-0.1905708955 
1.247883051 
0.4505624553 
0.7333456021 
0.2753137983 
0.5614048403 
-0.3458076828 
0.7043763063 
-0.1809096389 
1.382046226 
0.3841726925 
0.8136658486 
0.2068622388 
0.4526479984 
-0.3053794524 
0.6462305672 
-0.1683312931 
1.501573325 
0.3526129846 
0.8727910885 
0.1492463289 
0.3589644787 
-0.2565989728 
0.5923796438 
-0.1558046214 
1.616104235 
0.3461458734 
0.9147618062 
0.1041910665 
0.2815167576 
-0.2085786858 
0.5425165475 
-0.1443581178 
1.732141226 
0.3563054849 
0.9437044021 
0.07090297355 
0.2192163074 
-0.1659114438 
0.4962331998 
-0.1340894676 
1.853927955 
0.3773889032 
0.9632232635 
0.04733089398 
0.1699802153 
-0.1301591956 
0.4531740895 
-0.1247977625 
1.984345722 
0.4061268207 
0.9761688936 
0.03114908487 
0.1315012121 
-0.1012367647 
0.413062653 
-0.1162593523 
2.125564471 
0.4409138504 
0.9846498737 
0.02028675087 
0.1016334036 
-0.07833629694 
0.3756857009 
-0.1083073417 
2.279453154 
0.4811630491 
0.990156128 
0.01311169429 
0.07854123543 
-0.06044004703 
0.3408721842 
-0.1008338977 
2.447824698 
0.5268904533 
0.9937076015 
0.008426835667 
0.0607249366 
-0.04656462449 
0.308477045 
-0.09377297989 
2.632584214 
0.5784812733 
0.9959872667 
0.005393435302 
0.04699121603 
-0.03585639074 
0.2783710804 
-0.08708388369 
2.835826376 
0.6365700886 
0.997445418 
0.003441290328 
0.03640548343 
-0.02761353754 
0.2504351793 
-0.08074002518 
3.059908948 
0.7019850358 
0.9983756952 
0.002190612536 
0.0282426036 
-0.02127630144 
0.2245572275 
-0.0747223007 
3.307517236 
0.7757248023 
0.9989680781 
0.001392005335 
0.02194304394 
-0.01640602099 
0.2006305026 
-0.06901545412 
3.581727079 
0.8589491796 
0.9993447836 
0.0008833311179 
0.0170763906 
-0.0126625067 
0.1785528478 
-0.06360618864 
3.886069492 
0.9529690738 
0.9995841066 
0.0005599372753 
0.01331207688 
-0.009783554093 
0.1582262385 
-0.05848222033 
4.224596472 
1.059221324 
0.9997360512 
0.0003546292444 
0.01039637827 
-0.007567778422 
0.1395565382 
-0.05363181623 
4.601943087 
1.179207212 
0.9998324796 
0.0002244299928 
0.008134549717 
-0.005860799986 
0.1224533399 
-0.0490435673 
5.023374279 
1.314358725 
0.9998936649 
0.0001419306533 
0.006377054212 
-0.004544374664 
0.1068298445 
-0.04470626802 
5.494792342 
1.465767446 
0.9999324854 
8.968996917e-05 
0.005008989082 
-0.003527953373 
0.09260275802 
-0.04060882922 
6.022658265 
1.63365475 
0.9999571182 
5.662736038e-05 
0.003941986197 
-0.002742178343 
0.07969218219 
-0.03674017861 
6.613735968 
1.816352513 
0.9999727504 
3.571007737e-05 
0.00310801429 
-0.002133893852 
0.06802152564 
-0.0330891057 
7.274483893 
2.008346896 
0.999982678 
2.248278829e-05 
0.002454639013 
-0.001662327014 
0.05751740972 
-0.0296439876 
8.009749255 
2.196497735 
0.9999889833 
1.412056368e-05 
0.001941399097 
-0.00129616594 
0.04810961753 
-0.02639227783 
8.820079703 
2.352630186 
0.9999929869 
8.834021844e-06 
0.001537036994 
-0.001011320418 
0.03973110513 
-0.02331951535 
9.696261882 
2.418742168 
0.9999955251 
5.492159323e-06 
0.001217386576 
-0.0007891969894 
0.03231817944 
-0.02040728204 
10.60819597 
2.276807306 
0.9999971453 
3.376384319e-06 
0.000963771254 
-0.0006153514347 
0.0258110806 
-0.01762865595 
11.48197159 
1.685771211 
0.9999981834 
2.043522518e-06 
0.0007618095463 
-0.0004784019141 
0.02015563085 
-0.01493690054 
12.15192707 
0.1482384574 
0.9999988121 
1.185936719e-06 
0.0006005667981 
-0.0003690931989 
0.0153081153 
-0.01223220131 
12.25964154 
-3.366990011 
0.9999992415 
6.281892112e-07 
0.0004720394335 
-0.0002794301281 
0.01125287056 
-0.009232214043 
11.04722768 
-10.9246673 
0.9999994554 
2.435559748e-07 
0.0003709980436 
-0.0002021015153 
0.008102283237 
-0.004569189141 
7.018711054 
-25.62567671 
0.9999995682 
-1.237658466e-07 
0.0002950399769 
-0.0001330365437 
 -nan 
  nan 
 -nan 
  nan 
 -nan 
 -nan 
 -nan 
 -nan 
0.0005061076278 
-0.01091070711 
-23.50347581 
-99.58192522 
0.9999998211 
3.070445147e-07 
0.0003984733424 
0.0009744797424 
0.0002499716232 
-0.005355784537 
-30.27592453 
47.45946175 
0.9999998287 
4.299818092e-07 
0.000230208554 
-0.0004130886502 
  nan 
 -nan 
  nan 
 -nan 
 -nan 
 -nan 
 -nan 
 -nan 
-0.0003327411939 
0.001115185587 
44.22720601 
379.4299 
0.9999999856 
2.375110054e-07 
0.0002499594716 
-0.0003745547185 
-0.001044589828 
-0.0007220427993 
86.49396263 
252.726395 
1.000000003 
1.271129193e-07 
0.0003557718519 
0.0005386944687 
-0.0009903211609 
1.532507105e-06 
142.8557299 
174.699779 
0.9999999821 
3.120003161e-08 
0.00017783583 
-9.515661882e-05 
-0.0009603053939 
0.0003597533423 
193.1987453 
116.0873126 
0.9999999951 
1.038538712e-08 
0.0001228309466 
-7.276111921e-05 
-0.0008654690917 
0.000630327535 
235.9622913 
80.61506661 
0.9999999964 
4.11169601e-09 
8.381684424e-05 
-4.537090327e-05 
-0.0007011454805 
0.0008624805336 
270.6753876 
55.12212813 
0.9999999978 
1.536638873e-09 
5.707410084e-05 
-2.404428764e-05 
-0.0004676230139 
0.001075785693 
298.2371206 
30.04005736 
0.9999999981 
3.281940867e-10 
3.950355662e-05 
-6.188160497e-06 
-0.0001660333587 
0.001284089152 
317.5614991 
-22.25152832 
0.9999999993 
-6.738740819e-10 
2.943133487e-05 
2.143321082e-05 
  nan 
 -nan 
  nan 
 -nan 
 -nan 
 -nan 
 -nan 
 -nan 
0.0006214133459 
0.001594331145 
375.3299967 
81.47459986 
0.9999999999 
5.30243309e-10 
7.84256899e-06 
-2.190149437e-05 
0.001112404889 
0.001778127544 
385.5916987 
58.26905965 
0.9999999999 
2.089569251e-10 
6.274065581e-06 
-1.15274243e-05 
0.001659933386 
0.001944434782 
397.6523435 
47.41160849 
0.9999999999 
1.198823377e-10 
4.459458868e-06 
-6.972387884e-06 
0.002262908411 
0.002101443872 
409.1068257 
40.64404508 
    1 
8.707716973e-11 
3.098008321e-06 
-4.457245969e-06 
0.00291917077 
0.00225074109 
419.7231689 
35.86640747 
    1 
1.417249086e-11 
2.130407416e-06 
-2.939047033e-06 
0.003626479724 
0.002392927632 
429.5440526 
32.26397814 
    1 
9.573167385e-12 
1.449950502e-06 
-1.983640042e-06 
0.004382584294 
0.00252832604 
438.6614493 
29.43883099 
    1 
3.936155865e-12 
9.691440235e-07 
-1.370926704e-06 
0.005185263757 
0.002657158485 
447.1700422 
27.16616856 
    1 
2.018721944e-12 
6.236697144e-07 
-9.772521873e-07 
0.006032316506 
0.002779609444 
455.155025 
25.30535339 
    1 
1.059803518e-12 
3.673236963e-07 
-7.293732598e-07 
0.006921601953 
0.0028958471 
462.6898106 
23.76188697 
    1 
7.218774698e-13 
1.665724222e-07 
-5.830946636e-07 
