0.545164
1.19242
2.0375
3.02662
4.10034
5.19874
6.26621
7.25507
8.12793
8.85877
9.43274
9.84519
10.0999
10.2073
10.1824
10.0429
9.80769
9.49567
9.12476
8.71129
8.26969
7.81231
7.34943
6.88936
6.43866
6.00228
5.58383
5.18579
4.80969
4.45632
4.12588
3.81812
3.53244
3.268
3.02381
2.79876
2.59168
2.40138
2.2267
2.06647
1.91959
1.78501
1.66172
1.54879
1.44535
1.35057
1.26373
1.18411
1.11108
1.04406
0.98252
0.925965
0.873951
0.826072
0.781959
0.741276
0.703717
0.669004
0.636885
0.607131
0.579536
0.553909
0.530081
0.507896
0.487214
0.467907
0.449858
0.432964
0.417129
0.402266
0.388296
0.375148
0.362757
0.351063
0.340014
0.329559
0.319655
0.310261
0.301339
0.292856
0.284781
0.277085
0.269743
0.262731
0.256027
0.249611
0.243465
0.237573
0.231918
0.226486
0.221265
0.216242
0.211406
0.206746
0.202254
0.197919
0.193734
0.189691
0.185784
0.182004
0.178347
0.174805
0.171375
0.168051
0.164827
0.1617
0.158665
0.155719
0.152857
0.150077
0.147375
0.144747
0.142191
0.139705
0.137284
0.134928
0.132634
0.130398
0.12822
0.126097
0.124027
0.122009
0.12004
0.118119
0.116245
0.114415
0.112629
0.110884
0.109181
0.107516
0.10589
0.1043
0.102746
0.101227
0.0997419
0.0982892
0.0968681
0.0954777
0.0941172
0.0927857
0.0914823
0.0902063
0.0889569
0.0877333
0.0865349
0.0853609
0.0842107
0.0830837
0.0819791
0.0808965
0.0798352
0.0787947
0.0777744
0.0767739
0.0757925
0.0748299
0.0738855
0.0729589
0.0720496
0.0711572
0.0702813
0.0694215
0.0685774
0.0677486
0.0669348
0.0661355
0.0653504
0.0645793
0.0638217
0.0630774
0.0623461
0.0616273
0.060921
0.0602267
0.0595442
0.0588733
0.0582136
0.057565
0.0569272
0.0562999
0.0556829
0.055076
0.0544789
0.0538916
0.0533136
0.0527449
0.0521853
0.0516345
0.0510925
0.0505588
0.0500336
0.0495164
0.0490073
0.0485059
0.0480122
0.047526
0.0470472
0.0465755
0.0461109
0.0456532
0.0452023
0.0447581
0.0443204
0.043889
0.043464
0.043045
0.0426321
0.0422251
0.041824
0.0414285
0.0410385
0.0406541
0.040275
0.0399013
0.0395327
0.0391692
0.0388106
0.038457
0.0381082
0.0377641
0.0374246
0.0370897
0.0367593
0.0364333
0.0361116
0.0357941
0.0354808
0.0351716
0.0348665
0.0345652
0.0342679
0.0339744
0.0336846
0.0333986
0.0331161
0.0328373
0.0325619
0.03229
0.0320215
0.0317563
0.0314944
0.0312357
0.0309802
0.0307278
0.0304785
0.0302322
0.0299889
0.0297485
0.029511
0.0292763
0.0290444
0.0288153
0.0285888
0.028365
0.0281439
0.0279253
0.0277092
0.0274957
0.0272846
0.0270759
0.0268696
0.0266656
0.026464
0.0262647
0.0260676
0.0258727
0.0256799
0.0254894
0.0253009
0.0251145
0.0249302
0.0247479
0.0245676
0.0243892
0.0242128
0.0240383
0.0238657
0.0236949
0.023526
0.0233588
0.0231935
0.0230298
0.0228679
0.0227077
0.0225492
0.0223924
0.0222371
0.0220835
0.0219315
0.021781
0.0216321
0.0214847
0.0213387
0.0211943
0.0210514
0.0209098
0.0207697
0.020631
0.0204937
0.0203578
0.0202232
0.0200899
0.019958
0.0198273
0.0196979
0.0195698
0.019443
0.0193173
0.0191929
0.0190697
0.0189476
0.0188267
0.018707
0.0185884
0.018471
0.0183546
0.0182393
0.0181252
0.0180121
0.0179
0.017789
0.017679
0.0175701
0.0174621
0.0173552
0.0172492
0.0171441
0.0170401
0.016937
0.0168348
0.0167335
0.0166332
0.0165337
0.0164352
0.0163375
0.0162407
0.0161447
0.0160496
0.0159553
0.0158619
0.0157693
0.0156774
0.0155864
0.0154962
0.0154068
0.0153181
0.0152302
0.015143
0.0150566
0.014971
0.014886
0.0148018
0.0147183
0.0146355
0.0145534
0.014472
0.0143912
0.0143112
0.0142318
0.014153
0.0140749
0.0139975
0.0139207
0.0138445
0.013769
0.013694
0.0136197
0.013546
0.0134729
0.0134003
0.0133284
0.013257
0.0131862
0.013116
0.0130463
0.0129772
0.0129086
0.0128406
0.0127731
0.0127061
0.0126397
0.0125738
0.0125084
0.0124435
0.0123791
0.0123152
0.0122518
0.0121889
0.0121265
0.0120645
0.012003
0.011942
0.0118815
0.0118214
0.0117618
0.0117026
0.0116439
0.0115856
0.0115277
0.0114703
0.0114133
0.0113567
0.0113006
0.0112448
0.0111895
0.0111346
0.0110801
0.011026
0.0109723
0.0109189
0.010866
0.0108134
0.0107613
0.0107095
0.010658
0.010607
0.0105563
0.010506
0.010456
0.0104064
0.0103571
0.0103082
0.0102596
0.0102114
0.0101635
0.010116
0.0100688
0.0100219
0.00997532
0.00992908
0.00988317
0.00983757
0.00979229
0.00974732
0.00970266
0.0096583
0.00961425
0.0095705
0.00952705
0.00948389
0.00944102
0.00939845
0.00935616
0.00931416
0.00927244
0.009231
0.00918983
0.00914894
0.00910833
0.00906798
0.0090279
0.00898809
0.00894853
0.00890924
0.00887021
0.00883143
0.00879291
0.00875464
0.00871662
0.00867884
0.00864131
0.00860402
0.00856698
0.00853017
0.0084936
0.00845726
0.00842116
0.00838529
0.00834964
0.00831423
0.00827903
0.00824406
0.00820931
0.00817479
0.00814047
0.00810638
0.0080725
0.00803882
0.00800536
0.00797211
0.00793907
0.00790623
0.00787359
0.00784116
0.00780892
0.00777688
0.00774505
0.0077134
0.00768195
0.00765069
0.00761962
0.00758874
0.00755805
0.00752754
0.00749722
0.00746708
0.00743712
0.00740734
0.00737774
0.00734832
0.00731907
0.00729
0.0072611
0.00723237
0.00720382
0.00717543
0.0071472
0.00711915
0.00709126
0.00706353
