0.366073
0.80667
1.39263
2.09572
2.88331
3.72061
4.57283
5.40726
6.1948
6.91119
7.53772
8.06142
8.47495
8.77607
8.96695
9.05335
9.04375
8.94846
8.77893
8.54698
8.26438
7.9423
7.59113
7.22022
6.83778
6.45087
6.06541
5.68623
5.31718
4.96121
4.62051
4.29658
3.99035
3.7023
3.43252
3.1808
2.9467
2.72959
2.52873
2.3433
2.17241
2.01516
1.87064
1.73796
1.61623
1.50463
1.40236
1.30865
1.2228
1.14415
1.07207
1.00601
0.94543
0.889848
0.838818
0.791933
0.748822
0.709144
0.672591
0.638879
0.607754
0.578982
0.552353
0.527676
0.504777
0.483499
0.463699
0.445249
0.428031
0.411941
0.396882
0.382766
0.369517
0.357062
0.345337
0.334283
0.323847
0.313981
0.304641
0.295786
0.287382
0.279394
0.271792
0.26455
0.257642
0.251045
0.244739
0.238703
0.232922
0.227378
0.222057
0.216946
0.212031
0.207302
0.202747
0.198358
0.194124
0.190038
0.186092
0.182278
0.17859
0.175022
0.171567
0.168221
0.164979
0.161835
0.158785
0.155826
0.152953
0.150162
0.14745
0.144814
0.142251
0.139758
0.137332
0.13497
0.132671
0.130431
0.12825
0.126123
0.124051
0.12203
0.120059
0.118136
0.116259
0.114428
0.11264
0.110895
0.10919
0.107524
0.105897
0.104307
0.102752
0.101232
0.0997465
0.0982932
0.0968717
0.0954809
0.09412
0.0927882
0.0914846
0.0902083
0.0889587
0.0877349
0.0865363
0.0853622
0.0842118
0.0830847
0.08198
0.0808973
0.0798359
0.0787953
0.077775
0.0767744
0.075793
0.0748303
0.0738858
0.0729592
0.0720499
0.0711575
0.0702816
0.0694217
0.0685776
0.0677488
0.0669349
0.0661356
0.0653505
0.0645794
0.0638218
0.0630775
0.0623461
0.0616274
0.060921
0.0602268
0.0595443
0.0588733
0.0582137
0.057565
0.0569272
0.0562999
0.0556829
0.055076
0.054479
0.0538916
0.0533136
0.052745
0.0521853
0.0516346
0.0510925
0.0505589
0.0500336
0.0495164
0.0490073
0.0485059
0.0480122
0.047526
0.0470472
0.0465755
0.0461109
0.0456532
0.0452023
0.0447581
0.0443204
0.043889
0.043464
0.043045
0.0426321
0.0422251
0.041824
0.0414285
0.0410385
0.0406541
0.040275
0.0399013
0.0395327
0.0391692
0.0388106
0.038457
0.0381082
0.0377641
0.0374246
0.0370897
0.0367593
0.0364333
0.0361116
0.0357941
0.0354808
0.0351716
0.0348665
0.0345652
0.0342679
0.0339744
0.0336846
0.0333986
0.0331161
0.0328373
0.0325619
0.03229
0.0320215
0.0317563
0.0314944
0.0312357
0.0309802
0.0307278
0.0304785
0.0302322
0.0299889
0.0297485
0.029511
0.0292763
0.0290444
0.0288153
0.0285888
0.028365
0.0281439
0.0279253
0.0277092
0.0274957
0.0272846
0.0270759
0.0268696
0.0266656
0.026464
0.0262647
0.0260676
0.0258727
0.0256799
0.0254894
0.0253009
0.0251145
0.0249302
0.0247479
0.0245676
0.0243892
0.0242128
0.0240383
0.0238657
0.0236949
0.023526
0.0233588
0.0231935
0.0230298
0.0228679
0.0227077
0.0225492
0.0223924
0.0222371
0.0220835
0.0219315
0.021781
0.0216321
0.0214847
0.0213387
0.0211943
0.0210514
0.0209098
0.0207697
0.020631
0.0204937
0.0203578
0.0202232
0.0200899
0.019958
0.0198273
0.0196979
0.0195698
0.019443
0.0193173
0.0191929
0.0190697
0.0189476
0.0188267
0.018707
0.0185884
0.018471
0.0183546
0.0182393
0.0181252
0.0180121
0.0179
0.017789
0.017679
0.0175701
0.0174621
0.0173552
0.0172492
0.0171441
0.0170401
0.016937
0.0168348
0.0167335
0.0166332
0.0165337
0.0164352
0.0163375
0.0162407
0.0161447
0.0160496
0.0159553
0.0158619
0.0157693
0.0156774
0.0155864
0.0154962
0.0154068
0.0153181
0.0152302
0.015143
0.0150566
0.014971
0.014886
0.0148018
0.0147183
0.0146355
0.0145534
0.014472
0.0143912
0.0143112
0.0142318
0.014153
0.0140749
0.0139975
0.0139207
0.0138445
0.013769
0.013694
0.0136197
0.013546
0.0134729
0.0134003
0.0133284
0.013257
0.0131862
0.013116
0.0130463
0.0129772
0.0129086
0.0128406
0.0127731
0.0127061
0.0126397
0.0125738
0.0125084
0.0124435
0.0123791
0.0123152
0.0122518
0.0121889
0.0121265
0.0120645
0.012003
0.011942
0.0118815
0.0118214
0.0117618
0.0117026
0.0116439
0.0115856
0.0115277
0.0114703
0.0114133
0.0113567
0.0113006
0.0112448
0.0111895
0.0111346
0.0110801
0.011026
0.0109723
0.0109189
0.010866
0.0108134
0.0107613
0.0107095
0.010658
0.010607
0.0105563
0.010506
0.010456
0.0104064
0.0103571
0.0103082
0.0102596
0.0102114
0.0101635
0.010116
0.0100688
0.0100219
0.00997532
0.00992908
0.00988317
0.00983757
0.00979229
0.00974732
0.00970266
0.0096583
0.00961425
0.0095705
0.00952705
0.00948389
0.00944102
0.00939845
0.00935616
0.00931416
0.00927244
0.009231
0.00918983
0.00914894
0.00910833
0.00906798
0.0090279
0.00898809
0.00894853
0.00890924
0.00887021
0.00883143
0.00879291
0.00875464
0.00871662
0.00867884
0.00864131
0.00860402
0.00856698
0.00853017
0.0084936
0.00845726
0.00842116
0.00838529
0.00834964
0.00831423
0.00827903
0.00824406
0.00820931
0.00817479
0.00814047
0.00810638
0.0080725
0.00803882
0.00800536
0.00797211
0.00793907
0.00790623
0.00787359
0.00784116
0.00780892
0.00777688
0.00774505
0.0077134
0.00768195
0.00765069
0.00761962
0.00758874
0.00755805
0.00752754
0.00749722
0.00746708
0.00743712
0.00740734
0.00737774
0.00734832
0.00731907
0.00729
0.0072611
0.00723237
0.00720382
0.00717543
0.0071472
0.00711915
0.00709126
0.00706353
