0.322174
0.711194
1.23084
1.85808
2.56601
3.32559
4.10732
4.88287
5.62642
6.31569
6.93267
7.46397
7.9008
8.2388
8.47753
8.61992
8.6716
8.64022
8.53483
8.36525
8.1416
7.87387
7.57161
7.24368
6.89813
6.54205
6.18163
5.82206
5.46767
5.12194
4.78759
4.46668
4.16066
3.8705
3.59675
3.33959
3.09894
2.8745
2.66578
2.47217
2.29298
2.12746
1.97481
1.83422
1.70491
1.58606
1.47693
1.37677
1.28489
1.20061
1.12333
1.05245
0.987442
0.927794
0.873044
0.822765
0.776562
0.734074
0.694972
0.658954
0.625744
0.59509
0.566766
0.540562
0.51629
0.493779
0.472874
0.453432
0.435327
0.418442
0.402672
0.387921
0.374105
0.361144
0.348967
0.337511
0.326716
0.316531
0.306906
0.297798
0.289168
0.28098
0.273201
0.2658
0.258751
0.252029
0.245612
0.239478
0.233609
0.227988
0.222598
0.217425
0.212456
0.207679
0.203081
0.198654
0.194386
0.190271
0.186298
0.182461
0.178752
0.175165
0.171695
0.168334
0.165079
0.161924
0.158864
0.155896
0.153014
0.150216
0.147498
0.144857
0.142289
0.139791
0.137361
0.134997
0.132694
0.130452
0.128268
0.12614
0.124065
0.122043
0.12007
0.118146
0.116268
0.114436
0.112647
0.110901
0.109195
0.107529
0.105901
0.10431
0.102756
0.101236
0.0997492
0.0982956
0.0968738
0.0954828
0.0941217
0.0927897
0.0914859
0.0902095
0.0889597
0.0877358
0.0865371
0.0853629
0.0842125
0.0830852
0.0819805
0.0808977
0.0798363
0.0787957
0.0777753
0.0767747
0.0757932
0.0748305
0.073886
0.0729594
0.07205
0.0711576
0.0702817
0.0694218
0.0685777
0.0677489
0.066935
0.0661357
0.0653506
0.0645794
0.0638219
0.0630775
0.0623462
0.0616274
0.0609211
0.0602268
0.0595443
0.0588734
0.0582137
0.0575651
0.0569272
0.0562999
0.0556829
0.055076
0.054479
0.0538916
0.0533136
0.052745
0.0521853
0.0516346
0.0510925
0.0505589
0.0500336
0.0495164
0.0490073
0.0485059
0.0480122
0.047526
0.0470472
0.0465755
0.0461109
0.0456532
0.0452023
0.0447581
0.0443204
0.043889
0.043464
0.043045
0.0426321
0.0422251
0.041824
0.0414285
0.0410385
0.0406541
0.040275
0.0399013
0.0395327
0.0391692
0.0388106
0.038457
0.0381082
0.0377641
0.0374246
0.0370897
0.0367593
0.0364333
0.0361116
0.0357941
0.0354808
0.0351716
0.0348665
0.0345652
0.0342679
0.0339744
0.0336846
0.0333986
0.0331161
0.0328373
0.0325619
0.03229
0.0320215
0.0317563
0.0314944
0.0312357
0.0309802
0.0307278
0.0304785
0.0302322
0.0299889
0.0297485
0.029511
0.0292763
0.0290444
0.0288153
0.0285888
0.028365
0.0281439
0.0279253
0.0277092
0.0274957
0.0272846
0.0270759
0.0268696
0.0266656
0.026464
0.0262647
0.0260676
0.0258727
0.0256799
0.0254894
0.0253009
0.0251145
0.0249302
0.0247479
0.0245676
0.0243892
0.0242128
0.0240383
0.0238657
0.0236949
0.023526
0.0233588
0.0231935
0.0230298
0.0228679
0.0227077
0.0225492
0.0223924
0.0222371
0.0220835
0.0219315
0.021781
0.0216321
0.0214847
0.0213387
0.0211943
0.0210514
0.0209098
0.0207697
0.020631
0.0204937
0.0203578
0.0202232
0.0200899
0.019958
0.0198273
0.0196979
0.0195698
0.019443
0.0193173
0.0191929
0.0190697
0.0189476
0.0188267
0.018707
0.0185884
0.018471
0.0183546
0.0182393
0.0181252
0.0180121
0.0179
0.017789
0.017679
0.0175701
0.0174621
0.0173552
0.0172492
0.0171441
0.0170401
0.016937
0.0168348
0.0167335
0.0166332
0.0165337
0.0164352
0.0163375
0.0162407
0.0161447
0.0160496
0.0159553
0.0158619
0.0157693
0.0156774
0.0155864
0.0154962
0.0154068
0.0153181
0.0152302
0.015143
0.0150566
0.014971
0.014886
0.0148018
0.0147183
0.0146355
0.0145534
0.014472
0.0143912
0.0143112
0.0142318
0.014153
0.0140749
0.0139975
0.0139207
0.0138445
0.013769
0.013694
0.0136197
0.013546
0.0134729
0.0134003
0.0133284
0.013257
0.0131862
0.013116
0.0130463
0.0129772
0.0129086
0.0128406
0.0127731
0.0127061
0.0126397
0.0125738
0.0125084
0.0124435
0.0123791
0.0123152
0.0122518
0.0121889
0.0121265
0.0120645
0.012003
0.011942
0.0118815
0.0118214
0.0117618
0.0117026
0.0116439
0.0115856
0.0115277
0.0114703
0.0114133
0.0113567
0.0113006
0.0112448
0.0111895
0.0111346
0.0110801
0.011026
0.0109723
0.0109189
0.010866
0.0108134
0.0107613
0.0107095
0.010658
0.010607
0.0105563
0.010506
0.010456
0.0104064
0.0103571
0.0103082
0.0102596
0.0102114
0.0101635
0.010116
0.0100688
0.0100219
0.00997532
0.00992908
0.00988317
0.00983757
0.00979229
0.00974732
0.00970266
0.0096583
0.00961425
0.0095705
0.00952705
0.00948389
0.00944102
0.00939845
0.00935616
0.00931416
0.00927244
0.009231
0.00918983
0.00914894
0.00910833
0.00906798
0.0090279
0.00898809
0.00894853
0.00890924
0.00887021
0.00883143
0.00879291
0.00875464
0.00871662
0.00867884
0.00864131
0.00860402
0.00856698
0.00853017
0.0084936
0.00845726
0.00842116
0.00838529
0.00834964
0.00831423
0.00827903
0.00824406
0.00820931
0.00817479
0.00814047
0.00810638
0.0080725
0.00803882
0.00800536
0.00797211
0.00793907
0.00790623
0.00787359
0.00784116
0.00780892
0.00777688
0.00774505
0.0077134
0.00768195
0.00765069
0.00761962
0.00758874
0.00755805
0.00752754
0.00749722
0.00746708
0.00743712
0.00740734
0.00737774
0.00734832
0.00731907
0.00729
0.0072611
0.00723237
0.00720382
0.00717543
0.0071472
0.00711915
0.00709126
0.00706353
