0.145757
0.324078
0.566552
0.866339
1.21515
1.60357
2.02149
2.4584
2.90384
3.3477
3.78055
4.19388
4.58026
4.93354
5.24882
5.52256
5.75246
5.93744
6.0775
6.17358
6.22744
6.24149
6.21866
6.16221
6.07568
5.96268
5.82686
5.67181
5.50096
5.31756
5.12462
4.92492
4.72094
4.51491
4.30878
4.10422
3.90267
3.70533
3.51316
3.32696
3.14733
2.9747
2.8094
2.65159
2.50138
2.35874
2.22361
2.09586
1.97529
1.86168
1.75479
1.65434
1.56006
1.47163
1.38878
1.3112
1.23859
1.17067
1.10715
1.04777
0.992269
0.94039
0.891899
0.846571
0.804193
0.764563
0.727492
0.692803
0.66033
0.629917
0.601419
0.574701
0.549638
0.526113
0.504016
0.483247
0.463712
0.445326
0.428007
0.411681
0.39628
0.381739
0.368
0.355009
0.342714
0.33107
0.320033
0.309563
0.299623
0.290179
0.281199
0.272654
0.264517
0.256763
0.249367
0.242309
0.235567
0.229124
0.222962
0.217065
0.211417
0.206005
0.200816
0.195836
0.191056
0.186463
0.182049
0.177803
0.173718
0.169785
0.165996
0.162344
0.158823
0.155426
0.152147
0.14898
0.145921
0.142964
0.140105
0.137339
0.134662
0.13207
0.129559
0.127127
0.124769
0.122482
0.120264
0.118111
0.116021
0.113992
0.11202
0.110104
0.108242
0.106431
0.10467
0.102956
0.101287
0.099663
0.0980812
0.0965402
0.0950386
0.093575
0.0921479
0.0907563
0.0893987
0.088074
0.0867811
0.085519
0.0842865
0.0830828
0.0819068
0.0807576
0.0796345
0.0785365
0.0774628
0.0764128
0.0753855
0.0743805
0.0733969
0.0724341
0.0714915
0.0705685
0.0696646
0.068779
0.0679114
0.0670612
0.0662279
0.0654111
0.0646102
0.0638248
0.0630545
0.0622989
0.0615576
0.0608303
0.0601164
0.0594157
0.0587279
0.0580525
0.0573893
0.056738
0.0560983
0.0554698
0.0548523
0.0542456
0.0536493
0.0530632
0.0524871
0.0519207
0.0513637
0.0508161
0.0502774
0.0497477
0.0492265
0.0487138
0.0482094
0.047713
0.0472244
0.0467436
0.0462703
0.0458044
0.0453457
0.044894
0.0444493
0.0440113
0.0435799
0.0431549
0.0427364
0.042324
0.0419177
0.0415174
0.0411229
0.0407341
0.0403509
0.0399732
0.0396009
0.0392338
0.038872
0.0385152
0.0381634
0.0378164
0.0374743
0.0371368
0.036804
0.0364756
0.0361518
0.0358322
0.035517
0.0352059
0.034899
0.0345961
0.0342971
0.0340021
0.0337109
0.0334235
0.0331398
0.0328597
0.0325832
0.0323102
0.0320406
0.0317744
0.0315116
0.031252
0.0309957
0.0307425
0.0304924
0.0302454
0.0300014
0.0297604
0.0295223
0.029287
0.0290546
0.0288249
0.028598
0.0283737
0.0281521
0.0279331
0.0277166
0.0275027
0.0272912
0.0270822
0.0268756
0.0266713
0.0264694
0.0262698
0.0260724
0.0258773
0.0256843
0.0254935
0.0253048
0.0251183
0.0249337
0.0247513
0.0245708
0.0243923
0.0242157
0.024041
0.0238683
0.0236974
0.0235283
0.023361
0.0231955
0.0230318
0.0228698
0.0227095
0.0225509
0.022394
0.0222386
0.0220849
0.0219328
0.0217823
0.0216333
0.0214858
0.0213399
0.0211954
0.0210524
0.0209108
0.0207706
0.0206319
0.0204945
0.0203586
0.0202239
0.0200906
0.0199586
0.0198279
0.0196985
0.0195704
0.0194435
0.0193178
0.0191934
0.0190701
0.018948
0.0188271
0.0187074
0.0185888
0.0184713
0.0183549
0.0182397
0.0181255
0.0180124
0.0179003
0.0177893
0.0176793
0.0175703
0.0174623
0.0173554
0.0172494
0.0171443
0.0170403
0.0169371
0.0168349
0.0167337
0.0166333
0.0165339
0.0164353
0.0163376
0.0162408
0.0161448
0.0160497
0.0159554
0.015862
0.0157694
0.0156775
0.0155865
0.0154963
0.0154068
0.0153182
0.0152302
0.0151431
0.0150567
0.014971
0.0148861
0.0148018
0.0147183
0.0146355
0.0145534
0.014472
0.0143913
0.0143112
0.0142318
0.0141531
0.014075
0.0139975
0.0139207
0.0138445
0.013769
0.0136941
0.0136197
0.013546
0.0134729
0.0134004
0.0133284
0.013257
0.0131862
0.013116
0.0130463
0.0129772
0.0129086
0.0128406
0.0127731
0.0127062
0.0126397
0.0125738
0.0125084
0.0124435
0.0123791
0.0123152
0.0122518
0.0121889
0.0121265
0.0120645
0.0120031
0.011942
0.0118815
0.0118214
0.0117618
0.0117026
0.0116439
0.0115856
0.0115277
0.0114703
0.0114133
0.0113567
0.0113006
0.0112449
0.0111895
0.0111346
0.0110801
0.011026
0.0109723
0.0109189
0.010866
0.0108134
0.0107613
0.0107095
0.010658
0.010607
0.0105563
0.010506
0.010456
0.0104064
0.0103571
0.0103082
0.0102596
0.0102114
0.0101635
0.010116
0.0100688
0.0100219
0.00997532
0.00992908
0.00988317
0.00983757
0.00979229
0.00974732
0.00970266
0.0096583
0.00961425
0.0095705
0.00952705
0.00948389
0.00944102
0.00939845
0.00935616
0.00931416
0.00927244
0.009231
0.00918983
0.00914894
0.00910833
0.00906798
0.0090279
0.00898809
0.00894853
0.00890924
0.00887021
0.00883143
0.00879291
0.00875464
0.00871662
0.00867884
0.00864131
0.00860402
0.00856698
0.00853017
0.0084936
0.00845726
0.00842116
0.00838529
0.00834964
0.00831423
0.00827903
0.00824406
0.00820931
0.00817479
0.00814047
0.00810638
0.0080725
0.00803882
0.00800536
0.00797211
0.00793907
0.00790623
0.00787359
0.00784116
0.00780892
0.00777689
0.00774505
0.0077134
0.00768195
0.00765069
0.00761962
0.00758874
0.00755805
0.00752754
0.00749722
0.00746708
0.00743712
0.00740734
0.00737774
0.00734832
0.00731907
0.00729
0.0072611
0.00723237
0.00720382
0.00717543
0.0071472
0.00711915
0.00709126
0.00706353
