0.21867
0.484722
0.843793
1.28328
1.78813
2.34164
2.92621
3.52419
4.11855
4.69361
5.23545
5.73235
6.17497
6.55648
6.87244
7.12074
7.30131
7.41589
7.46768
7.46107
7.40127
7.29407
7.14555
6.96187
6.74908
6.51298
6.259
5.99214
5.71688
5.43721
5.15661
4.87804
4.60398
4.33647
4.07714
3.82726
3.58775
3.35927
3.14223
2.93681
2.74306
2.56085
2.38994
2.23002
2.0807
1.94153
1.81203
1.69171
1.58007
1.47657
1.38073
1.29204
1.21003
1.13422
1.06417
0.999465
0.939705
0.884513
0.833536
0.786445
0.742933
0.702713
0.66552
0.63111
0.599255
0.569747
0.542392
0.517014
0.493449
0.471548
0.451174
0.432202
0.414516
0.398011
0.38259
0.368167
0.35466
0.341996
0.330107
0.318933
0.308417
0.298508
0.28916
0.280328
0.271976
0.264066
0.256566
0.249446
0.242679
0.23624
0.230106
0.224256
0.21867
0.213331
0.208223
0.203331
0.198641
0.194141
0.189819
0.185663
0.181665
0.177815
0.174105
0.170527
0.167074
0.163738
0.160515
0.157397
0.154381
0.15146
0.148629
0.145886
0.143225
0.140643
0.138137
0.135702
0.133336
0.131037
0.1288
0.126624
0.124506
0.122444
0.120435
0.118478
0.116571
0.114712
0.112898
0.111129
0.109403
0.107718
0.106074
0.104468
0.102899
0.101366
0.0998678
0.0984037
0.0969722
0.0955725
0.0942034
0.0928641
0.0915537
0.0902712
0.089016
0.0877871
0.0865838
0.0854055
0.0842513
0.0831206
0.0820127
0.0809271
0.0798631
0.0788201
0.0777975
0.0767949
0.0758117
0.0748473
0.0739014
0.0729734
0.0720628
0.0711692
0.0702923
0.0694315
0.0685865
0.0677569
0.0669423
0.0661424
0.0653567
0.064585
0.0638269
0.0630822
0.0623504
0.0616313
0.0609246
0.06023
0.0595472
0.058876
0.0582161
0.0575673
0.0569292
0.0563017
0.0556846
0.0550775
0.0544804
0.0538929
0.0533148
0.052746
0.0521863
0.0516354
0.0510933
0.0505596
0.0500342
0.049517
0.0490078
0.0485064
0.0480127
0.0475264
0.0470475
0.0465759
0.0461112
0.0456535
0.0452026
0.0447583
0.0443206
0.0438892
0.0434641
0.0430452
0.0426323
0.0422253
0.0418241
0.0414286
0.0410386
0.0406542
0.0402751
0.0399014
0.0395327
0.0391692
0.0388107
0.0384571
0.0381082
0.0377641
0.0374247
0.0370898
0.0367594
0.0364333
0.0361116
0.0357942
0.0354809
0.0351717
0.0348665
0.0345653
0.0342679
0.0339744
0.0336847
0.0333986
0.0331161
0.0328373
0.0325619
0.03229
0.0320215
0.0317563
0.0314944
0.0312357
0.0309802
0.0307278
0.0304785
0.0302322
0.0299889
0.0297485
0.029511
0.0292763
0.0290444
0.0288153
0.0285888
0.028365
0.0281439
0.0279253
0.0277092
0.0274957
0.0272846
0.0270759
0.0268696
0.0266656
0.026464
0.0262647
0.0260676
0.0258727
0.0256799
0.0254894
0.0253009
0.0251145
0.0249302
0.0247479
0.0245676
0.0243892
0.0242128
0.0240383
0.0238657
0.0236949
0.023526
0.0233588
0.0231935
0.0230298
0.0228679
0.0227077
0.0225492
0.0223924
0.0222371
0.0220835
0.0219315
0.021781
0.0216321
0.0214847
0.0213387
0.0211943
0.0210514
0.0209098
0.0207697
0.020631
0.0204937
0.0203578
0.0202232
0.0200899
0.019958
0.0198273
0.0196979
0.0195698
0.019443
0.0193173
0.0191929
0.0190697
0.0189476
0.0188267
0.018707
0.0185884
0.018471
0.0183546
0.0182393
0.0181252
0.0180121
0.0179
0.017789
0.017679
0.0175701
0.0174621
0.0173552
0.0172492
0.0171441
0.0170401
0.016937
0.0168348
0.0167335
0.0166332
0.0165337
0.0164352
0.0163375
0.0162407
0.0161447
0.0160496
0.0159553
0.0158619
0.0157693
0.0156774
0.0155864
0.0154962
0.0154068
0.0153181
0.0152302
0.015143
0.0150566
0.014971
0.014886
0.0148018
0.0147183
0.0146355
0.0145534
0.014472
0.0143912
0.0143112
0.0142318
0.014153
0.0140749
0.0139975
0.0139207
0.0138445
0.013769
0.013694
0.0136197
0.013546
0.0134729
0.0134003
0.0133284
0.013257
0.0131862
0.013116
0.0130463
0.0129772
0.0129086
0.0128406
0.0127731
0.0127061
0.0126397
0.0125738
0.0125084
0.0124435
0.0123791
0.0123152
0.0122518
0.0121889
0.0121265
0.0120645
0.012003
0.011942
0.0118815
0.0118214
0.0117618
0.0117026
0.0116439
0.0115856
0.0115277
0.0114703
0.0114133
0.0113567
0.0113006
0.0112448
0.0111895
0.0111346
0.0110801
0.011026
0.0109723
0.0109189
0.010866
0.0108134
0.0107613
0.0107095
0.010658
0.010607
0.0105563
0.010506
0.010456
0.0104064
0.0103571
0.0103082
0.0102596
0.0102114
0.0101635
0.010116
0.0100688
0.0100219
0.00997532
0.00992908
0.00988317
0.00983757
0.00979229
0.00974732
0.00970266
0.0096583
0.00961425
0.0095705
0.00952705
0.00948389
0.00944102
0.00939845
0.00935616
0.00931416
0.00927244
0.009231
0.00918983
0.00914894
0.00910833
0.00906798
0.0090279
0.00898809
0.00894853
0.00890924
0.00887021
0.00883143
0.00879291
0.00875464
0.00871662
0.00867884
0.00864131
0.00860402
0.00856698
0.00853017
0.0084936
0.00845726
0.00842116
0.00838529
0.00834964
0.00831423
0.00827903
0.00824406
0.00820931
0.00817479
0.00814047
0.00810638
0.0080725
0.00803882
0.00800536
0.00797211
0.00793907
0.00790623
0.00787359
0.00784116
0.00780892
0.00777688
0.00774505
0.0077134
0.00768195
0.00765069
0.00761962
0.00758874
0.00755805
0.00752754
0.00749722
0.00746708
0.00743712
0.00740734
0.00737774
0.00734832
0.00731907
0.00729
0.0072611
0.00723237
0.00720382
0.00717543
0.0071472
0.00711915
0.00709126
0.00706353
