0.24757
0.548145
0.952641
1.4458
2.00953
2.62386
3.26801
3.92135
4.56429
5.17908
5.75036
6.26557
6.71512
7.09247
7.39393
7.61849
7.76745
7.84404
7.85305
7.80038
7.69271
7.53714
7.34092
7.11115
6.85468
6.57789
6.28664
5.98617
5.68111
5.37547
5.07262
4.77538
4.48603
4.20635
3.93772
3.68109
3.43713
3.20621
2.98847
2.78384
2.59212
2.41297
2.24598
2.09063
1.94639
1.81268
1.6889
1.57445
1.46875
1.3712
1.28125
1.19834
1.12195
1.0516
0.986815
0.927155
0.872213
0.821606
0.774979
0.732001
0.692368
0.655799
0.622035
0.590838
0.561988
0.535286
0.510548
0.487607
0.466309
0.446514
0.428094
0.410933
0.394926
0.379974
0.36599
0.352894
0.340613
0.329081
0.318236
0.308024
0.298395
0.289303
0.280707
0.272568
0.264852
0.257528
0.250567
0.243942
0.237631
0.23161
0.225859
0.220362
0.2151
0.210059
0.205223
0.200582
0.196121
0.191832
0.187702
0.183724
0.179889
0.176188
0.172614
0.169161
0.165823
0.162593
0.159466
0.156436
0.153501
0.150654
0.147892
0.14521
0.142607
0.140077
0.137618
0.135227
0.132902
0.130639
0.128436
0.12629
0.124201
0.122164
0.120179
0.118244
0.116357
0.114516
0.112719
0.110965
0.109253
0.107581
0.105948
0.104352
0.102793
0.101269
0.0997796
0.0983229
0.0968984
0.0955049
0.0941416
0.0928075
0.0915019
0.0902239
0.0889726
0.0877475
0.0865476
0.0853723
0.0842209
0.0830928
0.0819873
0.0809039
0.0798418
0.0788006
0.0777798
0.0767787
0.0757968
0.0748337
0.0738889
0.072962
0.0720524
0.0711597
0.0702836
0.0694235
0.0685792
0.0677502
0.0669362
0.0661368
0.0653516
0.0645803
0.0638227
0.0630783
0.0623468
0.061628
0.0609216
0.0602273
0.0595447
0.0588737
0.058214
0.0575654
0.0569275
0.0563002
0.0556831
0.0550762
0.0544791
0.0538917
0.0533138
0.0527451
0.0521855
0.0516347
0.0510926
0.0505589
0.0500336
0.0495165
0.0490073
0.048506
0.0480123
0.0475261
0.0470472
0.0465755
0.046111
0.0456533
0.0452024
0.0447581
0.0443204
0.043889
0.043464
0.043045
0.0426321
0.0422252
0.041824
0.0414285
0.0410386
0.0406541
0.0402751
0.0399013
0.0395327
0.0391692
0.0388106
0.038457
0.0381082
0.0377641
0.0374246
0.0370898
0.0367593
0.0364333
0.0361116
0.0357941
0.0354808
0.0351716
0.0348665
0.0345652
0.0342679
0.0339744
0.0336846
0.0333986
0.0331161
0.0328373
0.0325619
0.03229
0.0320215
0.0317563
0.0314944
0.0312357
0.0309802
0.0307278
0.0304785
0.0302322
0.0299889
0.0297485
0.029511
0.0292763
0.0290444
0.0288153
0.0285888
0.028365
0.0281439
0.0279253
0.0277092
0.0274957
0.0272846
0.0270759
0.0268696
0.0266656
0.026464
0.0262647
0.0260676
0.0258727
0.0256799
0.0254894
0.0253009
0.0251145
0.0249302
0.0247479
0.0245676
0.0243892
0.0242128
0.0240383
0.0238657
0.0236949
0.023526
0.0233588
0.0231935
0.0230298
0.0228679
0.0227077
0.0225492
0.0223924
0.0222371
0.0220835
0.0219315
0.021781
0.0216321
0.0214847
0.0213387
0.0211943
0.0210514
0.0209098
0.0207697
0.020631
0.0204937
0.0203578
0.0202232
0.0200899
0.019958
0.0198273
0.0196979
0.0195698
0.019443
0.0193173
0.0191929
0.0190697
0.0189476
0.0188267
0.018707
0.0185884
0.018471
0.0183546
0.0182393
0.0181252
0.0180121
0.0179
0.017789
0.017679
0.0175701
0.0174621
0.0173552
0.0172492
0.0171441
0.0170401
0.016937
0.0168348
0.0167335
0.0166332
0.0165337
0.0164352
0.0163375
0.0162407
0.0161447
0.0160496
0.0159553
0.0158619
0.0157693
0.0156774
0.0155864
0.0154962
0.0154068
0.0153181
0.0152302
0.015143
0.0150566
0.014971
0.014886
0.0148018
0.0147183
0.0146355
0.0145534
0.014472
0.0143912
0.0143112
0.0142318
0.014153
0.0140749
0.0139975
0.0139207
0.0138445
0.013769
0.013694
0.0136197
0.013546
0.0134729
0.0134003
0.0133284
0.013257
0.0131862
0.013116
0.0130463
0.0129772
0.0129086
0.0128406
0.0127731
0.0127061
0.0126397
0.0125738
0.0125084
0.0124435
0.0123791
0.0123152
0.0122518
0.0121889
0.0121265
0.0120645
0.012003
0.011942
0.0118815
0.0118214
0.0117618
0.0117026
0.0116439
0.0115856
0.0115277
0.0114703
0.0114133
0.0113567
0.0113006
0.0112448
0.0111895
0.0111346
0.0110801
0.011026
0.0109723
0.0109189
0.010866
0.0108134
0.0107613
0.0107095
0.010658
0.010607
0.0105563
0.010506
0.010456
0.0104064
0.0103571
0.0103082
0.0102596
0.0102114
0.0101635
0.010116
0.0100688
0.0100219
0.00997532
0.00992908
0.00988317
0.00983757
0.00979229
0.00974732
0.00970266
0.0096583
0.00961425
0.0095705
0.00952705
0.00948389
0.00944102
0.00939845
0.00935616
0.00931416
0.00927244
0.009231
0.00918983
0.00914894
0.00910833
0.00906798
0.0090279
0.00898809
0.00894853
0.00890924
0.00887021
0.00883143
0.00879291
0.00875464
0.00871662
0.00867884
0.00864131
0.00860402
0.00856698
0.00853017
0.0084936
0.00845726
0.00842116
0.00838529
0.00834964
0.00831423
0.00827903
0.00824406
0.00820931
0.00817479
0.00814047
0.00810638
0.0080725
0.00803882
0.00800536
0.00797211
0.00793907
0.00790623
0.00787359
0.00784116
0.00780892
0.00777688
0.00774505
0.0077134
0.00768195
0.00765069
0.00761962
0.00758874
0.00755805
0.00752754
0.00749722
0.00746708
0.00743712
0.00740734
0.00737774
0.00734832
0.00731907
0.00729
0.0072611
0.00723237
0.00720382
0.00717543
0.0071472
0.00711915
0.00709126
0.00706353
