0.202921
0.4501
0.784228
1.19406
1.66612
2.18539
2.73597
3.3018
3.86728
4.41787
4.94055
5.42417
5.85966
6.24013
6.56091
6.81937
7.01483
7.14828
7.22213
7.23993
7.20613
7.12576
7.00424
6.84716
6.66007
6.44838
6.21722
5.97136
5.71517
5.45255
5.18696
4.9214
4.65844
4.40019
4.14843
3.90453
3.66959
3.44439
3.22948
3.0252
2.83171
2.64902
2.47701
2.31545
2.16406
2.02248
1.89031
1.76711
1.65244
1.54583
1.44682
1.35495
1.26977
1.19084
1.11773
1.05005
0.987393
0.92941
0.875749
0.826087
0.780119
0.73756
0.698146
0.661629
0.627781
0.59639
0.567261
0.540212
0.515076
0.4917
0.469943
0.449674
0.430774
0.413134
0.396653
0.381239
0.366808
0.353282
0.340589
0.328666
0.317453
0.306895
0.296942
0.287549
0.278674
0.270278
0.262327
0.254788
0.247631
0.240831
0.234361
0.228199
0.222324
0.216717
0.211361
0.206238
0.201334
0.196635
0.192128
0.187802
0.183646
0.17965
0.175804
0.1721
0.16853
0.165086
0.161763
0.158552
0.15545
0.152449
0.149545
0.146734
0.14401
0.141369
0.138809
0.136324
0.133911
0.131569
0.129292
0.127079
0.124927
0.122833
0.120796
0.118812
0.116879
0.114997
0.113162
0.111373
0.109629
0.107927
0.106267
0.104646
0.103064
0.101518
0.100009
0.098534
0.0970927
0.0956838
0.0943064
0.0929593
0.0916416
0.0903526
0.0890911
0.0878566
0.086648
0.0854648
0.0843061
0.0831713
0.0820596
0.0809704
0.0799031
0.078857
0.0778317
0.0768265
0.0758408
0.0748743
0.0739263
0.0729963
0.072084
0.0711888
0.0703104
0.0694482
0.068602
0.0677712
0.0669555
0.0661545
0.0653679
0.0645954
0.0638365
0.063091
0.0623586
0.0616388
0.0609316
0.0602364
0.0595532
0.0588815
0.0582212
0.057572
0.0569335
0.0563057
0.0556883
0.0550809
0.0544835
0.0538958
0.0533175
0.0527485
0.0521886
0.0516375
0.0510952
0.0505614
0.0500359
0.0495186
0.0490092
0.0485077
0.0480139
0.0475275
0.0470486
0.0465768
0.0461121
0.0456543
0.0452034
0.044759
0.0443212
0.0438898
0.0434647
0.0430457
0.0426327
0.0422257
0.0418245
0.0414289
0.041039
0.0406545
0.0402754
0.0399016
0.039533
0.0391694
0.0388109
0.0384572
0.0381084
0.0377643
0.0374248
0.0370899
0.0367595
0.0364335
0.0361117
0.0357943
0.035481
0.0351717
0.0348666
0.0345653
0.034268
0.0339745
0.0336847
0.0333986
0.0331162
0.0328373
0.0325619
0.03229
0.0320215
0.0317563
0.0314944
0.0312357
0.0309802
0.0307278
0.0304785
0.0302322
0.0299889
0.0297485
0.029511
0.0292763
0.0290444
0.0288153
0.0285888
0.028365
0.0281439
0.0279253
0.0277092
0.0274957
0.0272846
0.0270759
0.0268696
0.0266657
0.026464
0.0262647
0.0260676
0.0258727
0.0256799
0.0254894
0.0253009
0.0251145
0.0249302
0.0247479
0.0245676
0.0243892
0.0242128
0.0240383
0.0238657
0.0236949
0.023526
0.0233588
0.0231935
0.0230298
0.0228679
0.0227077
0.0225492
0.0223924
0.0222371
0.0220835
0.0219315
0.021781
0.0216321
0.0214847
0.0213387
0.0211943
0.0210514
0.0209098
0.0207697
0.020631
0.0204937
0.0203578
0.0202232
0.0200899
0.019958
0.0198273
0.0196979
0.0195698
0.019443
0.0193173
0.0191929
0.0190697
0.0189476
0.0188267
0.018707
0.0185884
0.018471
0.0183546
0.0182394
0.0181252
0.0180121
0.0179
0.017789
0.017679
0.0175701
0.0174621
0.0173552
0.0172492
0.0171441
0.0170401
0.016937
0.0168348
0.0167335
0.0166332
0.0165337
0.0164352
0.0163375
0.0162407
0.0161447
0.0160496
0.0159553
0.0158619
0.0157693
0.0156774
0.0155864
0.0154962
0.0154068
0.0153181
0.0152302
0.015143
0.0150566
0.014971
0.014886
0.0148018
0.0147183
0.0146355
0.0145534
0.014472
0.0143912
0.0143112
0.0142318
0.014153
0.0140749
0.0139975
0.0139207
0.0138445
0.013769
0.013694
0.0136197
0.013546
0.0134729
0.0134003
0.0133284
0.013257
0.0131862
0.013116
0.0130463
0.0129772
0.0129086
0.0128406
0.0127731
0.0127061
0.0126397
0.0125738
0.0125084
0.0124435
0.0123791
0.0123152
0.0122518
0.0121889
0.0121265
0.0120645
0.012003
0.011942
0.0118815
0.0118214
0.0117618
0.0117026
0.0116439
0.0115856
0.0115277
0.0114703
0.0114133
0.0113567
0.0113006
0.0112448
0.0111895
0.0111346
0.0110801
0.011026
0.0109723
0.0109189
0.010866
0.0108134
0.0107613
0.0107095
0.010658
0.010607
0.0105563
0.010506
0.010456
0.0104064
0.0103571
0.0103082
0.0102596
0.0102114
0.0101635
0.010116
0.0100688
0.0100219
0.00997532
0.00992908
0.00988317
0.00983757
0.00979229
0.00974732
0.00970266
0.0096583
0.00961425
0.0095705
0.00952705
0.00948389
0.00944102
0.00939845
0.00935616
0.00931416
0.00927244
0.009231
0.00918983
0.00914894
0.00910833
0.00906798
0.0090279
0.00898809
0.00894853
0.00890924
0.00887021
0.00883143
0.00879291
0.00875464
0.00871662
0.00867884
0.00864131
0.00860402
0.00856698
0.00853017
0.0084936
0.00845726
0.00842116
0.00838529
0.00834964
0.00831423
0.00827903
0.00824406
0.00820931
0.00817479
0.00814047
0.00810638
0.0080725
0.00803882
0.00800536
0.00797211
0.00793907
0.00790623
0.00787359
0.00784116
0.00780892
0.00777688
0.00774505
0.0077134
0.00768195
0.00765069
0.00761962
0.00758874
0.00755805
0.00752754
0.00749722
0.00746708
0.00743712
0.00740734
0.00737774
0.00734832
0.00731907
0.00729
0.0072611
0.00723237
0.00720382
0.00717543
0.0071472
0.00711915
0.00709126
0.00706353
