0.0583658 0.0436341
0.116732 0.0871244
0.175097 0.130282
0.233463 0.172938
0.291829 0.214936
0.350195 0.256126
0.40856 0.296376
0.466926 0.335562
0.525292 0.37358
0.583658 0.410339
0.642023 0.445764
0.700389 0.479796
0.758755 0.512392
0.817121 0.543524
0.875486 0.573176
0.933852 0.601346
0.992218 0.628044
1.05058 0.65329
1.10895 0.677111
1.16732 0.699542
1.22568 0.720627
1.28405 0.740412
1.34241 0.758947
1.40078 0.776286
1.45914 0.792485
1.51751 0.807598
1.57588 0.821684
1.63424 0.834799
1.69261 0.846997
1.75097 0.858333
1.80934 0.868861
1.8677 0.878631
1.92607 0.887691
1.98444 0.89609
2.0428 0.903871
2.10117 0.911076
2.15953 0.917746
2.2179 0.923919
2.27626 0.929629
2.33463 0.934911
2.393 0.939795
2.45136 0.944311
2.50973 0.948486
2.56809 0.952344
2.62646 0.955911
2.68482 0.959207
2.74319 0.962254
2.80156 0.965069
2.85992 0.967672
2.91829 0.970077
2.97665 0.972299
3.03502 0.974354
3.09339 0.976253
3.15175 0.978009
3.21012 0.979632
3.26848 0.981133
3.32685 0.982521
3.38521 0.983804
3.44358 0.984992
3.50195 0.98609
3.56031 0.987106
3.61868 0.988046
3.67704 0.988916
3.73541 0.989721
3.79377 0.990466
3.85214 0.991156
3.91051 0.991795
3.96887 0.992387
4.02724 0.992935
4.0856 0.993443
4.14397 0.993913
4.20233 0.994349
4.2607 0.994753
4.31907 0.995128
4.37743 0.995475
4.4358 0.995796
4.49416 0.996095
4.55253 0.996372
4.61089 0.996628
4.66926 0.996867
4.72763 0.997088
4.78599 0.997293
4.84436 0.997483
4.90272 0.99766
4.96109 0.997824
5.01946 0.997976
5.07782 0.998118
5.13619 0.998249
5.19455 0.998371
5.25292 0.998484
5.31128 0.99859
5.36965 0.998687
5.42802 0.998778
5.48638 0.998863
5.54475 0.998941
5.60311 0.999014
5.66148 0.999082
5.71984 0.999146
5.77821 0.999204
5.83658 0.999259
5.89494 0.99931
5.95331 0.999357
6.01167 0.999401
6.07004 0.999442
6.1284 0.99948
6.18677 0.999515
6.24514 0.999548
6.3035 0.999579
6.36187 0.999608
6.42023 0.999634
6.4786 0.999659
6.53696 0.999682
6.59533 0.999704
6.6537 0.999724
6.71206 0.999742
6.77043 0.99976
6.82879 0.999776
6.88716 0.999791
6.94553 0.999805
7.00389 0.999818
7.06226 0.99983
7.12062 0.999842
7.17899 0.999852
7.23735 0.999862
7.29572 0.999871
7.35409 0.99988
7.41245 0.999888
7.47082 0.999895
7.52918 0.999902
7.58755 0.999909
7.64591 0.999915
7.70428 0.999921
7.76265 0.999926
7.82101 0.999931
7.87938 0.999935
7.93774 0.99994
7.99611 0.999944
8.05447 0.999947
8.11284 0.999951
8.17121 0.999954
8.22957 0.999957
8.28794 0.99996
8.3463 0.999963
8.40467 0.999965
8.46304 0.999967
8.5214 0.99997
8.57977 0.999972
8.63813 0.999973
8.6965 0.999975
8.75486 0.999977
8.81323 0.999978
8.8716 0.99998
8.92996 0.999981
8.98833 0.999982
9.04669 0.999983
9.10506 0.999985
9.16342 0.999986
9.22179 0.999986
9.28016 0.999987
9.33852 0.999988
9.39689 0.999989
9.45525 0.99999
9.51362 0.99999
9.57198 0.999991
9.63035 0.999992
9.68872 0.999992
9.74708 0.999993
9.80545 0.999993
9.86381 0.999994
9.92218 0.999994
9.98054 0.999994
10.0389 0.999995
10.0973 0.999995
10.1556 0.999995
10.214 0.999996
10.2724 0.999996
10.3307 0.999996
10.3891 0.999996
10.4475 0.999997
10.5058 0.999997
10.5642 0.999997
10.6226 0.999997
10.6809 0.999997
10.7393 0.999998
10.7977 0.999998
10.856 0.999998
10.9144 0.999998
10.9728 0.999998
11.0311 0.999998
11.0895 0.999998
11.1479 0.999999
11.2062 0.999999
11.2646 0.999999
11.323 0.999999
11.3813 0.999999
11.4397 0.999999
11.4981 0.999999
11.5564 0.999999
11.6148 0.999999
11.6732 0.999999
11.7315 0.999999
11.7899 0.999999
11.8482 0.999999
11.9066 0.999999
11.965 0.999999
12.0233 0.999999
12.0817 0.999999
12.1401 1
12.1984 1
12.2568 1
12.3152 1
12.3735 1
12.4319 1
12.4903 1
12.5486 1
12.607 1
12.6654 1
12.7237 1
12.7821 1
12.8405 1
12.8988 1
12.9572 1
13.0156 1
13.0739 1
13.1323 1
13.1907 1
13.249 1
13.3074 1
13.3658 1
13.4241 1
13.4825 1
13.5409 1
13.5992 1
13.6576 1
13.716 1
13.7743 1
13.8327 1
13.8911 1
13.9494 1
14.0078 1
14.0661 1
14.1245 1
14.1829 1
14.2412 1
14.2996 1
14.358 1
14.4163 1
14.4747 1
14.5331 1
14.5914 1
14.6498 1
14.7082 1
14.7665 1
14.8249 1
14.8833 1
14.9416 1
15 1
15.0584 1
15.1167 1
15.1751 1
15.2335 1
15.2918 1
15.3502 1
15.4086 1
15.4669 1
15.5253 1
15.5837 1
15.642 1
15.7004 1
15.7588 1
15.8171 1
15.8755 1
15.9339 1
15.9922 1
16.0506 1
16.1089 1
16.1673 1
16.2257 1
16.284 1
16.3424 1
16.4008 1
16.4591 1
16.5175 1
16.5759 1
16.6342 1
16.6926 1
16.751 1
16.8093 1
16.8677 1
16.9261 1
16.9844 1
17.0428 1
17.1012 1
17.1595 1
17.2179 1
17.2763 1
17.3346 1
17.393 1
17.4514 1
17.5097 1
17.5681 1
17.6265 1
17.6848 1
17.7432 1
17.8016 1
17.8599 1
17.9183 1
17.9767 1
18.035 1
18.0934 1
18.1518 1
18.2101 1
18.2685 1
18.3268 1
18.3852 1
18.4436 1
18.5019 1
18.5603 1
18.6187 1
18.677 1
18.7354 1
18.7938 1
18.8521 1
18.9105 1
18.9689 1
19.0272 1
19.0856 1
19.144 1
19.2023 1
19.2607 1
19.3191 1
19.3774 1
19.4358 1
19.4942 1
19.5525 1
19.6109 1
19.6693 1
19.7276 1
19.786 1
19.8444 1
19.9027 1
19.9611 1
20.0195 1
20.0778 1
20.1362 1
20.1946 1
20.2529 1
20.3113 1
20.3696 1
20.428 1
20.4864 1
20.5447 1
20.6031 1
20.6615 1
20.7198 1
20.7782 1
20.8366 1
20.8949 1
20.9533 1
21.0117 1
21.07 1
21.1284 1
21.1868 1
21.2451 1
21.3035 1
21.3619 1
21.4202 1
21.4786 1
21.537 1
21.5953 1
21.6537 1
21.7121 1
21.7704 1
21.8288 1
21.8872 1
21.9455 1
22.0039 1
22.0623 1
22.1206 1
22.179 1
22.2374 1
22.2957 1
22.3541 1
22.4125 1
22.4708 1
22.5292 1
22.5875 1
22.6459 1
22.7043 1
22.7626 1
22.821 1
22.8794 1
22.9377 1
22.9961 1
23.0545 1
23.1128 1
23.1712 1
23.2296 1
23.2879 1
23.3463 1
23.4047 1
23.463 1
23.5214 1
23.5798 1
23.6381 1
23.6965 1
23.7549 1
23.8132 1
23.8716 1
23.93 1
23.9883 1
24.0467 1
24.1051 1
24.1634 1
24.2218 1
24.2802 1
24.3385 1
24.3969 1
24.4553 1
24.5136 1
24.572 1
24.6304 1
24.6887 1
24.7471 1
24.8054 1
24.8638 1
24.9222 1
24.9805 1
25.0389 1
25.0973 1
25.1556 1
25.214 1
25.2724 1
25.3307 1
25.3891 1
25.4475 1
25.5058 1
25.5642 1
25.6226 1
25.6809 1
25.7393 1
25.7977 1
25.856 1
25.9144 1
25.9728 1
26.0311 1
26.0895 1
26.1479 1
26.2062 1
26.2646 1
26.323 1
26.3813 1
26.4397 1
26.4981 1
26.5564 1
26.6148 1
26.6732 1
26.7315 1
26.7899 1
26.8482 1
26.9066 1
26.965 1
27.0233 1
27.0817 1
27.1401 1
27.1984 1
27.2568 1
27.3152 1
27.3735 1
27.4319 1
27.4903 1
27.5486 1
27.607 1
27.6654 1
27.7237 1
27.7821 1
27.8405 1
27.8988 1
27.9572 1
28.0156 1
28.0739 1
28.1323 1
28.1907 1
28.249 1
28.3074 1
28.3658 1
28.4241 1
28.4825 1
28.5409 1
28.5992 1
28.6576 1
28.716 1
28.7743 1
28.8327 1
28.8911 1
28.9494 1
29.0078 1
29.0661 1
29.1245 1
29.1829 1
29.2412 1
29.2996 1
29.358 1
29.4163 1
29.4747 1
29.5331 1
29.5914 1
29.6498 1
29.7082 1
29.7665 1
29.8249 1
29.8833 1
29.9416 1
