0.527799
1.15529
1.97606
2.93909
3.98773
5.06455
6.11583
7.09504
7.9652
8.7
9.28377
9.71065
9.98314
10.1103
10.1057
9.98626
9.76991
9.47498
9.11902
8.71821
8.28696
7.8377
7.3809
6.92512
6.47713
6.04216
5.62406
5.22552
4.84828
4.49329
4.16091
3.851
3.56305
3.29632
3.04985
2.82258
2.61337
2.42107
2.24451
2.08253
1.93405
1.79799
1.67335
1.5592
1.45465
1.35888
1.27114
1.19071
1.11696
1.0493
0.987177
0.930107
0.877634
0.829346
0.784869
0.743862
0.706015
0.671047
0.638701
0.608745
0.58097
0.555184
0.531215
0.508904
0.48811
0.468704
0.450567
0.433595
0.41769
0.402765
0.38874
0.375543
0.363109
0.351377
0.340293
0.329808
0.319877
0.310458
0.301515
0.293012
0.28492
0.277209
0.269853
0.262829
0.256114
0.249689
0.243535
0.237635
0.231973
0.226535
0.221309
0.216281
0.211441
0.206777
0.202281
0.197944
0.193756
0.189711
0.185801
0.18202
0.178361
0.174818
0.171386
0.16806
0.164836
0.161708
0.158672
0.155725
0.152863
0.150082
0.147379
0.144751
0.142195
0.139708
0.137287
0.134931
0.132636
0.1304
0.128222
0.126099
0.124029
0.12201
0.120041
0.11812
0.116246
0.114416
0.112629
0.110885
0.109181
0.107517
0.10589
0.104301
0.102747
0.101228
0.0997422
0.0982894
0.0968683
0.0954779
0.0941174
0.0927858
0.0914824
0.0902064
0.088957
0.0877334
0.086535
0.085361
0.0842108
0.0830837
0.0819792
0.0808965
0.0798352
0.0787947
0.0777745
0.0767739
0.0757925
0.0748299
0.0738855
0.0729589
0.0720496
0.0711572
0.0702813
0.0694215
0.0685774
0.0677486
0.0669348
0.0661355
0.0653504
0.0645793
0.0638217
0.0630774
0.0623461
0.0616273
0.060921
0.0602267
0.0595442
0.0588733
0.0582136
0.057565
0.0569272
0.0562999
0.0556829
0.055076
0.0544789
0.0538916
0.0533136
0.0527449
0.0521853
0.0516345
0.0510925
0.0505588
0.0500336
0.0495164
0.0490073
0.0485059
0.0480122
0.047526
0.0470472
0.0465755
0.0461109
0.0456532
0.0452023
0.0447581
0.0443204
0.043889
0.043464
0.043045
0.0426321
0.0422251
0.041824
0.0414285
0.0410385
0.0406541
0.040275
0.0399013
0.0395327
0.0391692
0.0388106
0.038457
0.0381082
0.0377641
0.0374246
0.0370897
0.0367593
0.0364333
0.0361116
0.0357941
0.0354808
0.0351716
0.0348665
0.0345652
0.0342679
0.0339744
0.0336846
0.0333986
0.0331161
0.0328373
0.0325619
0.03229
0.0320215
0.0317563
0.0314944
0.0312357
0.0309802
0.0307278
0.0304785
0.0302322
0.0299889
0.0297485
0.029511
0.0292763
0.0290444
0.0288153
0.0285888
0.028365
0.0281439
0.0279253
0.0277092
0.0274957
0.0272846
0.0270759
0.0268696
0.0266656
0.026464
0.0262647
0.0260676
0.0258727
0.0256799
0.0254894
0.0253009
0.0251145
0.0249302
0.0247479
0.0245676
0.0243892
0.0242128
0.0240383
0.0238657
0.0236949
0.023526
0.0233588
0.0231935
0.0230298
0.0228679
0.0227077
0.0225492
0.0223924
0.0222371
0.0220835
0.0219315
0.021781
0.0216321
0.0214847
0.0213387
0.0211943
0.0210514
0.0209098
0.0207697
0.020631
0.0204937
0.0203578
0.0202232
0.0200899
0.019958
0.0198273
0.0196979
0.0195698
0.019443
0.0193173
0.0191929
0.0190697
0.0189476
0.0188267
0.018707
0.0185884
0.018471
0.0183546
0.0182393
0.0181252
0.0180121
0.0179
0.017789
0.017679
0.0175701
0.0174621
0.0173552
0.0172492
0.0171441
0.0170401
0.016937
0.0168348
0.0167335
0.0166332
0.0165337
0.0164352
0.0163375
0.0162407
0.0161447
0.0160496
0.0159553
0.0158619
0.0157693
0.0156774
0.0155864
0.0154962
0.0154068
0.0153181
0.0152302
0.015143
0.0150566
0.014971
0.014886
0.0148018
0.0147183
0.0146355
0.0145534
0.014472
0.0143912
0.0143112
0.0142318
0.014153
0.0140749
0.0139975
0.0139207
0.0138445
0.013769
0.013694
0.0136197
0.013546
0.0134729
0.0134003
0.0133284
0.013257
0.0131862
0.013116
0.0130463
0.0129772
0.0129086
0.0128406
0.0127731
0.0127061
0.0126397
0.0125738
0.0125084
0.0124435
0.0123791
0.0123152
0.0122518
0.0121889
0.0121265
0.0120645
0.012003
0.011942
0.0118815
0.0118214
0.0117618
0.0117026
0.0116439
0.0115856
0.0115277
0.0114703
0.0114133
0.0113567
0.0113006
0.0112448
0.0111895
0.0111346
0.0110801
0.011026
0.0109723
0.0109189
0.010866
0.0108134
0.0107613
0.0107095
0.010658
0.010607
0.0105563
0.010506
0.010456
0.0104064
0.0103571
0.0103082
0.0102596
0.0102114
0.0101635
0.010116
0.0100688
0.0100219
0.00997532
0.00992908
0.00988317
0.00983757
0.00979229
0.00974732
0.00970266
0.0096583
0.00961425
0.0095705
0.00952705
0.00948389
0.00944102
0.00939845
0.00935616
0.00931416
0.00927244
0.009231
0.00918983
0.00914894
0.00910833
0.00906798
0.0090279
0.00898809
0.00894853
0.00890924
0.00887021
0.00883143
0.00879291
0.00875464
0.00871662
0.00867884
0.00864131
0.00860402
0.00856698
0.00853017
0.0084936
0.00845726
0.00842116
0.00838529
0.00834964
0.00831423
0.00827903
0.00824406
0.00820931
0.00817479
0.00814047
0.00810638
0.0080725
0.00803882
0.00800536
0.00797211
0.00793907
0.00790623
0.00787359
0.00784116
0.00780892
0.00777688
0.00774505
0.0077134
0.00768195
0.00765069
0.00761962
0.00758874
0.00755805
0.00752754
0.00749722
0.00746708
0.00743712
0.00740734
0.00737774
0.00734832
0.00731907
0.00729
0.0072611
0.00723237
0.00720382
0.00717543
0.0071472
0.00711915
0.00709126
0.00706353
