0.0646082
0.144226
0.253562
0.390545
0.552619
0.736805
0.93979
1.15801
1.38775
1.62522
1.86666
2.1084
2.34697
2.57911
2.80188
3.01268
3.20924
3.3897
3.55259
3.69679
3.82159
3.92659
4.01175
4.07728
4.12368
4.15166
4.16212
4.15608
4.13471
4.09925
4.05099
3.99124
3.92132
3.84253
3.75613
3.66335
3.56532
3.46313
3.35779
3.25022
3.14128
3.03172
2.92223
2.81342
2.70581
2.59986
2.49597
2.39446
2.29561
2.19962
2.10668
2.01691
1.9304
1.8472
1.76734
1.69081
1.6176
1.54764
1.4809
1.41729
1.35673
1.29913
1.24439
1.1924
1.14306
1.09625
1.05188
1.00982
0.969969
0.932219
0.896464
0.862601
0.830531
0.800157
0.771386
0.74413
0.718302
0.693822
0.670611
0.648595
0.627705
0.607875
0.58904
0.571142
0.554125
0.537936
0.522525
0.507846
0.493855
0.480511
0.467774
0.455609
0.443983
0.432862
0.422218
0.412023
0.40225
0.392876
0.383877
0.375233
0.366923
0.35893
0.351235
0.343822
0.336677
0.329786
0.323134
0.31671
0.310501
0.304498
0.29869
0.293067
0.287621
0.282343
0.277225
0.272261
0.267442
0.262763
0.258217
0.253799
0.249503
0.245325
0.241259
0.237301
0.233446
0.229691
0.226031
0.222464
0.218985
0.215592
0.212281
0.209049
0.205894
0.202812
0.199803
0.196862
0.193988
0.191179
0.188432
0.185745
0.183118
0.180547
0.178031
0.175568
0.173157
0.170797
0.168485
0.166221
0.164003
0.16183
0.1597
0.157612
0.155566
0.153559
0.151592
0.149663
0.14777
0.145914
0.144092
0.142305
0.14055
0.138829
0.137139
0.135479
0.13385
0.132251
0.130679
0.129136
0.12762
0.126131
0.124667
0.12323
0.121816
0.120427
0.119062
0.11772
0.116401
0.115103
0.113827
0.112573
0.111339
0.110125
0.108931
0.107756
0.1066
0.105463
0.104344
0.103242
0.102158
0.101091
0.100041
0.0990067
0.0979886
0.096986
0.0959988
0.0950266
0.0940691
0.0931259
0.0921969
0.0912818
0.0903802
0.0894919
0.0886166
0.0877541
0.0869042
0.0860665
0.0852409
0.0844271
0.0836249
0.0828341
0.0820545
0.0812858
0.0805278
0.0797805
0.0790434
0.0783166
0.0775997
0.0768926
0.0761952
0.0755072
0.0748284
0.0741588
0.0734982
0.0728463
0.072203
0.0715683
0.0709418
0.0703236
0.0697134
0.0691111
0.0685166
0.0679297
0.0673504
0.0667784
0.0662136
0.065656
0.0651055
0.0645618
0.0640249
0.0634946
0.062971
0.0624537
0.0619429
0.0614382
0.0609397
0.0604473
0.0599608
0.0594801
0.0590052
0.058536
0.0580724
0.0576142
0.0571614
0.056714
0.0562717
0.0558347
0.0554027
0.0549757
0.0545536
0.0541364
0.0537239
0.0533161
0.052913
0.0525144
0.0521203
0.0517306
0.0513452
0.0509642
0.0505874
0.0502147
0.0498462
0.0494816
0.0491211
0.0487645
0.0484118
0.0480629
0.0477177
0.0473763
0.0470385
0.0467043
0.0463736
0.0460465
0.0457227
0.0454024
0.0450855
0.0447719
0.0444615
0.0441543
0.0438503
0.0435495
0.0432517
0.042957
0.0426652
0.0423765
0.0420906
0.0418076
0.0415275
0.0412502
0.0409757
0.0407038
0.0404347
0.0401683
0.0399044
0.0396432
0.0393845
0.0391283
0.0388747
0.0386235
0.0383747
0.0381283
0.0378843
0.0376426
0.0374032
0.0371661
0.0369312
0.0366986
0.0364681
0.0362399
0.0360137
0.0357897
0.0355677
0.0353478
0.03513
0.0349141
0.0347002
0.0344883
0.0342784
0.0340703
0.0338641
0.0336598
0.0334573
0.0332567
0.0330578
0.0328608
0.0326655
0.0324719
0.03228
0.0320899
0.0319014
0.0317146
0.0315294
0.0313458
0.0311638
0.0309834
0.0308046
0.0306273
0.0304515
0.0302772
0.0301045
0.0299332
0.0297634
0.029595
0.029428
0.0292624
0.0290983
0.0289355
0.028774
0.028614
0.0284552
0.0282978
0.0281417
0.0279868
0.0278333
0.027681
0.0275299
0.0273801
0.0272315
0.0270841
0.0269379
0.0267929
0.026649
0.0265063
0.0263647
0.0262243
0.026085
0.0259468
0.0258097
0.0256737
0.0255387
0.0254049
0.025272
0.0251402
0.0250094
0.0248797
0.024751
0.0246232
0.0244964
0.0243707
0.0242458
0.024122
0.0239991
0.0238771
0.023756
0.0236359
0.0235167
0.0233984
0.0232809
0.0231644
0.0230487
0.0229339
0.0228199
0.0227068
0.0225945
0.0224831
0.0223725
0.0222627
0.0221537
0.0220455
0.0219381
0.0218314
0.0217256
0.0216205
0.0215162
0.0214126
0.0213098
0.0212077
0.0211064
0.0210057
0.0209058
0.0208066
0.0207081
0.0206103
0.0205132
0.0204168
0.0203211
0.020226
0.0201316
0.0200379
0.0199448
0.0198523
0.0197605
0.0196694
0.0195788
0.0194889
0.0193996
0.0193109
0.0192228
0.0191354
0.0190485
0.0189622
0.0188765
0.0187914
0.0187068
0.0186228
0.0185394
0.0184566
0.0183743
0.0182925
0.0182113
0.0181306
0.0180505
0.0179709
0.0178918
0.0178132
0.0177352
0.0176577
0.0175806
0.0175041
0.0174281
0.0173526
0.0172775
0.017203
0.0171289
0.0170553
0.0169822
0.0169095
0.0168374
0.0167656
0.0166944
0.0166236
0.0165532
0.0164833
0.0164138
0.0163448
0.0162761
0.016208
0.0161402
0.0160729
0.016006
0.0159395
0.0158735
0.0158078
0.0157425
0.0156777
0.0156132
0.0155492
0.0154855
0.0154222
0.0153594
0.0152969
0.0152347
0.015173
0.0151116
0.0150506
0.01499
0.0149298
0.0148699
0.0148103
0.0147511
0.0146923
0.0146338
0.0145757
0.0145179
0.0144605
0.0144034
0.0143466
0.0142902
0.0142341
0.0141783
0.0141229
