0.185941
0.412724
0.719808
1.09734
1.53349
2.01498
2.52768
3.05724
3.58959
4.11149
4.61092
5.07741
5.50228
5.87873
6.20188
6.46872
6.67794
6.82982
6.92596
6.96908
6.96278
6.9113
6.81932
6.69176
6.53362
6.34982
6.14511
5.92398
5.69058
5.44869
5.20171
4.95263
4.70403
4.45814
4.2168
3.98153
3.75355
3.53379
3.32295
3.12152
2.92978
2.74789
2.57585
2.41356
2.26084
2.11744
1.98303
1.85727
1.73978
1.63016
1.528
1.43289
1.34442
1.26218
1.18577
1.11483
1.04897
0.987858
0.931152
0.878539
0.829722
0.784422
0.742377
0.703342
0.66709
0.633407
0.602096
0.572975
0.545874
0.520637
0.497118
0.475185
0.454713
0.43559
0.417712
0.400981
0.38531
0.370618
0.35683
0.343876
0.331695
0.320229
0.309423
0.29923
0.289604
0.280505
0.271894
0.263737
0.256002
0.248659
0.241681
0.235043
0.228723
0.222699
0.216952
0.211464
0.206218
0.201199
0.196394
0.191788
0.18737
0.183129
0.179054
0.175136
0.171366
0.167735
0.164237
0.160863
0.157608
0.154464
0.151427
0.148491
0.14565
0.142901
0.140238
0.137658
0.135157
0.132731
0.130377
0.128092
0.125872
0.123716
0.121619
0.11958
0.117596
0.115666
0.113786
0.111955
0.110172
0.108434
0.106739
0.105087
0.103475
0.101902
0.100367
0.0988677
0.0974039
0.095974
0.0945769
0.0932116
0.0918769
0.0905719
0.0892956
0.0880472
0.0868258
0.0856305
0.0844606
0.0833152
0.0821938
0.0810955
0.0800196
0.0789657
0.0779329
0.0769208
0.0759288
0.0749562
0.0740026
0.0730675
0.0721503
0.0712506
0.0703679
0.0695019
0.0686519
0.0678177
0.0669988
0.0661949
0.0654056
0.0646304
0.0638692
0.0631214
0.0623869
0.0616652
0.0609561
0.0602593
0.0595745
0.0589013
0.0582397
0.0575892
0.0569496
0.0563206
0.0557022
0.0550939
0.0544955
0.053907
0.0533279
0.0527582
0.0521976
0.051646
0.051103
0.0505687
0.0500427
0.0495249
0.0490151
0.0485132
0.048019
0.0475323
0.047053
0.0465809
0.0461159
0.0456579
0.0452067
0.0447621
0.0443241
0.0438925
0.0434672
0.043048
0.0426349
0.0422277
0.0418263
0.0414307
0.0410406
0.040656
0.0402768
0.0399029
0.0395342
0.0391706
0.0388119
0.0384582
0.0381093
0.0377651
0.0374256
0.0370907
0.0367602
0.0364341
0.0361123
0.0357948
0.0354815
0.0351722
0.034867
0.0345657
0.0342684
0.0339748
0.033685
0.0333989
0.0331165
0.0328376
0.0325622
0.0322903
0.0320217
0.0317565
0.0314946
0.0312359
0.0309804
0.030728
0.0304786
0.0302323
0.029989
0.0297486
0.0295111
0.0292764
0.0290445
0.0288154
0.0285889
0.0283651
0.0281439
0.0279253
0.0277093
0.0274957
0.0272846
0.0270759
0.0268696
0.0266657
0.0264641
0.0262647
0.0260676
0.0258727
0.02568
0.0254894
0.0253009
0.0251146
0.0249302
0.0247479
0.0245676
0.0243893
0.0242128
0.0240383
0.0238657
0.0236949
0.023526
0.0233588
0.0231935
0.0230298
0.0228679
0.0227077
0.0225492
0.0223924
0.0222371
0.0220835
0.0219315
0.021781
0.0216321
0.0214847
0.0213388
0.0211943
0.0210514
0.0209098
0.0207697
0.020631
0.0204937
0.0203578
0.0202232
0.0200899
0.019958
0.0198273
0.0196979
0.0195698
0.019443
0.0193173
0.0191929
0.0190697
0.0189476
0.0188267
0.018707
0.0185884
0.018471
0.0183546
0.0182394
0.0181252
0.0180121
0.0179
0.017789
0.017679
0.0175701
0.0174621
0.0173552
0.0172492
0.0171441
0.0170401
0.016937
0.0168348
0.0167335
0.0166332
0.0165337
0.0164352
0.0163375
0.0162407
0.0161447
0.0160496
0.0159553
0.0158619
0.0157693
0.0156774
0.0155864
0.0154962
0.0154068
0.0153181
0.0152302
0.015143
0.0150566
0.014971
0.014886
0.0148018
0.0147183
0.0146355
0.0145534
0.014472
0.0143912
0.0143112
0.0142318
0.014153
0.0140749
0.0139975
0.0139207
0.0138445
0.013769
0.013694
0.0136197
0.013546
0.0134729
0.0134003
0.0133284
0.013257
0.0131862
0.013116
0.0130463
0.0129772
0.0129086
0.0128406
0.0127731
0.0127061
0.0126397
0.0125738
0.0125084
0.0124435
0.0123791
0.0123152
0.0122518
0.0121889
0.0121265
0.0120645
0.012003
0.011942
0.0118815
0.0118214
0.0117618
0.0117026
0.0116439
0.0115856
0.0115277
0.0114703
0.0114133
0.0113567
0.0113006
0.0112448
0.0111895
0.0111346
0.0110801
0.011026
0.0109723
0.0109189
0.010866
0.0108134
0.0107613
0.0107095
0.010658
0.010607
0.0105563
0.010506
0.010456
0.0104064
0.0103571
0.0103082
0.0102596
0.0102114
0.0101635
0.010116
0.0100688
0.0100219
0.00997532
0.00992908
0.00988317
0.00983757
0.00979229
0.00974732
0.00970266
0.0096583
0.00961425
0.0095705
0.00952705
0.00948389
0.00944102
0.00939845
0.00935616
0.00931416
0.00927244
0.009231
0.00918983
0.00914894
0.00910833
0.00906798
0.0090279
0.00898809
0.00894853
0.00890924
0.00887021
0.00883143
0.00879291
0.00875464
0.00871662
0.00867884
0.00864131
0.00860402
0.00856698
0.00853017
0.0084936
0.00845726
0.00842116
0.00838529
0.00834964
0.00831423
0.00827903
0.00824406
0.00820931
0.00817479
0.00814047
0.00810638
0.0080725
0.00803882
0.00800536
0.00797211
0.00793907
0.00790623
0.00787359
0.00784116
0.00780892
0.00777688
0.00774505
0.0077134
0.00768195
0.00765069
0.00761962
0.00758874
0.00755805
0.00752754
0.00749722
0.00746708
0.00743712
0.00740734
0.00737774
0.00734832
0.00731907
0.00729
0.0072611
0.00723237
0.00720382
0.00717543
0.0071472
0.00711915
0.00709126
0.00706353
