0.261051
0.577681
1.00321
1.52108
2.11169
2.75352
3.42425
4.10183
4.76553
5.39668
5.97931
6.50056
6.95085
7.32386
7.61637
7.82798
7.96068
8.01848
8.0069
7.93258
7.80287
7.62546
7.40807
7.15824
6.88309
6.58924
6.28266
5.96868
5.65194
5.33638
5.02531
4.72145
4.42694
4.14344
3.87216
3.61395
3.36932
3.1385
2.92151
2.71818
2.5282
2.35114
2.1865
2.0337
1.89214
1.76119
1.6402
1.52855
1.42561
1.33077
1.24344
1.16307
1.08912
1.02109
0.958512
0.900945
0.847977
0.799226
0.754339
0.712989
0.674875
0.63972
0.60727
0.577291
0.549569
0.52391
0.500136
0.478082
0.457602
0.438559
0.420831
0.404305
0.388879
0.374461
0.360966
0.348317
0.336445
0.325287
0.314783
0.304883
0.295539
0.286706
0.278346
0.270423
0.262904
0.255758
0.24896
0.242483
0.236306
0.230408
0.224769
0.219372
0.214202
0.209245
0.204485
0.199912
0.195515
0.191282
0.187204
0.183273
0.179479
0.175817
0.172278
0.168857
0.165547
0.162343
0.159239
0.156232
0.153315
0.150486
0.14774
0.145073
0.142482
0.139964
0.137516
0.135135
0.132818
0.130563
0.128367
0.126228
0.124145
0.122114
0.120134
0.118203
0.116319
0.114482
0.112688
0.110937
0.109228
0.107558
0.105927
0.104334
0.102776
0.101254
0.0997659
0.0983105
0.0968871
0.0954947
0.0941324
0.0927992
0.0914944
0.0902171
0.0889665
0.0877419
0.0865426
0.0853678
0.0842168
0.0830891
0.081984
0.0809009
0.0798391
0.0787982
0.0777775
0.0767766
0.075795
0.0748321
0.0738875
0.0729606
0.0720512
0.0711586
0.0702826
0.0694226
0.0685784
0.0677495
0.0669355
0.0661362
0.0653511
0.0645799
0.0638222
0.0630779
0.0623465
0.0616277
0.0609213
0.060227
0.0595445
0.0588735
0.0582139
0.0575652
0.0569273
0.0563
0.055683
0.0550761
0.054479
0.0538916
0.0533137
0.052745
0.0521854
0.0516346
0.0510925
0.0505589
0.0500336
0.0495165
0.0490073
0.0485059
0.0480122
0.047526
0.0470472
0.0465755
0.0461109
0.0456533
0.0452024
0.0447581
0.0443204
0.043889
0.043464
0.043045
0.0426321
0.0422251
0.041824
0.0414285
0.0410385
0.0406541
0.0402751
0.0399013
0.0395327
0.0391692
0.0388106
0.038457
0.0381082
0.0377641
0.0374246
0.0370897
0.0367593
0.0364333
0.0361116
0.0357941
0.0354808
0.0351716
0.0348665
0.0345652
0.0342679
0.0339744
0.0336846
0.0333986
0.0331161
0.0328373
0.0325619
0.03229
0.0320215
0.0317563
0.0314944
0.0312357
0.0309802
0.0307278
0.0304785
0.0302322
0.0299889
0.0297485
0.029511
0.0292763
0.0290444
0.0288153
0.0285888
0.028365
0.0281439
0.0279253
0.0277092
0.0274957
0.0272846
0.0270759
0.0268696
0.0266656
0.026464
0.0262647
0.0260676
0.0258727
0.0256799
0.0254894
0.0253009
0.0251145
0.0249302
0.0247479
0.0245676
0.0243892
0.0242128
0.0240383
0.0238657
0.0236949
0.023526
0.0233588
0.0231935
0.0230298
0.0228679
0.0227077
0.0225492
0.0223924
0.0222371
0.0220835
0.0219315
0.021781
0.0216321
0.0214847
0.0213387
0.0211943
0.0210514
0.0209098
0.0207697
0.020631
0.0204937
0.0203578
0.0202232
0.0200899
0.019958
0.0198273
0.0196979
0.0195698
0.019443
0.0193173
0.0191929
0.0190697
0.0189476
0.0188267
0.018707
0.0185884
0.018471
0.0183546
0.0182393
0.0181252
0.0180121
0.0179
0.017789
0.017679
0.0175701
0.0174621
0.0173552
0.0172492
0.0171441
0.0170401
0.016937
0.0168348
0.0167335
0.0166332
0.0165337
0.0164352
0.0163375
0.0162407
0.0161447
0.0160496
0.0159553
0.0158619
0.0157693
0.0156774
0.0155864
0.0154962
0.0154068
0.0153181
0.0152302
0.015143
0.0150566
0.014971
0.014886
0.0148018
0.0147183
0.0146355
0.0145534
0.014472
0.0143912
0.0143112
0.0142318
0.014153
0.0140749
0.0139975
0.0139207
0.0138445
0.013769
0.013694
0.0136197
0.013546
0.0134729
0.0134003
0.0133284
0.013257
0.0131862
0.013116
0.0130463
0.0129772
0.0129086
0.0128406
0.0127731
0.0127061
0.0126397
0.0125738
0.0125084
0.0124435
0.0123791
0.0123152
0.0122518
0.0121889
0.0121265
0.0120645
0.012003
0.011942
0.0118815
0.0118214
0.0117618
0.0117026
0.0116439
0.0115856
0.0115277
0.0114703
0.0114133
0.0113567
0.0113006
0.0112448
0.0111895
0.0111346
0.0110801
0.011026
0.0109723
0.0109189
0.010866
0.0108134
0.0107613
0.0107095
0.010658
0.010607
0.0105563
0.010506
0.010456
0.0104064
0.0103571
0.0103082
0.0102596
0.0102114
0.0101635
0.010116
0.0100688
0.0100219
0.00997532
0.00992908
0.00988317
0.00983757
0.00979229
0.00974732
0.00970266
0.0096583
0.00961425
0.0095705
0.00952705
0.00948389
0.00944102
0.00939845
0.00935616
0.00931416
0.00927244
0.009231
0.00918983
0.00914894
0.00910833
0.00906798
0.0090279
0.00898809
0.00894853
0.00890924
0.00887021
0.00883143
0.00879291
0.00875464
0.00871662
0.00867884
0.00864131
0.00860402
0.00856698
0.00853017
0.0084936
0.00845726
0.00842116
0.00838529
0.00834964
0.00831423
0.00827903
0.00824406
0.00820931
0.00817479
0.00814047
0.00810638
0.0080725
0.00803882
0.00800536
0.00797211
0.00793907
0.00790623
0.00787359
0.00784116
0.00780892
0.00777688
0.00774505
0.0077134
0.00768195
0.00765069
0.00761962
0.00758874
0.00755805
0.00752754
0.00749722
0.00746708
0.00743712
0.00740734
0.00737774
0.00734832
0.00731907
0.00729
0.0072611
0.00723237
0.00720382
0.00717543
0.0071472
0.00711915
0.00709126
0.00706353
