0.167221
0.371459
0.64855
0.990096
1.38596
1.82474
2.29419
2.7818
3.27518
3.76254
4.23304
4.67706
5.08645
5.45464
5.77666
6.04916
6.27032
6.4397
6.55809
6.62736
6.65021
6.63
6.57061
6.47619
6.35107
6.19959
6.02603
5.83449
5.62881
5.41259
5.18906
4.96116
4.73148
4.50224
4.27539
4.05254
3.83503
3.62392
3.42006
3.22409
3.03644
2.85742
2.68716
2.52571
2.373
2.2289
2.09319
1.96562
1.84591
1.73373
1.62873
1.53058
1.4389
1.35335
1.27357
1.19921
1.12994
1.06543
1.00537
0.949457
0.897413
0.848966
0.803865
0.76187
0.722758
0.686319
0.652359
0.620694
0.591155
0.563584
0.537836
0.513773
0.491272
0.470215
0.450495
0.432014
0.414678
0.398404
0.383114
0.368736
0.355203
0.342454
0.330433
0.319089
0.308373
0.29824
0.288652
0.279569
0.270957
0.262785
0.255023
0.247643
0.240621
0.233934
0.22756
0.221478
0.215672
0.210123
0.204817
0.199738
0.194873
0.190209
0.185735
0.18144
0.177313
0.173346
0.16953
0.165856
0.162317
0.158906
0.155616
0.152441
0.149376
0.146414
0.14355
0.140781
0.138101
0.135507
0.132994
0.130558
0.128197
0.125906
0.123683
0.121525
0.11943
0.117393
0.115414
0.113489
0.111617
0.109795
0.108021
0.106294
0.104612
0.102973
0.101376
0.0998179
0.0982987
0.0968166
0.0953704
0.0939586
0.0925803
0.0912341
0.089919
0.0886341
0.0873782
0.0861505
0.08495
0.0837759
0.0826273
0.0815035
0.0804037
0.079327
0.078273
0.0772408
0.0762298
0.0752395
0.0742691
0.0733182
0.0723862
0.0714725
0.0705767
0.0696982
0.0688366
0.0679914
0.0671622
0.0663486
0.0655501
0.0647664
0.063997
0.0632416
0.0624999
0.0617715
0.0610561
0.0603533
0.0596629
0.0589845
0.0583178
0.0576626
0.0570186
0.0563856
0.0557632
0.0551512
0.0545495
0.0539577
0.0533756
0.052803
0.0522397
0.0516855
0.0511402
0.0506036
0.0500755
0.0495558
0.0490441
0.0485405
0.0480446
0.0475564
0.0470756
0.0466022
0.0461359
0.0456767
0.0452243
0.0447787
0.0443397
0.0439071
0.0434809
0.0430609
0.042647
0.0422391
0.041837
0.0414407
0.04105
0.0406649
0.0402852
0.0399107
0.0395416
0.0391775
0.0388184
0.0384643
0.038115
0.0377705
0.0374307
0.0370954
0.0367646
0.0364383
0.0361163
0.0357985
0.0354849
0.0351755
0.0348701
0.0345686
0.0342711
0.0339774
0.0336874
0.0334012
0.0331186
0.0328396
0.032564
0.032292
0.0320233
0.031758
0.031496
0.0312372
0.0309816
0.0307292
0.0304798
0.0302334
0.02999
0.0297495
0.029512
0.0292772
0.0290453
0.0288161
0.0285896
0.0283657
0.0281445
0.0279259
0.0277098
0.0274962
0.0272851
0.0270764
0.02687
0.0266661
0.0264644
0.026265
0.0260679
0.025873
0.0256803
0.0254897
0.0253012
0.0251148
0.0249304
0.0247481
0.0245678
0.0243894
0.024213
0.0240385
0.0238659
0.0236951
0.0235261
0.023359
0.0231936
0.0230299
0.022868
0.0227078
0.0225493
0.0223924
0.0222372
0.0220836
0.0219315
0.0217811
0.0216321
0.0214847
0.0213388
0.0211944
0.0210514
0.0209099
0.0207698
0.0206311
0.0204938
0.0203578
0.0202232
0.02009
0.019958
0.0198273
0.019698
0.0195698
0.019443
0.0193173
0.0191929
0.0190697
0.0189476
0.0188267
0.018707
0.0185884
0.018471
0.0183546
0.0182394
0.0181252
0.0180121
0.0179
0.017789
0.017679
0.0175701
0.0174621
0.0173552
0.0172492
0.0171442
0.0170401
0.016937
0.0168348
0.0167335
0.0166332
0.0165337
0.0164352
0.0163375
0.0162407
0.0161447
0.0160496
0.0159553
0.0158619
0.0157693
0.0156775
0.0155864
0.0154962
0.0154068
0.0153181
0.0152302
0.015143
0.0150566
0.014971
0.014886
0.0148018
0.0147183
0.0146355
0.0145534
0.014472
0.0143912
0.0143112
0.0142318
0.014153
0.0140749
0.0139975
0.0139207
0.0138445
0.013769
0.013694
0.0136197
0.013546
0.0134729
0.0134003
0.0133284
0.013257
0.0131862
0.013116
0.0130463
0.0129772
0.0129086
0.0128406
0.0127731
0.0127061
0.0126397
0.0125738
0.0125084
0.0124435
0.0123791
0.0123152
0.0122518
0.0121889
0.0121265
0.0120645
0.012003
0.011942
0.0118815
0.0118214
0.0117618
0.0117026
0.0116439
0.0115856
0.0115277
0.0114703
0.0114133
0.0113567
0.0113006
0.0112448
0.0111895
0.0111346
0.0110801
0.011026
0.0109723
0.0109189
0.010866
0.0108134
0.0107613
0.0107095
0.010658
0.010607
0.0105563
0.010506
0.010456
0.0104064
0.0103571
0.0103082
0.0102596
0.0102114
0.0101635
0.010116
0.0100688
0.0100219
0.00997532
0.00992908
0.00988317
0.00983757
0.00979229
0.00974732
0.00970266
0.0096583
0.00961425
0.0095705
0.00952705
0.00948389
0.00944102
0.00939845
0.00935616
0.00931416
0.00927244
0.009231
0.00918983
0.00914894
0.00910833
0.00906798
0.0090279
0.00898809
0.00894853
0.00890924
0.00887021
0.00883143
0.00879291
0.00875464
0.00871662
0.00867884
0.00864131
0.00860402
0.00856698
0.00853017
0.0084936
0.00845726
0.00842116
0.00838529
0.00834964
0.00831423
0.00827903
0.00824406
0.00820931
0.00817479
0.00814047
0.00810638
0.0080725
0.00803882
0.00800536
0.00797211
0.00793907
0.00790623
0.00787359
0.00784116
0.00780892
0.00777688
0.00774505
0.0077134
0.00768195
0.00765069
0.00761962
0.00758874
0.00755805
0.00752754
0.00749722
0.00746708
0.00743712
0.00740734
0.00737774
0.00734832
0.00731907
0.00729
0.0072611
0.00723237
0.00720382
0.00717543
0.0071472
0.00711915
0.00709126
0.00706353
