0.118928
0.26474
0.463597
0.710433
0.999075
1.32247
1.67293
2.04244
2.42284
2.80616
3.18481
3.55176
3.90072
4.22625
4.52383
4.7899
5.02188
5.21809
5.37774
5.50083
5.58807
5.64075
5.66067
5.65002
5.61127
5.5471
5.46029
5.35366
5.23001
5.09206
4.94239
4.78346
4.61751
4.44664
4.2727
4.09737
3.92213
3.74824
3.5768
3.40873
3.24479
3.0856
2.93163
2.78326
2.64072
2.50421
2.37379
2.24949
2.13127
2.01905
1.9127
1.81206
1.71696
1.62718
1.54253
1.46277
1.38768
1.31703
1.2506
1.18814
1.12945
1.0743
1.02249
0.973821
0.928093
0.885124
0.844741
0.806778
0.771078
0.737492
0.705883
0.676119
0.648078
0.621645
0.596714
0.573184
0.550961
0.52996
0.510098
0.491301
0.473499
0.456626
0.440622
0.425432
0.411002
0.397285
0.384236
0.371812
0.359976
0.348691
0.337924
0.327645
0.317823
0.308433
0.29945
0.29085
0.282612
0.274716
0.267143
0.259875
0.252897
0.246194
0.23975
0.233553
0.22759
0.22185
0.216321
0.210994
0.205859
0.200906
0.196128
0.191517
0.187064
0.182762
0.178606
0.174589
0.170704
0.166946
0.16331
0.159791
0.156383
0.153083
0.149886
0.146787
0.143784
0.140871
0.138047
0.135307
0.132648
0.130067
0.127561
0.125128
0.122764
0.120468
0.118236
0.116067
0.113958
0.111907
0.109912
0.107971
0.106083
0.104245
0.102455
0.100713
0.0990162
0.0973635
0.0957532
0.0941841
0.0926548
0.0911639
0.0897103
0.0882927
0.08691
0.085561
0.0842448
0.0829602
0.0817064
0.0804822
0.0792869
0.0781195
0.0769792
0.0758652
0.0747766
0.0737128
0.0726729
0.0716562
0.0706622
0.06969
0.0687391
0.0678089
0.0668987
0.066008
0.0651363
0.0642829
0.0634474
0.0626292
0.061828
0.0610432
0.0602743
0.0595209
0.0587827
0.0580592
0.0573499
0.0566546
0.0559728
0.0553042
0.0546484
0.0540052
0.0533741
0.0527549
0.0521472
0.0515508
0.0509654
0.0503906
0.0498263
0.0492721
0.0487279
0.0481933
0.0476682
0.0471523
0.0466453
0.0461471
0.0456574
0.0451761
0.044703
0.0442377
0.0437803
0.0433304
0.042888
0.0424528
0.0420247
0.0416034
0.041189
0.0407811
0.0403797
0.0399847
0.0395957
0.0392129
0.0388359
0.0384647
0.0380992
0.0377392
0.0373846
0.0370353
0.0366912
0.0363522
0.0360182
0.035689
0.0353646
0.0350449
0.0347297
0.034419
0.0341128
0.0338108
0.0335131
0.0332195
0.0329299
0.0326444
0.0323627
0.0320848
0.0318107
0.0315403
0.0312735
0.0310103
0.0307505
0.0304941
0.0302411
0.0299914
0.0297449
0.0295015
0.0292613
0.0290241
0.02879
0.0285587
0.0283304
0.0281049
0.0278822
0.0276622
0.027445
0.0272304
0.0270184
0.0268089
0.026602
0.0263976
0.0261955
0.0259959
0.0257986
0.0256037
0.025411
0.0252206
0.0250323
0.0248462
0.0246623
0.0244805
0.0243007
0.0241229
0.0239472
0.0237734
0.0236016
0.0234316
0.0232636
0.0230974
0.022933
0.0227704
0.0226096
0.0224505
0.0222931
0.0221374
0.0219834
0.021831
0.0216802
0.021531
0.0213834
0.0212374
0.0210928
0.0209498
0.0208082
0.0206681
0.0205294
0.0203922
0.0202563
0.0201218
0.0199887
0.0198569
0.0197264
0.0195973
0.0194694
0.0193428
0.0192174
0.0190933
0.0189704
0.0188487
0.0187281
0.0186088
0.0184905
0.0183735
0.0182575
0.0181427
0.0180289
0.0179163
0.0178047
0.0176941
0.0175846
0.0174761
0.0173686
0.0172621
0.0171567
0.0170521
0.0169486
0.016846
0.0167443
0.0166435
0.0165437
0.0164448
0.0163467
0.0162496
0.0161533
0.0160579
0.0159633
0.0158696
0.0157767
0.0156846
0.0155933
0.0155028
0.0154131
0.0153242
0.0152361
0.0151487
0.0150621
0.0149762
0.0148911
0.0148067
0.014723
0.01464
0.0145578
0.0144762
0.0143953
0.0143151
0.0142355
0.0141567
0.0140784
0.0140009
0.0139239
0.0138477
0.013772
0.0136969
0.0136225
0.0135487
0.0134755
0.0134028
0.0133308
0.0132593
0.0131885
0.0131182
0.0130484
0.0129792
0.0129106
0.0128425
0.0127749
0.0127079
0.0126414
0.0125754
0.0125099
0.012445
0.0123805
0.0123166
0.0122531
0.0121902
0.0121277
0.0120657
0.0120042
0.0119431
0.0118826
0.0118224
0.0117628
0.0117036
0.0116448
0.0115865
0.0115286
0.0114711
0.0114141
0.0113575
0.0113013
0.0112456
0.0111902
0.0111353
0.0110807
0.0110266
0.0109728
0.0109195
0.0108665
0.010814
0.0107618
0.0107099
0.0106585
0.0106074
0.0105567
0.0105064
0.0104564
0.0104068
0.0103575
0.0103086
0.01026
0.0102117
0.0101638
0.0101163
0.0100691
0.0100222
0.0099756
0.00992935
0.00988343
0.00983782
0.00979253
0.00974755
0.00970288
0.00965852
0.00961446
0.0095707
0.00952724
0.00948407
0.0094412
0.00939862
0.00935633
0.00931432
0.00927259
0.00923114
0.00918998
0.00914908
0.00910846
0.00906811
0.00902802
0.0089882
0.00894865
0.00890935
0.00887032
0.00883154
0.00879301
0.00875473
0.00871671
0.00867893
0.0086414
0.00860411
0.00856706
0.00853025
0.00849367
0.00845733
0.00842123
0.00838535
0.00834971
0.00831429
0.00827909
0.00824412
0.00820937
0.00817484
0.00814053
0.00810643
0.00807254
0.00803887
0.00800541
0.00797216
0.00793911
0.00790627
0.00787363
0.0078412
0.00780896
0.00777692
0.00774508
0.00771344
0.00768198
0.00765072
0.00761965
0.00758877
0.00755808
0.00752757
0.00749725
0.00746711
0.00743715
0.00740737
0.00737777
0.00734835
0.0073191
0.00729003
0.00726113
0.0072324
0.00720384
0.00717545
0.00714723
0.00711917
0.00709128
0.00706355
