0.455398
0.999839
1.71735
2.56781
3.50579
4.48419
5.45755
6.38492
7.23194
7.97217
8.5875
9.06793
9.41082
9.61969
9.70297
9.67257
9.54262
9.32837
9.04524
8.70808
8.33074
7.92567
7.50374
7.07425
6.6449
6.22191
5.81017
5.41335
5.03412
4.67427
4.33485
4.01636
3.71883
3.44191
3.185
2.9473
2.7279
2.52576
2.33982
2.16903
2.01229
1.86859
1.73691
1.6163
1.50585
1.40472
1.31212
1.22731
1.14961
1.07839
1.01309
0.95317
0.898148
0.847585
0.801079
0.758264
0.718807
0.682406
0.648787
0.6177
0.58892
0.562242
0.53748
0.514466
0.493048
0.473088
0.45446
0.437052
0.42076
0.405492
0.391163
0.377695
0.365021
0.353076
0.341803
0.33115
0.32107
0.311519
0.302458
0.293851
0.285666
0.277873
0.270444
0.263354
0.256582
0.250105
0.243905
0.237964
0.232266
0.226796
0.221541
0.216488
0.211625
0.206941
0.202427
0.198074
0.193872
0.189814
0.185893
0.182101
0.178433
0.174883
0.171444
0.168112
0.164882
0.161749
0.158709
0.155758
0.152892
0.150108
0.147402
0.144771
0.142213
0.139724
0.137302
0.134944
0.132647
0.13041
0.128231
0.126107
0.124036
0.122017
0.120047
0.118125
0.11625
0.11442
0.112633
0.110888
0.109184
0.107519
0.105892
0.104303
0.102749
0.101229
0.0997436
0.0982907
0.0968694
0.0954789
0.0941183
0.0927866
0.0914831
0.090207
0.0889575
0.0877339
0.0865354
0.0853614
0.0842111
0.083084
0.0819795
0.0808968
0.0798355
0.0787949
0.0777746
0.0767741
0.0757927
0.07483
0.0738856
0.072959
0.0720497
0.0711573
0.0702814
0.0694216
0.0685775
0.0677487
0.0669348
0.0661355
0.0653505
0.0645793
0.0638218
0.0630774
0.0623461
0.0616274
0.060921
0.0602267
0.0595443
0.0588733
0.0582137
0.057565
0.0569272
0.0562999
0.0556829
0.055076
0.0544789
0.0538916
0.0533136
0.052745
0.0521853
0.0516346
0.0510925
0.0505589
0.0500336
0.0495164
0.0490073
0.0485059
0.0480122
0.047526
0.0470472
0.0465755
0.0461109
0.0456532
0.0452023
0.0447581
0.0443204
0.043889
0.043464
0.043045
0.0426321
0.0422251
0.041824
0.0414285
0.0410385
0.0406541
0.040275
0.0399013
0.0395327
0.0391692
0.0388106
0.038457
0.0381082
0.0377641
0.0374246
0.0370897
0.0367593
0.0364333
0.0361116
0.0357941
0.0354808
0.0351716
0.0348665
0.0345652
0.0342679
0.0339744
0.0336846
0.0333986
0.0331161
0.0328373
0.0325619
0.03229
0.0320215
0.0317563
0.0314944
0.0312357
0.0309802
0.0307278
0.0304785
0.0302322
0.0299889
0.0297485
0.029511
0.0292763
0.0290444
0.0288153
0.0285888
0.028365
0.0281439
0.0279253
0.0277092
0.0274957
0.0272846
0.0270759
0.0268696
0.0266656
0.026464
0.0262647
0.0260676
0.0258727
0.0256799
0.0254894
0.0253009
0.0251145
0.0249302
0.0247479
0.0245676
0.0243892
0.0242128
0.0240383
0.0238657
0.0236949
0.023526
0.0233588
0.0231935
0.0230298
0.0228679
0.0227077
0.0225492
0.0223924
0.0222371
0.0220835
0.0219315
0.021781
0.0216321
0.0214847
0.0213387
0.0211943
0.0210514
0.0209098
0.0207697
0.020631
0.0204937
0.0203578
0.0202232
0.0200899
0.019958
0.0198273
0.0196979
0.0195698
0.019443
0.0193173
0.0191929
0.0190697
0.0189476
0.0188267
0.018707
0.0185884
0.018471
0.0183546
0.0182393
0.0181252
0.0180121
0.0179
0.017789
0.017679
0.0175701
0.0174621
0.0173552
0.0172492
0.0171441
0.0170401
0.016937
0.0168348
0.0167335
0.0166332
0.0165337
0.0164352
0.0163375
0.0162407
0.0161447
0.0160496
0.0159553
0.0158619
0.0157693
0.0156774
0.0155864
0.0154962
0.0154068
0.0153181
0.0152302
0.015143
0.0150566
0.014971
0.014886
0.0148018
0.0147183
0.0146355
0.0145534
0.014472
0.0143912
0.0143112
0.0142318
0.014153
0.0140749
0.0139975
0.0139207
0.0138445
0.013769
0.013694
0.0136197
0.013546
0.0134729
0.0134003
0.0133284
0.013257
0.0131862
0.013116
0.0130463
0.0129772
0.0129086
0.0128406
0.0127731
0.0127061
0.0126397
0.0125738
0.0125084
0.0124435
0.0123791
0.0123152
0.0122518
0.0121889
0.0121265
0.0120645
0.012003
0.011942
0.0118815
0.0118214
0.0117618
0.0117026
0.0116439
0.0115856
0.0115277
0.0114703
0.0114133
0.0113567
0.0113006
0.0112448
0.0111895
0.0111346
0.0110801
0.011026
0.0109723
0.0109189
0.010866
0.0108134
0.0107613
0.0107095
0.010658
0.010607
0.0105563
0.010506
0.010456
0.0104064
0.0103571
0.0103082
0.0102596
0.0102114
0.0101635
0.010116
0.0100688
0.0100219
0.00997532
0.00992908
0.00988317
0.00983757
0.00979229
0.00974732
0.00970266
0.0096583
0.00961425
0.0095705
0.00952705
0.00948389
0.00944102
0.00939845
0.00935616
0.00931416
0.00927244
0.009231
0.00918983
0.00914894
0.00910833
0.00906798
0.0090279
0.00898809
0.00894853
0.00890924
0.00887021
0.00883143
0.00879291
0.00875464
0.00871662
0.00867884
0.00864131
0.00860402
0.00856698
0.00853017
0.0084936
0.00845726
0.00842116
0.00838529
0.00834964
0.00831423
0.00827903
0.00824406
0.00820931
0.00817479
0.00814047
0.00810638
0.0080725
0.00803882
0.00800536
0.00797211
0.00793907
0.00790623
0.00787359
0.00784116
0.00780892
0.00777688
0.00774505
0.0077134
0.00768195
0.00765069
0.00761962
0.00758874
0.00755805
0.00752754
0.00749722
0.00746708
0.00743712
0.00740734
0.00737774
0.00734832
0.00731907
0.00729
0.0072611
0.00723237
0.00720382
0.00717543
0.0071472
0.00711915
0.00709126
0.00706353
