0.0583658 0.0366789
0.116732 0.0732671
0.175097 0.109645
0.233463 0.145705
0.291829 0.181345
0.350195 0.216469
0.40856 0.250987
0.466926 0.284816
0.525292 0.31788
0.583658 0.350113
0.642023 0.381456
0.700389 0.411861
0.758755 0.441286
0.817121 0.469699
0.875486 0.497078
0.933852 0.523405
0.992218 0.548674
1.05058 0.572883
1.10895 0.596036
1.16732 0.618145
1.22568 0.639224
1.28405 0.659294
1.34241 0.678378
1.40078 0.696503
1.45914 0.713698
1.51751 0.729994
1.57588 0.745424
1.63424 0.760021
1.69261 0.773819
1.75097 0.786853
1.80934 0.799158
1.8677 0.810768
1.92607 0.821716
1.98444 0.832036
2.0428 0.84176
2.10117 0.850919
2.15953 0.859544
2.2179 0.867664
2.27626 0.875306
2.33463 0.882498
2.393 0.889265
2.45136 0.895632
2.50973 0.901622
2.56809 0.907257
2.62646 0.912558
2.68482 0.917545
2.74319 0.922237
2.80156 0.926651
2.85992 0.930803
2.91829 0.934711
2.97665 0.938388
3.03502 0.941849
3.09339 0.945106
3.15175 0.948172
3.21012 0.951059
3.26848 0.953778
3.32685 0.956338
3.38521 0.958749
3.44358 0.96102
3.50195 0.963161
3.56031 0.965178
3.61868 0.967079
3.67704 0.968871
3.73541 0.970561
3.79377 0.972155
3.85214 0.973658
3.91051 0.975076
3.96887 0.976414
4.02724 0.977676
4.0856 0.978868
4.14397 0.979993
4.20233 0.981056
4.2607 0.982059
4.31907 0.983007
4.37743 0.983902
4.4358 0.984748
4.49416 0.985548
4.55253 0.986303
4.61089 0.987018
4.66926 0.987694
4.72763 0.988332
4.78599 0.988937
4.84436 0.989508
4.90272 0.990049
4.96109 0.990561
5.01946 0.991046
5.07782 0.991504
5.13619 0.991938
5.19455 0.992349
5.25292 0.992739
5.31128 0.993108
5.36965 0.993457
5.42802 0.993788
5.48638 0.994101
5.54475 0.994399
5.60311 0.99468
5.66148 0.994947
5.71984 0.9952
5.77821 0.99544
5.83658 0.995668
5.89494 0.995884
5.95331 0.996088
6.01167 0.996283
6.07004 0.996467
6.1284 0.996642
6.18677 0.996808
6.24514 0.996965
6.3035 0.997115
6.36187 0.997256
6.42023 0.997391
6.4786 0.997519
6.53696 0.99764
6.59533 0.997756
6.6537 0.997865
6.71206 0.997969
6.77043 0.998068
6.82879 0.998162
6.88716 0.998251
6.94553 0.998336
7.00389 0.998416
7.06226 0.998493
7.12062 0.998566
7.17899 0.998635
7.23735 0.998701
7.29572 0.998763
7.35409 0.998822
7.41245 0.998879
7.47082 0.998933
7.52918 0.998984
7.58755 0.999032
7.64591 0.999078
7.70428 0.999122
7.76265 0.999164
7.82101 0.999204
7.87938 0.999242
7.93774 0.999278
7.99611 0.999312
8.05447 0.999345
8.11284 0.999376
8.17121 0.999405
8.22957 0.999433
8.28794 0.99946
8.3463 0.999485
8.40467 0.99951
8.46304 0.999533
8.5214 0.999555
8.57977 0.999576
8.63813 0.999595
8.6965 0.999614
8.75486 0.999632
8.81323 0.99965
8.8716 0.999666
8.92996 0.999682
8.98833 0.999696
9.04669 0.999711
9.10506 0.999724
9.16342 0.999737
9.22179 0.999749
9.28016 0.999761
9.33852 0.999772
9.39689 0.999783
9.45525 0.999793
9.51362 0.999802
9.57198 0.999811
9.63035 0.99982
9.68872 0.999828
9.74708 0.999836
9.80545 0.999844
9.86381 0.999851
9.92218 0.999858
9.98054 0.999864
10.0389 0.999871
10.0973 0.999877
10.1556 0.999882
10.214 0.999888
10.2724 0.999893
10.3307 0.999898
10.3891 0.999902
10.4475 0.999907
10.5058 0.999911
10.5642 0.999915
10.6226 0.999919
10.6809 0.999923
10.7393 0.999926
10.7977 0.99993
10.856 0.999933
10.9144 0.999936
10.9728 0.999939
11.0311 0.999942
11.0895 0.999944
11.1479 0.999947
11.2062 0.999949
11.2646 0.999952
11.323 0.999954
11.3813 0.999956
11.4397 0.999958
11.4981 0.99996
11.5564 0.999962
11.6148 0.999963
11.6732 0.999965
11.7315 0.999967
11.7899 0.999968
11.8482 0.99997
11.9066 0.999971
11.965 0.999972
12.0233 0.999973
12.0817 0.999975
12.1401 0.999976
12.1984 0.999977
12.2568 0.999978
12.3152 0.999979
12.3735 0.99998
12.4319 0.999981
12.4903 0.999982
12.5486 0.999982
12.607 0.999983
12.6654 0.999984
12.7237 0.999985
12.7821 0.999985
12.8405 0.999986
12.8988 0.999987
12.9572 0.999987
13.0156 0.999988
13.0739 0.999988
13.1323 0.999989
13.1907 0.999989
13.249 0.99999
13.3074 0.99999
13.3658 0.999991
13.4241 0.999991
13.4825 0.999992
13.5409 0.999992
13.5992 0.999992
13.6576 0.999993
13.716 0.999993
13.7743 0.999993
13.8327 0.999994
13.8911 0.999994
13.9494 0.999994
14.0078 0.999994
14.0661 0.999995
14.1245 0.999995
14.1829 0.999995
14.2412 0.999995
14.2996 0.999996
14.358 0.999996
14.4163 0.999996
14.4747 0.999996
14.5331 0.999996
14.5914 0.999996
14.6498 0.999997
14.7082 0.999997
14.7665 0.999997
14.8249 0.999997
14.8833 0.999997
14.9416 0.999997
15 0.999997
15.0584 0.999998
15.1167 0.999998
15.1751 0.999998
15.2335 0.999998
15.2918 0.999998
15.3502 0.999998
15.4086 0.999998
15.4669 0.999998
15.5253 0.999998
15.5837 0.999998
15.642 0.999998
15.7004 0.999998
15.7588 0.999999
15.8171 0.999999
15.8755 0.999999
15.9339 0.999999
15.9922 0.999999
16.0506 0.999999
16.1089 0.999999
16.1673 0.999999
16.2257 0.999999
16.284 0.999999
16.3424 0.999999
16.4008 0.999999
16.4591 0.999999
16.5175 0.999999
16.5759 0.999999
16.6342 0.999999
16.6926 0.999999
16.751 0.999999
16.8093 0.999999
16.8677 0.999999
16.9261 0.999999
16.9844 0.999999
17.0428 0.999999
17.1012 0.999999
17.1595 1
17.2179 1
17.2763 1
17.3346 1
17.393 1
17.4514 1
17.5097 1
17.5681 1
17.6265 1
17.6848 1
17.7432 1
17.8016 1
17.8599 1
17.9183 1
17.9767 1
18.035 1
18.0934 1
18.1518 1
18.2101 1
18.2685 1
18.3268 1
18.3852 1
18.4436 1
18.5019 1
18.5603 1
18.6187 1
18.677 1
18.7354 1
18.7938 1
18.8521 1
18.9105 1
18.9689 1
19.0272 1
19.0856 1
19.144 1
19.2023 1
19.2607 1
19.3191 1
19.3774 1
19.4358 1
19.4942 1
19.5525 1
19.6109 1
19.6693 1
19.7276 1
19.786 1
19.8444 1
19.9027 1
19.9611 1
20.0195 1
20.0778 1
20.1362 1
20.1946 1
20.2529 1
20.3113 1
20.3696 1
20.428 1
20.4864 1
20.5447 1
20.6031 1
20.6615 1
20.7198 1
20.7782 1
20.8366 1
20.8949 1
20.9533 1
21.0117 1
21.07 1
21.1284 1
21.1868 1
21.2451 1
21.3035 1
21.3619 1
21.4202 1
21.4786 1
21.537 1
21.5953 1
21.6537 1
21.7121 1
21.7704 1
21.8288 1
21.8872 1
21.9455 1
22.0039 1
22.0623 1
22.1206 1
22.179 1
22.2374 1
22.2957 1
22.3541 1
22.4125 1
22.4708 1
22.5292 1
22.5875 1
22.6459 1
22.7043 1
22.7626 1
22.821 1
22.8794 1
22.9377 1
22.9961 1
23.0545 1
23.1128 1
23.1712 1
23.2296 1
23.2879 1
23.3463 1
23.4047 1
23.463 1
23.5214 1
23.5798 1
23.6381 1
23.6965 1
23.7549 1
23.8132 1
23.8716 1
23.93 1
23.9883 1
24.0467 1
24.1051 1
24.1634 1
24.2218 1
24.2802 1
24.3385 1
24.3969 1
24.4553 1
24.5136 1
24.572 1
24.6304 1
24.6887 1
24.7471 1
24.8054 1
24.8638 1
24.9222 1
24.9805 1
25.0389 1
25.0973 1
25.1556 1
25.214 1
25.2724 1
25.3307 1
25.3891 1
25.4475 1
25.5058 1
25.5642 1
25.6226 1
25.6809 1
25.7393 1
25.7977 1
25.856 1
25.9144 1
25.9728 1
26.0311 1
26.0895 1
26.1479 1
26.2062 1
26.2646 1
26.323 1
26.3813 1
26.4397 1
26.4981 1
26.5564 1
26.6148 1
26.6732 1
26.7315 1
26.7899 1
26.8482 1
26.9066 1
26.965 1
27.0233 1
27.0817 1
27.1401 1
27.1984 1
27.2568 1
27.3152 1
27.3735 1
27.4319 1
27.4903 1
27.5486 1
27.607 1
27.6654 1
27.7237 1
27.7821 1
27.8405 1
27.8988 1
27.9572 1
28.0156 1
28.0739 1
28.1323 1
28.1907 1
28.249 1
28.3074 1
28.3658 1
28.4241 1
28.4825 1
28.5409 1
28.5992 1
28.6576 1
28.716 1
28.7743 1
28.8327 1
28.8911 1
28.9494 1
29.0078 1
29.0661 1
29.1245 1
29.1829 1
29.2412 1
29.2996 1
29.358 1
29.4163 1
29.4747 1
29.5331 1
29.5914 1
29.6498 1
29.7082 1
29.7665 1
29.8249 1
29.8833 1
29.9416 1
