0.0583658 0.00129786
0.116732 0.00517806
0.175097 0.0115942
0.233463 0.0204691
0.291829 0.0316972
0.350195 0.0451477
0.40856 0.0606683
0.466926 0.078089
0.525292 0.0972266
0.583658 0.117889
0.642023 0.139877
0.700389 0.162995
0.758755 0.187044
0.817121 0.211835
0.875486 0.237185
0.933852 0.262922
0.992218 0.288884
1.05058 0.314923
1.10895 0.340906
1.16732 0.366711
1.22568 0.392232
1.28405 0.417374
1.34241 0.442057
1.40078 0.466213
1.45914 0.489785
1.51751 0.512725
1.57588 0.534998
1.63424 0.556576
1.69261 0.577437
1.75097 0.59757
1.80934 0.616966
1.8677 0.635625
1.92607 0.653548
1.98444 0.670742
2.0428 0.687219
2.10117 0.70299
2.15953 0.718071
2.2179 0.732478
2.27626 0.746231
2.33463 0.759349
2.393 0.771852
2.45136 0.783761
2.50973 0.795098
2.56809 0.805884
2.62646 0.816141
2.68482 0.82589
2.74319 0.835152
2.80156 0.843947
2.85992 0.852297
2.91829 0.860221
2.97665 0.867739
3.03502 0.874868
3.09339 0.881628
3.15175 0.888035
3.21012 0.894107
3.26848 0.89986
3.32685 0.90531
3.38521 0.910471
3.44358 0.915357
3.50195 0.919984
3.56031 0.924363
3.61868 0.928508
3.67704 0.932431
3.73541 0.936142
3.79377 0.939653
3.85214 0.942974
3.91051 0.946116
3.96887 0.949087
4.02724 0.951897
4.0856 0.954553
4.14397 0.957065
4.20233 0.95944
4.2607 0.961685
4.31907 0.963808
4.37743 0.965813
4.4358 0.967709
4.49416 0.969501
4.55253 0.971195
4.61089 0.972795
4.66926 0.974307
4.72763 0.975736
4.78599 0.977086
4.84436 0.978361
4.90272 0.979566
4.96109 0.980704
5.01946 0.98178
5.07782 0.982795
5.13619 0.983755
5.19455 0.984661
5.25292 0.985517
5.31128 0.986326
5.36965 0.98709
5.42802 0.987811
5.48638 0.988492
5.54475 0.989135
5.60311 0.989743
5.66148 0.990317
5.71984 0.990858
5.77821 0.99137
5.83658 0.991853
5.89494 0.992309
5.95331 0.99274
6.01167 0.993147
6.07004 0.993531
6.1284 0.993893
6.18677 0.994235
6.24514 0.994559
6.3035 0.994864
6.36187 0.995152
6.42023 0.995424
6.4786 0.99568
6.53696 0.995923
6.59533 0.996152
6.6537 0.996368
6.71206 0.996572
6.77043 0.996764
6.82879 0.996946
6.88716 0.997117
6.94553 0.997279
7.00389 0.997432
7.06226 0.997577
7.12062 0.997713
7.17899 0.997841
7.23735 0.997963
7.29572 0.998077
7.35409 0.998185
7.41245 0.998287
7.47082 0.998384
7.52918 0.998475
7.58755 0.99856
7.64591 0.998641
7.70428 0.998718
7.76265 0.99879
7.82101 0.998858
7.87938 0.998922
7.93774 0.998983
7.99611 0.99904
8.05447 0.999094
8.11284 0.999145
8.17121 0.999193
8.22957 0.999239
8.28794 0.999282
8.3463 0.999322
8.40467 0.99936
8.46304 0.999396
8.5214 0.99943
8.57977 0.999463
8.63813 0.999493
8.6965 0.999521
8.75486 0.999548
8.81323 0.999574
8.8716 0.999598
8.92996 0.999621
8.98833 0.999642
9.04669 0.999662
9.10506 0.999681
9.16342 0.999699
9.22179 0.999716
9.28016 0.999732
9.33852 0.999747
9.39689 0.999761
9.45525 0.999775
9.51362 0.999788
9.57198 0.9998
9.63035 0.999811
9.68872 0.999822
9.74708 0.999832
9.80545 0.999841
9.86381 0.99985
9.92218 0.999859
9.98054 0.999867
10.0389 0.999874
10.0973 0.999881
10.1556 0.999888
10.214 0.999894
10.2724 0.9999
10.3307 0.999906
10.3891 0.999911
10.4475 0.999916
10.5058 0.999921
10.5642 0.999925
10.6226 0.99993
10.6809 0.999934
10.7393 0.999937
10.7977 0.999941
10.856 0.999944
10.9144 0.999947
10.9728 0.99995
11.0311 0.999953
11.0895 0.999956
11.1479 0.999958
11.2062 0.999961
11.2646 0.999963
11.323 0.999965
11.3813 0.999967
11.4397 0.999969
11.4981 0.999971
11.5564 0.999972
11.6148 0.999974
11.6732 0.999975
11.7315 0.999977
11.7899 0.999978
11.8482 0.999979
11.9066 0.99998
11.965 0.999982
12.0233 0.999983
12.0817 0.999984
12.1401 0.999984
12.1984 0.999985
12.2568 0.999986
12.3152 0.999987
12.3735 0.999988
12.4319 0.999988
12.4903 0.999989
12.5486 0.99999
12.607 0.99999
12.6654 0.999991
12.7237 0.999991
12.7821 0.999992
12.8405 0.999992
12.8988 0.999993
12.9572 0.999993
13.0156 0.999994
13.0739 0.999994
13.1323 0.999994
13.1907 0.999995
13.249 0.999995
13.3074 0.999995
13.3658 0.999995
13.4241 0.999996
13.4825 0.999996
13.5409 0.999996
13.5992 0.999996
13.6576 0.999997
13.716 0.999997
13.7743 0.999997
13.8327 0.999997
13.8911 0.999997
13.9494 0.999997
14.0078 0.999998
14.0661 0.999998
14.1245 0.999998
14.1829 0.999998
14.2412 0.999998
14.2996 0.999998
14.358 0.999998
14.4163 0.999998
14.4747 0.999998
14.5331 0.999999
14.5914 0.999999
14.6498 0.999999
14.7082 0.999999
14.7665 0.999999
14.8249 0.999999
14.8833 0.999999
14.9416 0.999999
15 0.999999
15.0584 0.999999
15.1167 0.999999
15.1751 0.999999
15.2335 0.999999
15.2918 0.999999
15.3502 0.999999
15.4086 0.999999
15.4669 0.999999
15.5253 0.999999
15.5837 0.999999
15.642 1
15.7004 1
15.7588 1
15.8171 1
15.8755 1
15.9339 1
15.9922 1
16.0506 1
16.1089 1
16.1673 1
16.2257 1
16.284 1
16.3424 1
16.4008 1
16.4591 1
16.5175 1
16.5759 1
16.6342 1
16.6926 1
16.751 1
16.8093 1
16.8677 1
16.9261 1
16.9844 1
17.0428 1
17.1012 1
17.1595 1
17.2179 1
17.2763 1
17.3346 1
17.393 1
17.4514 1
17.5097 1
17.5681 1
17.6265 1
17.6848 1
17.7432 1
17.8016 1
17.8599 1
17.9183 1
17.9767 1
18.035 1
18.0934 1
18.1518 1
18.2101 1
18.2685 1
18.3268 1
18.3852 1
18.4436 1
18.5019 1
18.5603 1
18.6187 1
18.677 1
18.7354 1
18.7938 1
18.8521 1
18.9105 1
18.9689 1
19.0272 1
19.0856 1
19.144 1
19.2023 1
19.2607 1
19.3191 1
19.3774 1
19.4358 1
19.4942 1
19.5525 1
19.6109 1
19.6693 1
19.7276 1
19.786 1
19.8444 1
19.9027 1
19.9611 1
20.0195 1
20.0778 1
20.1362 1
20.1946 1
20.2529 1
20.3113 1
20.3696 1
20.428 1
20.4864 1
20.5447 1
20.6031 1
20.6615 1
20.7198 1
20.7782 1
20.8366 1
20.8949 1
20.9533 1
21.0117 1
21.07 1
21.1284 1
21.1868 1
21.2451 1
21.3035 1
21.3619 1
21.4202 1
21.4786 1
21.537 1
21.5953 1
21.6537 1
21.7121 1
21.7704 1
21.8288 1
21.8872 1
21.9455 1
22.0039 1
22.0623 1
22.1206 1
22.179 1
22.2374 1
22.2957 1
22.3541 1
22.4125 1
22.4708 1
22.5292 1
22.5875 1
22.6459 1
22.7043 1
22.7626 1
22.821 1
22.8794 1
22.9377 1
22.9961 1
23.0545 1
23.1128 1
23.1712 1
23.2296 1
23.2879 1
23.3463 1
23.4047 1
23.463 1
23.5214 1
23.5798 1
23.6381 1
23.6965 1
23.7549 1
23.8132 1
23.8716 1
23.93 1
23.9883 1
24.0467 1
24.1051 1
24.1634 1
24.2218 1
24.2802 1
24.3385 1
24.3969 1
24.4553 1
24.5136 1
24.572 1
24.6304 1
24.6887 1
24.7471 1
24.8054 1
24.8638 1
24.9222 1
24.9805 1
25.0389 1
25.0973 1
25.1556 1
25.214 1
25.2724 1
25.3307 1
25.3891 1
25.4475 1
25.5058 1
25.5642 1
25.6226 1
25.6809 1
25.7393 1
25.7977 1
25.856 1
25.9144 1
25.9728 1
26.0311 1
26.0895 1
26.1479 1
26.2062 1
26.2646 1
26.323 1
26.3813 1
26.4397 1
26.4981 1
26.5564 1
26.6148 1
26.6732 1
26.7315 1
26.7899 1
26.8482 1
26.9066 1
26.965 1
27.0233 1
27.0817 1
27.1401 1
27.1984 1
27.2568 1
27.3152 1
27.3735 1
27.4319 1
27.4903 1
27.5486 1
27.607 1
27.6654 1
27.7237 1
27.7821 1
27.8405 1
27.8988 1
27.9572 1
28.0156 1
28.0739 1
28.1323 1
28.1907 1
28.249 1
28.3074 1
28.3658 1
28.4241 1
28.4825 1
28.5409 1
28.5992 1
28.6576 1
28.716 1
28.7743 1
28.8327 1
28.8911 1
28.9494 1
29.0078 1
29.0661 1
29.1245 1
29.1829 1
29.2412 1
29.2996 1
29.358 1
29.4163 1
29.4747 1
29.5331 1
29.5914 1
29.6498 1
29.7082 1
29.7665 1
29.8249 1
29.8833 1
29.9416 1
