-0.09311418121 
-0.000543061562 
0.9752789635 
-0.08383974483 
0.5259799828 
0.8697017226 
0.3089879819 
0.5302600026 
0.9220857747 
-0.2671818866 
0.9177145087 
-0.1159808707 
0.934340286 
0.613757176 
0.5704906533 
0.4123324052 
0.7339704338 
-0.3878413792 
0.8555312773 
-0.1060711523 
1.214168823 
0.4225457976 
0.7585262428 
0.2723516746 
0.5228989814 
-0.3618095377 
0.8027334009 
-0.08611484958 
1.418848343 
0.3362871087 
0.8747625788 
0.1567635888 
0.3471643981 
-0.2735952218 
0.7598697043 
-0.07080668317 
1.595375403 
0.312211698 
0.9385632852 
0.08181251418 
0.2215474451 
-0.1860451807 
0.7238425677 
-0.0609173377 
1.766768437 
0.3133791006 
0.9708830352 
0.04016260704 
0.1384503172 
-0.1200362437 
0.6922840302 
-0.05421447231 
1.941590862 
0.3230909042 
0.9864768823 
0.01902669062 
0.08555472322 
-0.07546299941 
0.6639114757 
-0.04915524563 
2.122626645 
0.3354546773 
0.9937922784 
0.008833152725 
0.05252778948 
-0.046812529 
0.6380494333 
-0.04500780553 
2.310719267 
0.3485916614 
0.997169601 
0.004053712395 
0.03211668046 
-0.02882405368 
0.6142963705 
-0.04145138274 
2.506103851 
0.3619219257 
0.9987145608 
0.001847951051 
0.01957779238 
-0.01766516738 
0.5923735974 
-0.03833410806 
2.708828265 
0.3752672525 
0.9994175414 
0.0008391427482 
0.01190550763 
-0.01079036896 
0.5720649081 
-0.03557066249 
2.918882919 
0.3885732919 
0.9997364135 
0.0003801881501 
0.007224911403 
-0.006573757807 
0.5531922642 
-0.0331039322 
3.136240978 
0.4018243905 
0.999880795 
0.0001720316583 
0.004376368039 
-0.003995965846 
0.5356047844 
-0.03089090175 
3.360870995 
0.415017141 
0.9999461049 
7.779153076e-05 
0.002646436277 
-0.002424207169 
0.5191727341 
-0.02889710456 
3.592740914 
0.4281520027 
0.9999756334 
3.516733326e-05 
0.001597829384 
-0.001468031955 
0.5037836 
-0.02709408397 
3.831819318 
0.4412306007 
0.9999889821 
1.589782436e-05 
0.0009633122004 
-0.0008875240471 
0.4893392048 
-0.025457981 
4.078075786 
0.4542548472 
0.9999950168 
7.187799684e-06 
0.0005799784842 
-0.0005357405935 
0.4757534488 
-0.02396860509 
4.331480953 
0.4672266588 
0.9999977456 
3.250555649e-06 
0.0003487393778 
-0.000322926028 
0.4629504876 
-0.02260875505 
4.59200649 
0.4801478699 
0.9999989797 
1.470446028e-06 
0.0002094435648 
-0.0001943859883 
0.4508632384 
-0.02136369509 
4.859625048 
0.4930202117 
0.9999995381 
6.654043553e-07 
0.0001256434079 
-0.000116862643 
0.439432142 
-0.0202207391 
5.134310202 
0.5058453116 
0.9999997908 
3.012138765e-07 
7.529155305e-05 
-7.017258321e-05 
0.4286041312 
-0.01916891602 
5.416036394 
0.5186246994 
0.9999999052 
1.364017146e-07 
4.50725011e-05 
-4.208909682e-05 
0.4183317646 
-0.01819869777 
5.704778883 
0.531359814 
0.9999999571 
6.179020769e-08 
2.695621672e-05 
-2.521790737e-05 
0.4085724964 
-0.01730177648 
6.000513695 
0.5440520118 
0.9999999805 
2.800088718e-08 
1.610680358e-05 
-1.509421461e-05 
0.3992880574 
-0.016470881 
6.303217582 
0.5567025723 
0.9999999912 
1.269323296e-08 
9.615737679e-06 
-9.026031264e-06 
0.3904439276 
-0.01569962489 
6.612867979 
0.569312705 
0.999999996 
5.755940624e-09 
5.735838616e-06 
-5.392486248e-06 
0.3820088861 
-0.01498237985 
6.92944297 
0.5818835548 
0.9999999982 
2.610951298e-09 
3.418765154e-06 
-3.218893857e-06 
0.3739546233 
-0.01431416985 
7.252921249 
0.5944162066 
0.9999999992 
1.184715769e-09 
2.036176526e-06 
-1.919851985e-06 
0.3662554079 
-0.01369058218 
7.583282095 
0.6069116901 
0.9999999996 
5.377212905e-10 
1.211853472e-06 
-1.144166228e-06 
0.3588877982 
-0.01310769229 
7.920505336 
0.6193709837 
0.9999999998 
2.441308453e-10 
7.207540088e-07 
-6.813753719e-07 
0.3518303913 
-0.0125620002 
8.264571326 
0.6317950185 
0.9999999999 
1.108679161e-10 
4.283898216e-07 
-4.054844992e-07 
0.3450636054 
-0.01205037637 
8.615460919 
0.644184681 
    1 
5.036188809e-11 
2.544593307e-07 
-2.411383152e-07 
0.3385694886 
-0.0115700154 
8.973155445 
0.6565408168 
    1 
2.288252426e-11 
1.51055335e-07 
-1.4330953e-07 
0.3323315521 
-0.01111839646 
9.337636688 
0.6688642326 
    1 
1.039980567e-11 
8.96195609e-08 
-8.511630113e-08 
0.3263346232 
-0.0106932492 
9.708886867 
0.6811556997 
    1 
4.727741898e-12 
5.314086051e-08 
-5.052315136e-08 
0.3205647157 
-0.01029252435 
10.08688861 
0.6934159554 
    1 
2.149781219e-12 
3.149363365e-08 
-2.997220245e-08 
0.3150089158 
-0.009914368316 
10.47162496 
0.7056457055 
    1 
9.778166471e-13 
1.865495599e-08 
-1.777081362e-08 
0.3096552803 
-0.009557101053 
10.86307931 
0.7178456263 
    1 
4.450388249e-13 
1.10446335e-08 
-1.053090537e-08 
0.3044927468 
-0.009219196885 
11.26123544 
0.7300163664 
    1 
2.029592475e-13 
6.535847411e-09 
-6.237386187e-09 
0.2995110535 
-0.00889926772 
11.66607748 
0.7421585482 
    1 
9.344471171e-14 
3.865925491e-09 
-3.692549899e-09 
0.2947006675 
-0.008596048365 
12.07758987 
0.7542727693 
    1 
4.481961873e-14 
2.285667754e-09 
-2.184966377e-09 
0.2900527212 
-0.008308383657 
12.49575742 
0.7663596043 
    1 
2.526142181e-14 
1.350788851e-09 
-1.292305517e-09 
0.2855589543 
-0.008035217125 
12.92056519 
0.7784196058 
    1 
2.393298087e-14 
7.979633231e-10 
-7.64002374e-10 
0.281211663 
-0.00777558101 
13.35199859 
0.7904533057 
    1 
2.361601544e-14 
4.712002603e-10 
-4.514814746e-10 
0.2770036534 
-0.007528587438 
13.79004329 
0.8024612164 
    1 
2.336455865e-14 
2.781384136e-10 
-2.666902788e-10 
0.2729281996 
-0.007293420607 
14.23468524 
0.8144438316 
    1 
2.313657914e-14 
1.64117441e-10 
-1.574716753e-10 
0.2689790063 
-0.007069329853 
14.68591067 
0.8264016275 
    1 
2.292895643e-14 
9.680370966e-11 
-9.294615178e-11 
0.2651501747 
-0.006855623479 
15.14370604 
0.8383350638 
    1 
2.27388763e-14 
5.707917772e-11 
-5.484025875e-11 
0.2614361712 
-0.00665166327 
15.60805809 
0.8502445841 
    1 
2.256379536e-14 
3.364469317e-11 
-3.234534934e-11 
0.2578317997 
-0.00645685958 
16.07895377 
0.8621306171 
    1 
2.240132717e-14 
1.98249951e-11 
-1.907099601e-11 
0.2543321763 
-0.006270666949 
16.55638029 
0.8739935773 
    1 
2.224927164e-14 
1.167808281e-11 
-1.124058111e-11 
0.2509327057 
-0.006092580175 
17.04032507 
0.8858338654 
    1 
2.210574193e-14 
6.876953058e-12 
-6.623117765e-12 
0.24762906 
-0.005922130784 
17.53077574 
0.8976518692 
    1 
2.196929411e-14 
4.048466385e-12 
-3.901205075e-12 
0.24441716 
-0.005758883863 
18.02772016 
0.9094479643 
    1 
2.183899397e-14 
2.382641685e-12 
-2.297215554e-12 
0.2412931568 
-0.0056024352 
18.53114636 
0.9212225143 
    1 
2.171440109e-14 
1.401858715e-12 
-1.352306939e-12 
0.2382534161 
-0.005452408715 
19.04104261 
0.9329758718 
    1 
2.159548522e-14 
8.24575656e-13 
-7.958351063e-13 
0.2352945033 
-0.00530845413 
19.55739734 
0.9447083784 
    1 
2.14825053e-14 
4.848873149e-13 
-4.682187131e-13 
0.2324131696 
-0.005170244866 
20.08019917 
0.9564203655 
    1 
2.137588182e-14 
2.850613584e-13 
-2.753947884e-13 
0.22960634 
-0.005037476139 
20.60943691 
0.9681121549 
    1 
2.127608487e-14 
1.675429381e-13 
-1.619374223e-13 
0.2268711015 
-0.004909863229 
21.14509954 
0.9797840587 
    1 
2.118354958e-14 
9.844803847e-14 
-9.519769304e-14 
0.2242046924 
-0.00478713991 
21.68717619 
0.9914363802 
    1 
2.10986221e-14 
5.783409864e-14 
-5.59495169e-14 
0.2216044927 
-0.004669057023 
22.23565619 
1.003069414 
    1 
2.102153314e-14 
3.396718293e-14 
-3.287455399e-14 
0.2190680152 
-0.004555381171 
22.790529 
1.014683446 
    1 
2.095239339e-14 
1.994510522e-14 
-1.931166828e-14 
0.2165928968 
-0.004445893537 
23.35178425 
1.026278756 
    1 
2.089120466e-14 
1.170892076e-14 
-1.134171648e-14 
0.2141768911 
-0.004340388797 
23.91941172 
1.037855613 
    1 
2.083788087e-14 
6.872322513e-15 
-6.65946628e-15 
0.2118178611 
-0.004238674134 
24.49340134 
1.049414282 
    1 
2.079227479e-14 
4.032725278e-15 
-3.909346643e-15 
0.2095137728 
-0.004140568324 
25.07374316 
1.060955018 
    1 
2.075420708e-14 
2.365943704e-15 
-2.294433322e-15 
0.2072626885 
-0.004045900915 
25.6604274 
1.072478072 
    1 
2.072349555e-14 
1.387787542e-15 
-1.34634233e-15 
0.2050627618 
-0.003954511459 
26.25344439 
1.083983687 
    1 
2.069998317e-14 
8.138726226e-16 
-7.898535435e-16 
0.2029122318 
-0.003866248814 
26.85278462 
1.0954721 
    1 
2.068356301e-14 
4.772069581e-16 
-4.632877162e-16 
0.2008094183 
-0.003780970502 
27.45843868 
1.106943541 
    1 
2.067419856e-14 
2.797537353e-16 
-2.716878399e-16 
0.1987527174 
-0.003698542118 
28.07039731 
1.118398236 
    1 
2.067193602e-14 
1.639704843e-16 
-1.592967085e-16 
0.1967405968 
-0.003618836781 
28.68865134 
1.129836405 
    1 
2.067690444e-14 
9.608993968e-17 
-9.338185677e-17 
0.1947715921 
-0.00354173464 
29.31319176 
1.141258261 
    1 
2.068929745e-14 
5.630077256e-17 
-5.473172798e-17 
0.1928443031 
-0.003467122403 
29.94400965 
1.152664015 
    1 
2.070933066e-14 
3.298197506e-17 
-3.20729239e-17 
0.19095739 
-0.003394892909 
30.58109621 
1.164053869 
    1 
2.073717145e-14 
1.931819112e-17 
-1.87915418e-17 
0.1891095706 
-0.00332494474 
31.22444275 
1.175428023 
    1 
2.077284655e-14 
1.131319632e-17 
-1.100810116e-17 
0.1872996167 
-0.003257181846 
31.87404068 
1.186786671 
    1 
2.081614698e-14 
6.624220416e-18 
-6.447482342e-18 
0.1855263518 
-0.003191513211 
32.52988154 
1.198130004 
    1 
2.086656553e-14 
3.878075718e-18 
-3.775697793e-18 
0.1837886479 
-0.003127852535 
33.19195695 
1.209458207 
    1 
2.092330432e-14 
2.270028331e-18 
-2.210727016e-18 
0.1820854235 
-0.003066117946 
33.86025864 
1.220771462 
    1 
2.098536454e-14 
1.328559887e-18 
-1.294211647e-18 
0.1804156407 
-0.003006231729 
34.53477844 
1.232069946 
    1 
2.105168299e-14 
7.77440565e-19 
-7.57546334e-19 
0.1787783034 
-0.00294812007 
35.21550826 
1.243353832 
    1 
2.112124822e-14 
4.548736287e-19 
-4.43351503e-19 
0.1771724551 
-0.002891712827 
35.90244014 
1.25462329 
    1 
2.119314596e-14 
2.661050261e-19 
-2.594320288e-19 
0.1755971769 
-0.002836943311 
36.59556618 
1.265878487 
    1 
2.126652957e-14 
1.55652236e-19 
-1.517877496e-19 
0.1740515856 
-0.002783748082 
37.29487857 
1.277119584 
    1 
2.13405456e-14 
9.10329837e-20 
-8.879507042e-20 
0.1725348322 
-0.002732066759 
38.00036962 
1.28834674 
    1 
2.141424713e-14 
5.323342252e-20 
-5.193752997e-20 
0.1710460998 
-0.00268184185 
38.71203169 
1.299560112 
    1 
2.148651409e-14 
3.112526646e-20 
-3.037494203e-20 
0.1695846028 
-0.002633018578 
39.42985725 
1.31075985 
    1 
2.155598391e-14 
1.819638913e-20 
-1.776205652e-20 
0.1681495847 
-0.002585544737 
40.15383884 
1.321946105 
    1 
2.162098403e-14 
1.063652365e-20 
-1.038527552e-20 
0.1667403171 
-0.002539370541 
40.88396909 
1.333119023 
    1 
2.167944622e-14 
6.216574443e-21 
-6.071522657e-21 
0.1653560983 
-0.002494448494 
41.62024069 
1.344278747 
    1 
2.172876659e-14 
3.63262958e-21 
-3.549387288e-21 
0.1639962524 
-0.002450733263 
42.36264643 
1.355425416 
    1 
2.176554879e-14 
2.122033977e-21 
-2.0751396e-21 
0.1626601275 
-0.00240818156 
43.11117917 
1.366559169 
    1 
2.178513653e-14 
1.238712151e-21 
-1.21384535e-21 
0.1613470951 
-0.002366752033 
43.86583184 
1.37768014 
    1 
2.178081988e-14 
7.216847557e-22 
-7.112959055e-22 
0.1600565491 
-0.002326405162 
44.62659745 
1.388788462 
    1 
2.174261873e-14 
4.180999208e-22 
-4.191200722e-22 
0.1587879044 
-0.002287103163 
45.39346908 
1.399884263 
    1 
2.165564475e-14 
2.381234791e-22 
-2.510608215e-22 
0.1575405964 
-0.002248809893 
46.16643987 
1.410967672 
    1 
2.152357631e-14 
1.2840017e-22 
-1.575580032e-22 
0.1563140799 
-0.00221149077 
46.94550305 
1.422038813 
    1 
2.137678841e-14 
5.625971721e-23 
-1.111625237e-22 
