0.3747760955 
-0.0006152909016 
0.9983940419 
-0.005096972373 
0.5473099676 
0.9812098368 
0.3951220433 
0.640994978 
0.9130225531 
-0.2939532538 
0.9954453949 
-0.004877041483 
1.078070273 
0.949883016 
0.6839828524 
0.4060100253 
0.7125218677 
-0.4012696869 
0.9933923545 
-0.002594419927 
1.594691906 
0.9312669586 
0.8501681635 
0.211984704 
0.4999946114 
-0.3556561935 
0.992435808 
-0.001062322249 
2.104554559 
0.9240916298 
0.9325091085 
0.09967276246 
0.3297065176 
-0.2620481132 
0.9920629277 
-0.0003981682611 
2.612047764 
0.9218183584 
0.9702815137 
0.0446262182 
0.2099551724 
-0.1768047785 
0.9919218841 
-0.0001566277208 
3.118818981 
0.921155288 
0.9870197824 
0.0195827868 
0.1310131814 
-0.1140626291 
0.9918624706 
-7.397067508e-05 
3.625384046 
0.9209725906 
0.9943385754 
0.00853661407 
0.08072186105 
-0.07178448064 
0.9918310301 
-4.514417556e-05 
4.131894799 
0.9209296743 
0.9975271133 
0.003718856352 
0.04930811374 
-0.04450124883 
0.991809709 
-3.395988947e-05 
4.638395324 
0.920927195 
0.9989170773 
0.001623025632 
0.02992956265 
-0.02731149023 
0.9917926379 
-2.866114089e-05 
5.144898265 
0.9209360373 
0.9995243979 
0.0007102912326 
0.01807815561 
-0.01664045316 
0.9917778066 
-2.548403752e-05 
5.651407008 
0.9209475706 
0.9997905245 
0.0003117783177 
0.01087649344 
-0.01008250238 
0.9917644467 
-2.319880352e-05 
6.157922192 
0.9209592533 
0.9999074886 
0.0001372548155 
0.006522206965 
-0.006081887795 
0.9917522048 
-2.137678863e-05 
6.664443664 
0.9209703857 
0.9999590421 
6.059026616e-05 
0.003900203754 
-0.003655227642 
0.9917408793 
-1.984848038e-05 
7.170971069 
0.9209808259 
0.9999818254 
2.681485668e-05 
0.002326668939 
-0.002190014575 
0.991730333 
-1.853321783e-05 
7.677504029 
0.9209905944 
0.9999919186 
1.189453048e-05 
0.001385064669 
-0.001308665836 
0.9917204627 
-1.738433625e-05 
8.184042191 
0.9209997524 
0.9999963999 
5.287192323e-06 
0.0008230050115 
-0.0007802111831 
0.9917111859 
-1.63705004e-05 
8.690585237 
0.921008365 
0.9999983935 
2.35463328e-06 
0.0004882271894 
-0.0004642164955 
0.991702435 
-1.54686892e-05 
9.197132883 
0.9210164912 
0.999999282 
1.050423767e-06 
0.0002892038428 
-0.0002757118645 
0.9916941534 
-1.466113598e-05 
9.703684877 
0.9210241823 
0.9999996787 
4.693315967e-07 
0.0001710853581 
-0.0001634938782 
0.9916862933 
-1.393374176e-05 
10.21024099 
0.9210314822 
0.999999856 
2.099943188e-07 
0.0001010888236 
-9.68122061e-05 
0.9916788139 
-1.327511823e-05 
10.71680102 
0.9210384287 
0.9999999354 
9.407910879e-08 
5.966535872e-05 
-5.725351575e-05 
0.9916716801 
-1.267594728e-05 
11.22336478 
0.9210450544 
0.999999971 
4.219765134e-08 
3.518125111e-05 
-3.381971094e-05 
0.9916648612 
-1.21285249e-05 
11.72993211 
0.9210513877 
0.999999987 
1.894740644e-08 
2.072555404e-05 
-1.995623189e-05 
0.9916583306 
-1.162642409e-05 
12.23650284 
0.9210574533 
0.9999999941 
8.516073839e-09 
1.219939999e-05 
-1.176433877e-05 
0.991652065 
-1.116424019e-05 
12.74307684 
0.9210632728 
0.9999999974 
3.83109679e-09 
7.17523606e-06 
-6.929013059e-06 
0.9916460437 
-1.073739515e-05 
13.24965398 
0.9210688656 
0.9999999988 
1.724926052e-09 
4.217199532e-06 
-4.077749728e-06 
0.9916402483 
-1.034198523e-05 
13.75623413 
0.9210742485 
0.9999999995 
7.772384853e-10 
2.476991434e-06 
-2.397960723e-06 
0.9916346626 
-9.974661269e-06 
14.26281719 
0.9210794368 
0.9999999998 
3.504693285e-10 
1.453975624e-06 
-1.409158649e-06 
0.9916292718 
-9.632533535e-06 
14.76940306 
0.921084444 
0.9999999999 
1.581376548e-10 
8.529820412e-07 
-8.275524225e-07 
0.9916240628 
-9.313095588e-06 
15.27599163 
0.9210892825 
    1 
7.139897319e-11 
5.001369405e-07 
-4.857001194e-07 
0.9916190238 
-9.014162757e-06 
15.78258282 
0.9210939631 
    1 
3.225548084e-11 
2.931020714e-07 
-2.849018987e-07 
0.991614144 
-8.733822111e-06 
16.28917654 
0.9210984958 
    1 
1.457983908e-11 
1.71689227e-07 
-1.670292825e-07 
0.9916094137 
-8.470391488e-06 
16.79577272 
0.9211028898 
    1 
6.59367273e-12 
1.00524871e-07 
-9.787556194e-08 
0.9916048239 
-8.222385706e-06 
17.30237127 
0.9211071532 
    1 
2.983510289e-12 
5.883305553e-08 
-5.73262142e-08 
0.9916003667 
-7.988488562e-06 
17.80897214 
0.9211112937 
    1 
1.350596271e-12 
3.441888825e-08 
-3.356150456e-08 
0.9915960344 
-7.767529454e-06 
18.31557525 
0.921115318 
    1 
6.118268576e-13 
2.012839544e-08 
-1.964036563e-08 
0.9915918203 
-7.558463797e-06 
18.82218055 
0.9211192325 
    1 
2.776354217e-13 
1.17670324e-08 
-1.148914281e-08 
0.9915877182 
-7.360356505e-06 
19.32878797 
0.9211230431 
    1 
1.268365689e-13 
6.876669445e-09 
-6.718382518e-09 
0.9915837222 
-7.172368014e-06 
19.83539745 
0.9211267551 
    1 
5.970962517e-14 
4.01744638e-09 
-3.927256606e-09 
0.991579827 
-6.993742385e-06 
20.34200896 
0.9211303736 
    1 
3.096105454e-14 
2.346332562e-09 
-2.294927937e-09 
0.9915760277 
-6.823797147e-06 
20.84862243 
0.921133903 
    1 
2.552163498e-14 
1.369944259e-09 
-1.340637119e-09 
0.9915723195 
-6.661914585e-06 
21.35523781 
0.9211373477 
    1 
2.527805537e-14 
7.996426435e-10 
-7.829292326e-10 
0.9915686983 
-6.507534232e-06 
21.86185507 
0.9211407117 
    1 
2.521060638e-14 
4.666316443e-10 
-4.5709772e-10 
0.9915651601 
-6.360146393e-06 
22.36847416 
0.9211439987 
    1 
2.517744095e-14 
2.722342252e-10 
-2.667943601e-10 
0.9915617011 
-6.219286522e-06 
22.87509503 
0.921147212 
    1 
2.513897307e-14 
1.587838502e-10 
-1.556792219e-10 
0.9915583179 
-6.08453033e-06 
23.38171766 
0.921150355 
    1 
2.51035773e-14 
9.259114802e-11 
-9.081887083e-11 
0.9915550072 
-5.955489515e-06 
23.88834199 
0.9211534306 
    1 
2.50564116e-14 
5.398042905e-11 
-5.296850003e-11 
0.991551766 
-5.83180803e-06 
24.39496799 
0.9211564417 
    1 
2.499406907e-14 
3.146377659e-11 
-3.08858657e-11 
0.9915485914 
-5.713158799e-06 
24.90159564 
0.9211593909 
    1 
2.491975817e-14 
1.833566715e-11 
-1.800555582e-11 
0.9915454808 
-5.599240831e-06 
25.40822489 
0.9211622807 
    1 
2.483920515e-14 
1.068310288e-11 
-1.049450135e-11 
0.9915424315 
-5.489776667e-06 
25.91485571 
0.9211651135 
    1 
2.475786805e-14 
6.22323511e-12 
-6.115461618e-12 
0.9915394413 
-5.38451013e-06 
26.42148808 
0.9211678915 
    1 
2.467936905e-14 
3.624567584e-12 
-3.56297087e-12 
0.9915365079 
-5.283204318e-06 
26.92812196 
0.9211706167 
    1 
2.460470037e-14 
2.110669868e-12 
-2.075458811e-12 
0.9915336292 
-5.185639827e-06 
27.43475733 
0.9211732911 
    1 
2.453170516e-14 
1.228885142e-12 
-1.208753753e-12 
0.9915308032 
-5.091613163e-06 
27.94139415 
0.9211759166 
    1 
2.445426632e-14 
7.153717139e-13 
-7.038600263e-13 
0.9915280279 
-5.000935327e-06 
28.4480324 
0.921178495 
    1 
2.436047295e-14 
4.163745693e-13 
-4.097908349e-13 
0.9915253017 
-4.913430549e-06 
28.95467206 
0.9211810278 
    1 
2.425386343e-14 
2.423097768e-13 
-2.385438547e-13 
0.9915226227 
-4.828935144e-06 
29.4613131 
0.9211835167 
    1 
2.41622772e-14 
1.409919167e-13 
-1.388374795e-13 
0.9915199894 
-4.747296499e-06 
29.9679555 
0.9211859632 
    1 
2.407977912e-14 
8.202687066e-14 
-8.079416969e-14 
0.9915174003 
-4.668372147e-06 
30.47459923 
0.9211883687 
    1 
2.400555943e-14 
4.771541834e-14 
-4.701000936e-14 
0.9915148538 
-4.592028938e-06 
30.98124427 
0.9211907345 
    1 
2.393833103e-14 
2.775261469e-14 
-2.734889339e-14 
0.9915123487 
-4.518142292e-06 
31.48789061 
0.921193062 
    1 
2.38779809e-14 
1.61396264e-14 
-1.59085381e-14 
0.9915098835 
-4.446595519e-06 
31.99453821 
0.9211953523 
    1 
2.382423694e-14 
9.384890027e-15 
-9.252599684e-15 
0.9915074571 
-4.377279204e-06 
32.50118707 
0.9211976067 
    1 
2.377625098e-14 
5.456481594e-15 
-5.380740682e-15 
0.9915050682 
-4.310090649e-06 
33.00783715 
0.9211998262 
    1 
2.373310308e-14 
3.172090576e-15 
-3.128721162e-15 
0.9915027157 
-4.244933366e-06 
33.51448844 
0.9212020119 
    1 
2.369416047e-14 
1.843865993e-15 
-1.819029762e-15 
0.9915003985 
-4.181716613e-06 
34.02114093 
0.9212041648 
    1 
2.365923156e-14 
1.071680834e-15 
-1.057456383e-15 
0.9914981156 
-4.120354975e-06 
34.5277946 
0.9212062859 
    1 
2.36286144e-14 
6.22809587e-16 
-6.146619512e-16 
0.9914958659 
-4.060767976e-06 
35.03444942 
0.9212083761 
    1 
2.36031067e-14 
3.619096414e-16 
-3.572422666e-16 
0.9914936485 
-4.002879728e-06 
35.54110538 
0.9212104363 
    1 
2.358399882e-14 
2.102816238e-16 
-2.076076482e-16 
0.9914914625 
-3.946618611e-06 
36.04776247 
0.9212124673 
    1 
2.35730845e-14 
1.221687162e-16 
-1.206366248e-16 
0.991489307 
-3.891916974e-06 
36.55442066 
0.92121447 
    1 
2.357282583e-14 
7.097042099e-17 
-7.009250439e-17 
0.9914871812 
-3.838710864e-06 
37.06107995 
0.9212164452 
    1 
2.358693868e-14 
4.122441983e-17 
-4.072131089e-17 
0.9914850843 
-3.786939779e-06 
37.56774032 
0.9212183935 
    1 
2.362172418e-14 
2.394377348e-17 
-2.365543013e-17 
0.9914830154 
-3.736546437e-06 
38.07440176 
0.9212203158 
    1 
2.368855464e-14 
1.390568988e-17 
-1.374041915e-17 
0.9914809739 
-3.687476565e-06 
38.58106424 
0.9212222126 
    1 
2.378305935e-14 
8.075238818e-18 
-7.980501946e-18 
0.991478959 
-3.639678702e-06 
39.08772776 
0.9212240847 
    1 
2.387617379e-14 
4.689019657e-18 
-4.634709844e-18 
0.9914769701 
-3.593104022e-06 
39.59439231 
0.9212259327 
    1 
2.39722286e-14 
2.722535114e-18 
-2.691398398e-18 
0.9914750065 
-3.547706166e-06 
40.10105786 
0.9212277572 
    1 
2.407039792e-14 
1.580631256e-18 
-1.562778648e-18 
0.9914730675 
-3.503441089e-06 
40.60772441 
0.9212295588 
    1 
2.417182276e-14 
9.176015295e-19 
-9.073647341e-19 
0.9914711525 
-3.460266916e-06 
41.11439195 
0.9212313381 
    1 
2.427834896e-14 
5.326537599e-19 
-5.267834769e-19 
0.9914692611 
-3.418143812e-06 
41.62106045 
0.9212330955 
    1 
2.439218912e-14 
3.091747068e-19 
-3.058081506e-19 
0.9914673925 
-3.377033856e-06 
42.12772992 
0.9212348318 
    1 
2.451527868e-14 
1.794451684e-19 
-1.775143405e-19 
0.9914655462 
-3.336900932e-06 
42.63440034 
0.9212365472 
    1 
2.464895635e-14 
1.04142779e-19 
-1.030353118e-19 
0.9914637218 
-3.297710619e-06 
43.1410717 
0.9212382425 
    1 
2.479385994e-14 
6.043615621e-20 
-5.980090532e-20 
0.9914619186 
-3.259430094e-06 
43.64774398 
0.9212399179 
    1 
2.494986156e-14 
3.5069974e-20 
-3.47055718e-20 
0.9914601363 
-3.22202804e-06 
44.15441718 
0.921241574 
    1 
2.511592014e-14 
2.034911702e-20 
-2.014008081e-20 
0.9914583743 
-3.185474563e-06 
44.66109128 
0.9212432112 
    1 
2.528979939e-14 
1.180667504e-20 
-1.168677529e-20 
0.9914566322 
-3.149741109e-06 
45.16776628 
0.9212448299 
    1 
2.54676973e-14 
6.849856401e-21 
-6.781113975e-21 
0.9914549095 
-3.114800389e-06 
45.67444217 
0.9212464306 
    1 
2.564398269e-14 
3.973796146e-21 
-3.93444145e-21 
0.9914532058 
-3.080626315e-06 
46.18111893 
0.9212480137 
    1 
2.581125842e-14 
2.30512284e-21 
-2.282695724e-21 
0.9914515208 
-3.047193929e-06 
46.68779655 
0.9212495794 
    1 
2.596048982e-14 
1.336989725e-21 
-1.324391086e-21 
0.9914498539 
-3.014479346e-06 
47.19447504 
0.9212511283 
    1 
2.608023721e-14 
7.752641984e-22 
-7.685069183e-22 
0.9914482048 
-2.982459694e-06 
47.70115437 
0.9212526606 
    1 
2.615398013e-14 
4.49245744e-22 
-4.461917837e-22 
0.9914465731 
-2.951113063e-06 
48.20783454 
0.9212541768 
    1 
2.618021916e-14 
2.598375965e-22 
-2.595208615e-22 
0.9914449585 
-2.920418456e-06 
48.71451553 
0.9212556771 
    1 
2.618090771e-14 
1.494508455e-22 
-1.517711444e-22 
0.9914433606 
-2.890355739e-06 
49.22119735 
0.9212571619 
    1 
2.614234916e-14 
8.450924057e-23 
-9.020024746e-23 
0.991441779 
-2.860905598e-06 
49.72787998 
0.9212586315 
    1 
2.605180856e-14 
4.5244533e-23 
-5.610540179e-23 
0.9914402135 
-2.832049501e-06 
50.23456342 
0.9212600861 
    1 
2.588903772e-14 
1.968360876e-23 
-3.914724267e-23 
