-0.1266174612 
-0.0005225674953 
0.9718844624 
-0.09587897165 
0.5261971108 
0.8706463587 
0.3024367291 
0.5204671369 
0.9248586838 
-0.2582564865 
0.9050770434 
-0.1367816301 
0.9349105515 
0.613286081 
0.5604441423 
0.4096471335 
0.7419815266 
-0.3792814351 
0.8301851529 
-0.1306866576 
1.213192371 
0.4172518595 
0.7487765529 
0.2755408692 
0.5340804731 
-0.3590522793 
0.7637090752 
-0.1108086274 
1.413977865 
0.3280861549 
0.8674723955 
0.1618836301 
0.3584819944 
-0.2753757695 
0.707649457 
-0.09396500078 
1.58616577 
0.30528681 
0.9339457641 
0.08615155213 
0.2312897715 
-0.189606684 
0.6594121117 
-0.08214448128 
1.754861169 
0.3109013428 
0.9682467458 
0.04302758322 
0.1461512865 
-0.12372415 
0.6167099111 
-0.07352568597 
1.930004877 
0.326987513 
0.9850655861 
0.02068997929 
0.09135469185 
-0.07863536903 
0.57821768 
-0.06666509754 
2.115237414 
0.347002913 
0.9930669223 
0.009730964433 
0.05676390943 
-0.04932493851 
0.543190439 
-0.06084886625 
2.312021925 
0.3688101383 
0.9968066473 
0.00451741942 
0.03514352646 
-0.03072435891 
0.5111534277 
-0.05575605008 
2.521124254 
0.3917381918 
0.9985362566 
0.002080740447 
0.02170383148 
-0.01905968845 
0.4817563913 
-0.05122976153 
2.743092789 
0.4155796142 
0.999331093 
0.0009537717632 
0.01337778036 
-0.01179105741 
0.4547149303 
-0.0471776773 
2.978409382 
0.4402725462 
0.9996949067 
0.0004358629756 
0.008232130238 
-0.007279104263 
0.4297869656 
-0.04353470794 
3.227536965 
0.4658014536 
0.9998610136 
0.000198799846 
0.005058149474 
-0.004485768041 
0.4067620858 
-0.04024949275 
3.490934799 
0.4921657921 
0.9999367321 
9.056268733e-05 
0.003103616073 
-0.002760011133 
0.385455623 
-0.03727924695 
3.769063442 
0.5193699164 
0.9999712129 
4.122398313e-05 
0.001901842993 
-0.001695709591 
0.365704638 
-0.0345874728 
4.062386364 
0.5474197643 
0.999986905 
1.87564706e-05 
0.001163961935 
-0.001040388897 
0.3473648384 
-0.03214269372 
4.371370456 
0.5763217491 
0.9999940438 
8.53183406e-06 
0.0007115147121 
-0.0006374895672 
0.330308064 
-0.02991760174 
4.696486178 
0.6060823862 
0.9999972909 
3.880471187e-06 
0.0004344414428 
-0.0003901296957 
0.3144201788 
-0.02788840972 
5.038207567 
0.6367081671 
0.9999987678 
1.764893241e-06 
0.0002649723144 
-0.0002384659152 
0.2995992834 
-0.0260343296 
5.397012213 
0.6682055184 
0.9999994395 
8.027348049e-07 
0.0001614395627 
-0.0001455948386 
0.2857541874 
-0.02433714122 
5.773381222 
0.700580789 
0.999999745 
3.651438343e-07 
9.826003035e-05 
-8.879480443e-05 
0.2728030991 
-0.02278083156 
6.167799168 
0.733840248 
0.999999884 
1.661140016e-07 
5.974719308e-05 
-5.409652498e-05 
0.2606724978 
-0.02135129086 
6.580754052 
0.7679900856 
0.9999999472 
7.557995612e-08 
3.629503031e-05 
-3.292370274e-05 
0.2492961593 
-0.02003605563 
7.012737257 
0.8030364144 
0.999999976 
3.439298115e-08 
2.20282702e-05 
-2.001804902e-05 
0.2386143124 
-0.0188240903 
7.464243508 
0.8389852722 
0.9999999891 
1.56530267e-08 
1.335767812e-05 
-1.21597316e-05 
0.228572906 
-0.01770560123 
7.935770831 
0.8758426243 
0.999999995 
7.125137147e-09 
8.093045235e-06 
-7.379551387e-06 
0.2191229708 
-0.01667187781 
8.427820513 
0.9136143649 
0.9999999977 
3.243804005e-09 
4.899319762e-06 
-4.474592294e-06 
0.2102200622 
-0.01571515619 
8.940897064 
0.9523063202 
0.999999999 
1.477004518e-09 
2.963563396e-06 
-2.710863258e-06 
0.2018237723 
-0.01482850219 
9.475508178 
0.9919242495 
0.9999999995 
6.726262489e-10 
1.791259468e-06 
-1.640985778e-06 
0.1938973024 
-0.01400571043 
10.0321647 
1.032473848 
0.9999999998 
3.063581763e-10 
1.081880519e-06 
-9.92560307e-07 
0.1864070865 
-0.01324121706 
10.6113806 
1.073960747 
0.9999999999 
1.395559076e-10 
6.529603453e-07 
-5.998948158e-07 
0.1793224599 
-0.01253002429 
11.2136729 
1.116390518 
    1 
6.358104656e-11 
3.938136149e-07 
-3.623014991e-07 
0.172615366 
-0.01186763474 
11.83956171 
1.159768672 
    1 
2.897081021e-11 
2.373560593e-07 
-2.186513494e-07 
0.1662600976 
-0.0112499944 
12.48957011 
1.204100664 
    1 
1.32023426e-11 
1.429632603e-07 
-1.318654189e-07 
0.1602330665 
-0.01067344278 
13.16422421 
1.24939189 
    1 
6.017152936e-12 
8.605409534e-08 
-7.947228e-08 
0.1545126 
-0.01013466938 
13.86405304 
1.295647694 
    1 
2.742772262e-12 
5.176660779e-08 
-4.786469291e-08 
0.1490787585 
-0.009630675543 
14.58958857 
1.342873364 
    1 
1.250419164e-12 
3.112194074e-08 
-2.880966377e-08 
0.1439131736 
-0.00915874095 
15.34136565 
1.391074137 
    1 
5.702938423e-13 
1.869949355e-08 
-1.732975804e-08 
0.1389989036 
-0.008716394142 
16.11992201 
1.440255201 
    1 
2.602077726e-13 
1.122913553e-08 
-1.041803815e-08 
0.1343203035 
-0.008301386555 
16.92579822 
1.490421691 
    1 
1.189793623e-13 
6.739426062e-09 
-6.259302356e-09 
0.129862909 
-0.007911669578 
17.75953766 
1.541578695 
    1 
5.513809893e-14 
4.04264997e-09 
-3.758543307e-09 
0.1256133323 
-0.007545374261 
18.62168647 
1.593731256 
    1 
2.625999041e-14 
2.423719006e-09 
-2.25565996e-09 
0.1215591682 
-0.007200793322 
19.51279359 
1.646884367 
    1 
2.065444677e-14 
1.452370151e-09 
-1.352990264e-09 
0.1176889099 
-0.006876365185 
20.43341068 
1.701042979 
    1 
2.048112273e-14 
8.698754184e-10 
-8.111271606e-10 
0.1139918723 
-0.006570659779 
21.38409209 
1.756211998 
    1 
2.03714006e-14 
5.207473353e-10 
-4.860293108e-10 
0.1104581241 
-0.006282365885 
22.36539488 
1.812396285 
    1 
2.028576776e-14 
3.115965589e-10 
-2.910857864e-10 
0.1070784247 
-0.006010279855 
23.37787877 
1.869600663 
    1 
2.022135225e-14 
1.863626988e-10 
-1.742489271e-10 
0.1038441684 
-0.005753295526 
24.42210611 
1.92782991 
    1 
2.017432153e-14 
1.114117567e-10 
-1.042593809e-10 
0.1007473332 
-0.005510395201 
25.49864187 
1.987088765 
    1 
2.014026726e-14 
6.657535876e-11 
-6.235355584e-11 
0.09778043417 
-0.00528064156 
26.60805363 
2.047381928 
    1 
2.011459808e-14 
3.976592298e-11 
-3.727462735e-11 
0.09493648173 
-0.005063170401 
27.75091152 
2.10871406 
    1 
2.009309606e-14 
2.374259081e-11 
-2.227286898e-11 
0.09220894284 
-0.004857184125 
28.92778824 
2.171089784 
    1 
2.00723892e-14 
1.416996937e-11 
-1.330314647e-11 
0.08959170624 
-0.004661945859 
30.13925902 
2.234513687 
    1 
2.00501757e-14 
8.453520339e-12 
-7.942411203e-12 
0.08707905044 
-0.004476774176 
31.3859016 
2.298990318 
    1 
2.002519955e-14 
5.04124913e-12 
-4.739957169e-12 
0.0846656146 
-0.004301038318 
32.66829622 
2.364524191 
    1 
1.999706159e-14 
3.005207267e-12 
-2.827643406e-12 
0.08234637184 
-0.004134153885 
33.98702557 
2.431119786 
    1 
1.996595854e-14 
1.790812541e-12 
-1.68619195e-12 
0.08011660486 
-0.003975578943 
35.34267482 
2.498781547 
    1 
1.993242144e-14 
1.066765201e-12 
-1.00513726e-12 
0.07797188357 
-0.003824810487 
36.73583156 
2.567513887 
    1 
1.9897098e-14 
6.352344457e-13 
-5.989401571e-13 
0.07590804453 
-0.003681381242 
38.16708582 
2.637321184 
    1 
1.98605995e-14 
3.781369209e-13 
-3.567670813e-13 
0.07392117216 
-0.003544856763 
39.63702999 
2.708207784 
    1 
1.982341445e-14 
2.250179788e-13 
-2.12438325e-13 
0.07200758142 
-0.003414832785 
41.14625887 
2.780178002 
    1 
1.978587856e-14 
1.338571554e-13 
-1.264535609e-13 
0.07016380183 
-0.003290932834 
42.69536963 
2.853236122 
    1 
1.974818461e-14 
7.960223177e-14 
-7.5245859e-14 
0.06838656287 
-0.003172806032 
44.28496177 
2.927386396 
    1 
1.971041529e-14 
4.732287543e-14 
-4.476005694e-14 
0.0666727804 
-0.003060125104 
45.91563712 
3.002633048 
    1 
1.967258412e-14 
2.812432401e-14 
-2.661694338e-14 
0.0650195442 
-0.002952584565 
47.58799984 
3.078980272 
    1 
1.963467434e-14 
1.670940228e-14 
-1.582297712e-14 
0.06342410647 
-0.002849899055 
49.30265637 
3.15643223 
    1 
1.959666958e-14 
9.924537486e-15 
-9.40337034e-15 
0.06188387117 
-0.00275180182 
51.06021545 
3.234993061 
    1 
1.955857407e-14 
5.892950343e-15 
-5.586592152e-15 
0.06039638418 
-0.002658043323 
52.86128808 
3.314666872 
    1 
1.952042229e-14 
3.498089815e-15 
-3.318036503e-15 
0.05895932417 
-0.00256838997 
54.70648751 
3.395457744 
    1 
1.948227925e-14 
2.07590393e-15 
-1.970102027e-15 
0.05757049418 
-0.002482622945 
56.59642922 
3.477369731 
    1 
1.944423283e-14 
1.231584024e-15 
-1.169424434e-15 
0.05622781378 
-0.002400537137 
58.53173094 
3.560406859 
    1 
1.940637808e-14 
7.304721343e-16 
-6.93959211e-16 
0.05492931181 
-0.002321940155 
60.51301257 
3.64457313 
    1 
1.936879192e-14 
4.33140023e-16 
-4.116957993e-16 
0.05367311962 
-0.002246651428 
62.54089622 
3.729872519 
    1 
1.933149219e-14 
2.567675948e-16 
-2.441754203e-16 
0.05245746482 
-0.002174501367 
64.6160062 
3.816308976 
    1 
1.929436904e-14 
1.521743536e-16 
-1.447813793e-16 
0.05128066547 
-0.002105330604 
66.73896895 
3.903886426 
    1 
1.925706446e-14 
9.016419987e-17 
-8.582442638e-17 
0.0501411246 
-0.002038989284 
68.91041308 
3.992608771 
    1 
1.921875533e-14 
5.340970979e-17 
-5.086261194e-17 
0.04903732521 
-0.001975336412 
71.13096935 
4.082479886 
    1 
1.917775739e-14 
3.163018041e-17 
-3.013547307e-17 
0.04796782556 
-0.001914239258 
73.40127062 
4.173503625 
    1 
1.913079961e-14 
1.87275248e-17 
-1.785052416e-17 
0.04693125474 
-0.001855572794 
75.72195188 
4.265683817 
    1 
1.907169632e-14 
1.108557431e-17 
-1.057108299e-17 
0.04592630862 
-0.001799219186 
78.09365021 
4.359024269 
    1 
1.898892569e-14 
6.560499616e-18 
-6.258718703e-18 
0.04495174601 
-0.00174506732 
80.5170048 
4.453528764 
    1 
1.888650337e-14 
3.881667028e-18 
-3.704679696e-18 
0.04400638508 
-0.001693012359 
82.99265688 
4.549201064 
    1 
1.879311484e-14 
2.296169752e-18 
-2.192385755e-18 
0.04308910003 
-0.001642955338 
85.52124976 
4.64604491 
    1 
1.870393079e-14 
1.357987305e-18 
-1.297137746e-18 
0.04219881795 
-0.001594802787 
88.10342882 
4.744064018 
    1 
1.86194241e-14 
8.029620976e-19 
-7.67290364e-19 
0.04133451593 
-0.00154846638 
90.73984144 
4.843262086 
    1 
1.853858731e-14 
4.746828744e-19 
-4.537739659e-19 
0.04049521829 
-0.001503862612 
93.43113706 
4.943642788 
    1 
1.846050864e-14 
2.805580738e-19 
-2.683040525e-19 
0.039679994 
-0.001460912494 
96.17796712 
5.045209781 
    1 
1.838460093e-14 
1.657883792e-19 
-1.586077375e-19 
0.03888795432 
-0.001419541276 
98.98098506 
5.147966699 
    1 
1.831065856e-14 
9.794871206e-20 
-9.374168946e-20 
0.03811825052 
-0.001379678183 
101.8408463 
5.251917155 
    1 
1.823854937e-14 
5.785720061e-20 
-5.539297828e-20 
0.03737007174 
-0.001341256175 
104.7582084 
5.357064744 
    1 
1.816800387e-14 
3.416877453e-20 
-3.27260784e-20 
0.03664264303 
-0.001304211718 
107.7337305 
5.463413042 
    1 
1.809857347e-14 
2.017481831e-20 
-1.933120498e-20 
0.03593522345 
-0.001268484577 
110.7680742 
5.570965604 
    1 
1.802963727e-14 
1.190913286e-20 
-1.14175246e-20 
0.03524710435 
-0.001234017617 
113.8619027 
5.679725966 
    1 
1.796038808e-14 
7.027230318e-21 
-6.743687582e-21 
0.03457760768 
-0.001200756618 
117.0158813 
5.789697647 
    1 
1.78897856e-14 
4.143318269e-21 
-3.984978314e-21 
0.03392608445 
-0.001168650109 
120.230677 
5.900884145 
    1 
1.781648962e-14 
2.438071284e-21 
-2.358987993e-21 
0.03329191326 
-0.001137649204 
123.5069592 
6.013288941 
    1 
1.773878237e-14 
1.426521214e-21 
-1.404379399e-21 
0.03267449892 
-0.001107707456 
126.8453986 
6.126915498 
    1 
1.765447631e-14 
8.205109576e-22 
-8.503886125e-22 
0.03207327115 
-0.001078780714 
130.2466683 
6.241767262 
    1 
1.756079204e-14 
4.468145831e-22 
-5.402695411e-22 
0.03148768334 
-0.001050826995 
133.711443 
6.35784766 
    1 
1.745418526e-14 
1.977193373e-22 
-3.871104445e-22 
