0.3233312139 
-0.0006136806501 
0.9967079702 
-0.01050163749 
0.5437677498 
0.9630310022 
0.3861444799 
0.6311077697 
0.9131786618 
-0.293653439 
0.9905422755 
-0.01037248511 
1.055675699 
0.900276694 
0.6736116081 
0.4094416379 
0.7126007063 
-0.4018784657 
0.986099142 
-0.005743816414 
1.53895994 
0.8621326565 
0.8429824341 
0.2186551482 
0.499629359 
-0.3564812985 
0.9839357514 
-0.002482633072 
2.008293964 
0.8472079852 
0.9285560731 
0.1044566854 
0.3290057965 
-0.2624033474 
0.9830337693 
-0.001020036977 
2.472690558 
0.8424744133 
0.9683321276 
0.04724676953 
0.2091871773 
-0.1767321891 
0.9826495678 
-0.0004690318086 
2.935593705 
0.8411263885 
0.9861074006 
0.02086815988 
0.1303470579 
-0.1138010418 
0.9824553393 
-0.000269993753 
3.398089314 
0.8407893865 
0.9939222141 
0.009136289454 
0.08021165389 
-0.07149748001 
0.9823309511 
-0.0001934552612 
3.86049591 
0.8407432258 
0.9973394429 
0.003992034005 
0.04894512332 
-0.04425887508 
0.982235168 
-0.0001587176838 
4.322904139 
0.8407780673 
0.9988329892 
0.0017460323 
0.02968319067 
-0.02712990529 
0.98215371 
-0.0001389770114 
4.785338425 
0.8408329704 
0.9994868216 
0.0007653698041 
0.01791616726 
-0.01651328757 
0.9820812044 
-0.000125357036 
5.247803971 
0.8408903122 
0.9997737485 
0.0003363794165 
0.01077235103 
-0.009997142621 
0.9820152725 
-0.0001147766893 
5.710300489 
0.8409452394 
0.9998999989 
0.0001482338056 
0.006456347077 
-0.006026204126 
0.9819546171 
-0.0001060434443 
6.172826272 
0.8409966863 
0.9999556966 
6.54902794e-05 
0.003859069947 
-0.003619632392 
0.9818983899 
-9.860959629e-05 
6.63537939 
0.8410446817 
0.9999803298 
2.900298242e-05 
0.002301226289 
-0.002167599349 
0.9818459669 
-9.217014295e-05 
7.097958024 
0.8410895334 
0.9999912494 
1.287244442e-05 
0.001369448696 
-0.001294711157 
0.981796859 
-8.65265164e-05 
7.560560541 
0.8411315856 
0.9999961002 
5.72465172e-06 
0.0008134803709 
-0.0007716013668 
0.9817506699 
-8.153602704e-05 
8.02318549 
0.841171153 
0.9999982591 
2.55052007e-06 
0.0004824478986 
-0.0004589425392 
0.9817070713 
-7.709029192e-05 
8.485831581 
0.8412085084 
0.9999992217 
1.138225772e-06 
0.0002857123539 
-0.0002725002873 
0.9816657879 
-7.31043481e-05 
8.948497663 
0.8412438843 
0.9999996516 
5.08725195e-07 
0.0001689837986 
-0.0001615477481 
0.9816265862 
-6.951025465e-05 
9.411182703 
0.8412774795 
0.9999998438 
2.276853188e-07 
9.982788403e-05 
-9.563776386e-05 
0.9815892663 
-6.625290126e-05 
9.87388577 
0.8413094647 
0.9999999299 
1.020308987e-07 
5.891087235e-05 
-5.6547261e-05 
0.9815536559 
-6.328707269e-05 
10.33660602 
0.841339987 
0.9999999685 
4.577484243e-08 
3.473088798e-05 
-3.339629023e-05 
0.9815196053 
-6.057530921e-05 
10.79934268 
0.8413691746 
0.9999999858 
2.055791443e-08 
2.045729615e-05 
-1.970304856e-05 
0.9814869835 
-5.808630758e-05 
11.26209506 
0.8413971393 
0.9999999936 
9.241689197e-09 
1.203991344e-05 
-1.161329901e-05 
0.9814556755 
-5.579370469e-05 
11.7248625 
0.8414239794 
0.9999999971 
4.158251868e-09 
7.080576384e-06 
-6.839092773e-06 
0.9814255797 
-5.36751396e-05 
12.18764442 
0.8414497821 
0.9999999987 
1.87252542e-09 
4.161101215e-06 
-4.024313901e-06 
0.9813966056 
-5.171152166e-05 
12.65044026 
0.8414746245 
0.9999999994 
8.438701956e-10 
2.443791102e-06 
-2.366257818e-06 
0.9813686726 
-4.988645375e-05 
13.11324951 
0.8414985756 
0.9999999997 
3.805665723e-10 
1.434351152e-06 
-1.390377233e-06 
0.9813417087 
-4.818577342e-05 
13.57607171 
0.8415216971 
0.9999999999 
1.717400792e-10 
8.413952156e-07 
-8.164406988e-07 
0.9813156487 
-4.659718473e-05 
14.03890641 
0.8415440447 
0.9999999999 
7.754946731e-11 
4.933028004e-07 
-4.791339616e-07 
0.9812904341 
-4.51099606e-05 
14.5017532 
0.8415656685 
    1 
3.503773872e-11 
2.890749653e-07 
-2.810260745e-07 
0.9812660118 
-4.371470032e-05 
14.96461169 
0.8415866138 
    1 
1.583908863e-11 
1.693182647e-07 
-1.647437884e-07 
0.9812423335 
-4.24031307e-05 
15.42748152 
0.8416069221 
    1 
7.163927925e-12 
9.913008517e-08 
-9.65290972e-08 
0.9812193552 
-4.116794196e-05 
15.89036236 
0.8416266309 
    1 
3.24186433e-12 
5.801314297e-08 
-5.653363947e-08 
0.9811970368 
-4.000265147e-05 
16.35325388 
0.8416457747 
    1 
1.4676825e-12 
3.39372425e-08 
-3.30953351e-08 
0.9811753413 
-3.890148996e-05 
16.81615578 
0.8416643849 
    1 
6.648173789e-13 
1.984564138e-08 
-1.936637814e-08 
0.9811542351 
-3.785930605e-05 
17.27906778 
0.8416824905 
    1 
3.01630976e-13 
1.160113881e-08 
-1.132821785e-08 
0.9811336869 
-3.687148567e-05 
17.7419896 
0.8417001181 
    1 
1.376303961e-13 
6.779393183e-09 
-6.623923817e-09 
0.981113668 
-3.593388379e-05 
18.20492099 
0.8417172924 
    1 
6.427826253e-14 
3.960435726e-09 
-3.871844507e-09 
0.9810941518 
-3.504276631e-05 
18.66786171 
0.841734036 
    1 
3.278817811e-14 
2.312936827e-09 
-2.262439578e-09 
0.9810751137 
-3.419476035e-05 
19.13081152 
0.8417503701 
    1 
2.555742389e-14 
1.350390756e-09 
-1.321598895e-09 
0.9810565309 
-3.338681164e-05 
19.59377021 
0.8417663143 
    1 
2.530407265e-14 
7.881988942e-10 
-7.717782223e-10 
0.9810383821 
-3.261614773e-05 
20.05673756 
0.8417818866 
    1 
2.522530726e-14 
4.599369151e-10 
-4.505693684e-10 
0.9810206474 
-3.188024623e-05 
20.51971338 
0.8417971042 
    1 
2.51797617e-14 
2.683192553e-10 
-2.629739868e-10 
0.9810033085 
-3.117680727e-05 
20.98269748 
0.8418119827 
    1 
2.513039878e-14 
1.564952834e-10 
-1.534444591e-10 
0.980986348 
-3.050372944e-05 
21.44568967 
0.8418265369 
    1 
2.508632148e-14 
9.125379244e-11 
-8.951212816e-11 
0.9809697498 
-2.985908888e-05 
21.90868978 
0.8418407808 
    1 
2.503208927e-14 
5.319918625e-11 
-5.220468086e-11 
0.9809534987 
-2.92411209e-05 
22.37169764 
0.8418547273 
    1 
2.496329693e-14 
3.100754204e-11 
-3.043955112e-11 
0.9809375806 
-2.864820385e-05 
22.83471309 
0.8418683885 
    1 
2.4882417e-14 
1.806931271e-11 
-1.774485092e-11 
0.980921982 
-2.807884491e-05 
23.29773598 
0.8418817759 
    1 
2.479491595e-14 
1.052764686e-11 
-1.034226374e-11 
0.9809066903 
-2.753166758e-05 
23.76076615 
0.8418949002 
    1 
2.470636967e-14 
6.132528963e-12 
-6.026589437e-12 
0.9808916938 
-2.700540053e-05 
24.22380348 
0.8419077716 
    1 
2.462071545e-14 
3.571655747e-12 
-3.511104368e-12 
0.9808769813 
-2.649886774e-05 
24.68684782 
0.8419203997 
    1 
2.453930337e-14 
2.079812355e-12 
-2.045197277e-12 
0.9808625422 
-2.601097978e-05 
25.14989904 
0.8419327935 
    1 
2.446027056e-14 
1.210893714e-12 
-1.191102193e-12 
0.9808483665 
-2.554072593e-05 
25.61295701 
0.8419449615 
    1 
2.437766759e-14 
7.048842269e-13 
-6.935664026e-13 
0.9808344448 
-2.508716724e-05 
26.07602162 
0.8419569118 
    1 
2.427961272e-14 
4.102625826e-13 
-4.037894538e-13 
0.9808207682 
-2.464943025e-05 
26.53909274 
0.8419686521 
    1 
2.416957314e-14 
2.387485271e-13 
-2.35045723e-13 
0.9808073282 
-2.422670137e-05 
27.00217026 
0.8419801896 
    1 
2.407528004e-14 
1.38917313e-13 
-1.367989021e-13 
0.9807941167 
-2.381822187e-05 
27.46525407 
0.8419915312 
    1 
2.399069307e-14 
8.081854498e-14 
-7.960641116e-14 
0.9807811262 
-2.34232833e-05 
27.92834407 
0.8420026835 
    1 
2.391491082e-14 
4.701177556e-14 
-4.631811049e-14 
0.9807683492 
-2.304122341e-05 
28.39144015 
0.8420136526 
    1 
2.384657703e-14 
2.734293645e-14 
-2.694592222e-14 
0.980755779 
-2.267142242e-05 
28.85454221 
0.8420244446 
    1 
2.378556785e-14 
1.590114261e-14 
-1.567388548e-14 
0.980743409 
-2.231329972e-05 
29.31765017 
0.842035065 
    1 
2.373168059e-14 
9.246085735e-15 
-9.115984193e-15 
0.9807312328 
-2.196631078e-05 
29.78076391 
0.8420455192 
    1 
2.368417427e-14 
5.375706487e-15 
-5.301216277e-15 
0.9807192445 
-2.162994439e-05 
30.24388337 
0.8420558124 
    1 
2.364219467e-14 
3.125091938e-15 
-3.082437305e-15 
0.9807074384 
-2.130372018e-05 
30.70700844 
0.8420659493 
    1 
2.360507971e-14 
1.816524111e-15 
-1.792096444e-15 
0.9806958091 
-2.098718631e-05 
31.17013904 
0.8420759347 
    1 
2.357249286e-14 
1.055776732e-15 
-1.04178585e-15 
0.9806843513 
-2.067991737e-05 
31.6332751 
0.8420857731 
    1 
2.354445817e-14 
6.135598457e-16 
-6.055457562e-16 
0.98067306 
-2.038151252e-05 
32.09641653 
0.8420954688 
    1 
2.352137133e-14 
3.56530763e-16 
-3.519397564e-16 
0.9806619304 
-2.009159368e-05 
32.55956325 
0.8421050257 
    1 
2.350405137e-14 
2.071541229e-16 
-2.045238243e-16 
0.9806509581 
-1.9809804e-05 
33.02271519 
0.8421144479 
    1 
2.349389317e-14 
1.203504872e-16 
-1.188433792e-16 
0.9806401386 
-1.953580632e-05 
33.48587227 
0.842123739 
    1 
2.349320204e-14 
6.991348954e-17 
-6.904986542e-17 
0.9806294678 
-1.926928192e-05 
33.94903443 
0.8421329027 
    1 
2.350585133e-14 
4.0610101e-17 
-4.011516953e-17 
0.9806189415 
-1.900992918e-05 
34.4122016 
0.8421419424 
    1 
2.35385253e-14 
2.358675461e-17 
-2.330309059e-17 
0.980608556 
-1.875746252e-05 
34.87537371 
0.8421508614 
    1 
2.360303121e-14 
1.369822703e-17 
-1.353563424e-17 
0.9805983074 
-1.851161133e-05 
35.33855068 
0.842159663 
    1 
2.369534408e-14 
7.954695609e-18 
-7.861491472e-18 
0.9805881924 
-1.827211898e-05 
35.80173247 
0.8421683501 
    1 
2.378659329e-14 
4.618987131e-18 
-4.565554689e-18 
0.9805782074 
-1.803874194e-05 
36.264919 
0.8421769258 
    1 
2.388115044e-14 
2.681852133e-18 
-2.651217698e-18 
0.9805683491 
-1.781124897e-05 
36.72811023 
0.8421853927 
    1 
2.397810049e-14 
1.55700021e-18 
-1.539435181e-18 
0.9805586143 
-1.758942033e-05 
37.19130607 
0.8421937537 
    1 
2.407839587e-14 
9.038765562e-19 
-8.938044305e-19 
0.980549 
-1.737304711e-05 
37.65450649 
0.8422020114 
    1 
2.418362637e-14 
5.246830021e-19 
-5.189070194e-19 
0.9805395033 
-1.716193053e-05 
38.11771142 
0.8422101683 
    1 
2.429571093e-14 
3.045461204e-19 
-3.012335719e-19 
0.9805301213 
-1.695588134e-05 
38.58092081 
0.8422182268 
    1 
2.441628025e-14 
1.767576043e-19 
-1.748577106e-19 
0.9805208513 
-1.675471929e-05 
39.04413461 
0.8422261893 
    1 
2.454638162e-14 
1.02582393e-19 
-1.014926459e-19 
0.9805116906 
-1.655827256e-05 
39.50735276 
0.842234058 
    1 
2.468640076e-14 
5.953027984e-20 
-5.890518033e-20 
0.9805026367 
-1.636637731e-05 
39.97057521 
0.8422418352 
    1 
2.483604318e-14 
3.454411363e-20 
-3.418552735e-20 
0.9804936871 
-1.617887718e-05 
40.43380192 
0.8422495229 
    1 
2.499429335e-14 
2.004387988e-20 
-1.983817583e-20 
0.9804848395 
-1.599562291e-05 
40.89703283 
0.8422571231 
    1 
2.515932523e-14 
1.162951312e-20 
-1.151152235e-20 
0.9804760915 
-1.581647191e-05 
41.36026789 
0.8422646379 
    1 
2.532834418e-14 
6.747038292e-21 
-6.679389098e-21 
0.980467441 
-1.564128791e-05 
41.82350707 
0.8422720691 
    1 
2.549732236e-14 
3.914129218e-21 
-3.875399737e-21 
0.9804588857 
-1.54699406e-05 
42.28675031 
0.8422794185 
    1 
2.566055939e-14 
2.270500461e-21 
-2.248429358e-21 
0.9804504237 
-1.530230532e-05 
42.74999757 
0.8422866881 
    1 
2.58099387e-14 
1.316902468e-21 
-1.304503819e-21 
0.9804420528 
-1.513826276e-05 
43.21324881 
0.8422938794 
    1 
2.593362259e-14 
7.636130905e-22 
-7.569633416e-22 
0.9804337712 
-1.497769867e-05 
43.67650398 
0.8423009941 
    1 
2.601370522e-14 
4.42492355e-22 
-4.394876418e-22 
0.980425577 
-1.482050356e-05 
44.13976304 
0.8423080339 
    1 
2.60471859e-14 
2.559304862e-22 
-2.556203746e-22 
0.9804174684 
-1.466657253e-05 
44.60302595 
0.8423150003 
    1 
2.605502084e-14 
1.47203014e-22 
-1.494894468e-22 
0.9804094435 
-1.451580497e-05 
45.06629268 
0.8423218948 
    1 
2.602303286e-14 
8.323785453e-23 
-8.88438085e-23 
0.9804015007 
-1.436810436e-05 
45.52956318 
0.8423287189 
    1 
2.593820401e-14 
4.456369501e-23 
-5.526142312e-23 
0.9803936383 
-1.422337808e-05 
45.99283741 
0.8423354741 
    1 
2.577990618e-14 
1.938734133e-23 
-3.855814308e-23 
