0.1897243086 
-0.0006072631787 
0.9919789676 
-0.0260215169 
0.5355383805 
0.9204436869 
0.3622450881 
0.602798757 
0.9138531721 
-0.2921255538 
0.976065288 
-0.02806370991 
1.002190798 
0.7790433058 
0.6444174661 
0.4159044028 
0.7133390504 
-0.4033980685 
0.9633999906 
-0.01751885655 
1.402488517 
0.6876954893 
0.8215794588 
0.2365551137 
0.4990423753 
-0.3591806639 
0.9563530299 
-0.008893720943 
1.768679733 
0.6503891367 
0.916262314 
0.1185296951 
0.3272429735 
-0.2637993179 
0.95280354 
-0.004598658127 
2.122465858 
0.6385346326 
0.9620848442 
0.05536370976 
0.2070659629 
-0.1767422934 
0.9508427934 
-0.002796712202 
2.47259797 
0.635443149 
0.9831219838 
0.0249796112 
0.1284369304 
-0.1131384308 
0.9495405496 
-0.002040771902 
2.821900366 
0.6349839731 
0.9925394183 
0.01109598537 
0.078721518 
-0.07069464107 
0.9485279303 
-0.001679601015 
3.171195012 
0.6352575455 
0.9967092377 
0.004898362527 
0.04787457121 
-0.04355780697 
0.9476662796 
-0.001468978702 
3.520701769 
0.6357102193 
0.9985482076 
0.002158728809 
0.02895274468 
-0.02659652598 
0.9469006465 
-0.001322345775 
3.870466995 
0.6361849439 
0.9993587024 
0.0009517599034 
0.01743461074 
-0.01613680835 
0.9462058481 
-0.001208319897 
4.220488626 
0.6366395484 
0.9997162363 
0.0004202011151 
0.01046241426 
-0.009743404494 
0.9455678757 
-0.001114360329 
4.57075238 
0.6370650346 
0.999874206 
0.0001858494292 
0.006260323699 
-0.005860366788 
0.9449774906 
-0.001034568996 
4.921242133 
0.6374617275 
0.9999441313 
8.235554225e-05 
0.003736711692 
-0.003513562125 
0.9444278904 
-0.0009656136006 
5.271942734 
0.6378322591 
0.9999751429 
3.65633492e-05 
0.002225622648 
-0.002100823207 
0.9439137521 
-0.0009053117438 
5.6228406 
0.6381795361 
0.999988922 
1.626245147e-05 
0.00132310886 
-0.001253174962 
0.9434307691 
-0.0008520940393 
5.973923684 
0.6385062008 
0.9999950552 
7.245453415e-06 
0.0007852615197 
-0.0007460061304 
0.9429753867 
-0.000804770361 
6.325181292 
0.6388145332 
0.9999977896 
3.233201633e-06 
0.0004653556464 
-0.0004432879754 
0.9425446291 
-0.0007624100112 
6.676603891 
0.6391064763 
0.9999990106 
1.444893179e-06 
0.0002754056807 
-0.0002629837781 
0.942135978 
-0.0007242706637 
7.028182934 
0.6393836867 
0.9999995566 
6.465835342e-07 
0.0001627922899 
-0.0001557916778 
0.9417472827 
-0.0006897516698 
7.379910719 
0.6396475843 
0.9999998011 
2.897029662e-07 
9.612047283e-05 
-9.217088815e-05 
0.9413766919 
-0.0006583613656 
7.731780269 
0.6398993936 
0.9999999107 
1.299504416e-07 
5.669710255e-05 
-5.446665143e-05 
0.9410225998 
-0.0006296932886 
8.083785234 
0.6401401777 
0.9999999598 
5.835256332e-08 
3.341221387e-05 
-3.215147898e-05 
0.9406836052 
-0.0006034084469 
8.435919811 
0.6403708652 
0.9999999819 
2.622792494e-08 
1.967347958e-05 
-1.896027676e-05 
0.9403584781 
-0.0005792218669 
8.788178677 
0.6405922722 
0.9999999919 
1.179933583e-08 
1.157489455e-05 
-1.117112576e-05 
0.9400461325 
-0.0005568922435 
9.14055693 
0.6408051194 
0.9999999963 
5.31265671e-09 
6.805155914e-06 
-6.576407444e-06 
0.9397456052 
-0.0005362138862 
9.493050041 
0.6410100466 
0.9999999983 
2.393868513e-09 
3.99822115e-06 
-3.868542818e-06 
0.9394560378 
-0.0005170103835 
9.845653814 
0.6412076244 
0.9999999993 
1.079442311e-09 
2.347596365e-06 
-2.274036533e-06 
0.9391766618 
-0.000499129574 
10.19836435 
0.6413983638 
0.9999999997 
4.870661079e-10 
1.377609386e-06 
-1.335859007e-06 
0.938906787 
-0.0004824395196 
10.55117802 
0.6415827242 
0.9999999998 
2.19910771e-10 
8.079625112e-07 
-7.842536582e-07 
0.9386457908 
-0.0004668252546 
10.90409142 
0.6417611202 
0.9999999999 
9.934760733e-11 
4.736239363e-07 
-4.601536565e-07 
0.9383931099 
-0.0004521861426 
11.25710139 
0.6419339271 
    1 
4.490629624e-11 
2.775025005e-07 
-2.698457322e-07 
0.9381482326 
-0.0004384337124 
11.61020494 
0.6421014859 
    1 
2.030871027e-11 
1.62518685e-07 
-1.581645165e-07 
0.9379106934 
-0.0004254898742 
11.96339928 
0.6422641073 
    1 
9.188906704e-12 
9.513801766e-08 
-9.266091019e-08 
0.9376800668 
-0.000413285441 
12.31668176 
0.642422075 
    1 
4.159609504e-12 
5.567107602e-08 
-5.426128632e-08 
0.9374559634 
-0.0004017588953 
12.67004991 
0.6425756491 
    1 
1.88374078e-12 
3.256411902e-08 
-3.176147224e-08 
0.9372380258 
-0.0003908553554 
13.02350136 
0.6427250683 
    1 
8.534111895e-13 
1.904109782e-08 
-1.858396039e-08 
0.9370259252 
-0.0003805257047 
13.37703391 
0.6428705525 
    1 
3.869468956e-13 
1.113001186e-08 
-1.086956841e-08 
0.9368193581 
-0.0003707258541 
13.73064543 
0.6430123044 
    1 
1.75745964e-13 
6.503658325e-09 
-6.355229855e-09 
0.9366180443 
-0.0003614161152 
14.08433393 
0.6431505114 
    1 
8.033501034e-14 
3.79913882e-09 
-3.714523036e-09 
0.9364217243 
-0.0003525606646 
14.43809751 
0.6432853474 
    1 
3.760000225e-14 
2.218627436e-09 
-2.170376056e-09 
0.9362301573 
-0.0003441270851 
14.79193436 
0.6434169734 
    1 
2.166148334e-14 
1.29527306e-09 
-1.267750648e-09 
0.9360431195 
-0.0003360859701 
15.14584275 
0.6435455394 
    1 
2.11284276e-14 
7.559996309e-10 
-7.402968624e-10 
0.9358604024 
-0.0003284105822 
15.49982104 
0.643671185 
    1 
2.095128232e-14 
4.411337848e-10 
-4.321724245e-10 
0.9356818118 
-0.0003210765575 
15.85386767 
0.6437940404 
    1 
2.088669037e-14 
2.573430196e-10 
-2.522276749e-10 
0.9355071661 
-0.0003140616474 
16.20798112 
0.6439142275 
    1 
2.087903392e-14 
1.500902018e-10 
-1.471695839e-10 
0.9353362955 
-0.0003073454949 
16.56215997 
0.6440318601 
    1 
2.090277843e-14 
8.751740332e-11 
-8.584950603e-11 
0.9351690409 
-0.0003009094369 
16.91640284 
0.6441470449 
    1 
2.09333265e-14 
5.102025606e-11 
-5.006755922e-11 
0.935005253 
-0.0002947363324 
17.27070841 
0.6442598823 
    1 
2.095482342e-14 
2.973724485e-11 
-2.919295859e-11 
0.9348447915 
-0.0002888104098 
17.62507541 
0.6443704663 
    1 
2.095841225e-14 
1.732894977e-11 
-1.7017933e-11 
0.9346875247 
-0.0002831171338 
17.97950264 
0.6444788855 
    1 
2.093776937e-14 
1.009625956e-11 
-9.91850497e-12 
0.9345333282 
-0.0002776430856 
18.33398892 
0.6445852235 
    1 
2.088466362e-14 
5.88123676e-12 
-5.779627021e-12 
0.9343820849 
-0.0002723758585 
18.68853313 
0.6446895589 
    1 
2.081014263e-14 
3.425308394e-12 
-3.3672153e-12 
0.9342336844 
-0.000267303964 
19.04313418 
0.6447919662 
    1 
2.075076287e-14 
1.994602503e-12 
-1.961383576e-12 
0.934088022 
-0.0002624167484 
19.39779105 
0.6448925155 
    1 
2.070189743e-14 
1.161291805e-12 
-1.142293447e-12 
0.9339449991 
-0.0002577043185 
19.75250272 
0.6449912733 
    1 
2.066064902e-14 
6.760163478e-13 
-6.651492534e-13 
0.9338045221 
-0.0002531574749 
20.10726824 
0.6450883027 
    1 
2.062604045e-14 
3.934651361e-13 
-3.872482141e-13 
0.9336665022 
-0.0002487676521 
20.46208665 
0.6451836633 
    1 
2.059721596e-14 
2.289764407e-13 
-2.2541931e-13 
0.9335308553 
-0.0002445268652 
20.81695707 
0.6452774118 
    1 
2.057290241e-14 
1.332333597e-13 
-1.311977967e-13 
0.9333975016 
-0.000240427661 
21.17187861 
0.6453696021 
    1 
2.055187433e-14 
7.751305241e-14 
-7.63480478e-14 
0.933266365 
-0.0002364630751 
21.52685044 
0.6454602853 
    1 
2.053329537e-14 
4.508980178e-14 
-4.442295324e-14 
0.9331373734 
-0.0002326265921 
21.88187175 
0.64554951 
    1 
2.051684373e-14 
2.622559153e-14 
-2.584383943e-14 
0.9330104581 
-0.00022891211 
22.23694174 
0.6456373227 
    1 
2.050266693e-14 
1.525167371e-14 
-1.503310468e-14 
0.9328855534 
-0.0002253139083 
22.59205964 
0.6457237675 
    1 
2.049120815e-14 
8.868632311e-15 
-8.743477609e-15 
0.9327625969 
-0.000221826618 
22.94722472 
0.6458088866 
    1 
2.04829835e-14 
5.156373087e-15 
-5.084700104e-15 
0.9326415291 
-0.0002184451959 
23.30243626 
0.6458927202 
    1 
2.047842751e-14 
2.997658061e-15 
-2.956608164e-15 
0.9325222931 
-0.0002151648993 
23.65769357 
0.6459753066 
    1 
2.047786984e-14 
1.742494416e-15 
-1.718981009e-15 
0.9324048343 
-0.0002119812647 
24.01299596 
0.6460566827 
    1 
2.04815972e-14 
1.012776572e-15 
-9.99306667e-16 
0.932289101 
-0.0002088900874 
24.36834278 
0.6461368835 
    1 
2.048992209e-14 
5.885863563e-16 
-5.808691927e-16 
0.9321750432 
-0.0002058874027 
24.7237334 
0.6462159426 
    1 
2.050321975e-14 
3.420285156e-16 
-3.376067689e-16 
0.9320626134 
-0.0002029694692 
25.07916719 
0.6462938922 
    1 
2.05219298e-14 
1.987335794e-16 
-1.961997827e-16 
0.9319517659 
-0.0002001327537 
25.43464356 
0.6463707632 
    1 
2.054652599e-14 
1.154617648e-16 
-1.140096856e-16 
0.9318424571 
-0.0001973739161 
25.79016191 
0.6464465851 
    1 
2.057745711e-14 
6.707555281e-17 
-6.624331323e-17 
0.9317346449 
-0.0001946897972 
26.14572168 
0.6465213862 
    1 
2.061506357e-14 
3.896283528e-17 
-3.848580616e-17 
0.9316282891 
-0.0001920774062 
26.50132232 
0.6465951939 
    1 
2.065948343e-14 
2.263070657e-17 
-2.235725597e-17 
0.931523351 
-0.0001895339097 
26.85696329 
0.6466680342 
    1 
2.071057603e-14 
1.31434068e-17 
-1.298664171e-17 
0.9314197934 
-0.0001870566213 
27.21264406 
0.6467399324 
    1 
2.076789789e-14 
7.632749838e-18 
-7.542871433e-18 
0.9313175807 
-0.0001846429927 
27.56836411 
0.6468109125 
    1 
2.083074638e-14 
4.432189093e-18 
-4.380654836e-18 
0.9312166786 
-0.0001822906045 
27.92412296 
0.6468809978 
    1 
2.089824796e-14 
2.573478837e-18 
-2.543927955e-18 
0.9311170539 
-0.0001799971582 
28.27992011 
0.6469502107 
    1 
2.096944941e-14 
1.494131607e-18 
-1.477185193e-18 
0.9310186749 
-0.0001777604689 
28.6357551 
0.6470185727 
    1 
2.104338666e-14 
8.674088861e-19 
-8.576899809e-19 
0.9309215109 
-0.0001755784584 
28.99162745 
0.6470861046 
    1 
2.111912784e-14 
5.035312672e-19 
-4.979569948e-19 
0.9308255325 
-0.0001734491485 
29.34753672 
0.6471528264 
    1 
2.119579174e-14 
2.922788266e-19 
-2.890814811e-19 
0.930730711 
-0.0001713706552 
29.70348247 
0.6472187573 
    1 
2.127254152e-14 
1.696435474e-19 
-1.678094577e-19 
0.9306370192 
-0.0001693411835 
30.05946427 
0.6472839161 
    1 
2.134855582e-14 
9.845712063e-20 
-9.740496512e-20 
0.9305444304 
-0.0001673590215 
30.41548169 
0.6473483205 
    1 
2.142298531e-14 
5.713831072e-20 
-5.653468838e-20 
0.9304529192 
-0.0001654225362 
30.77153434 
0.647411988 
    1 
2.14949063e-14 
3.31572716e-20 
-3.281095696e-20 
0.9303624609 
-0.000163530169 
31.1276218 
0.6474749353 
    1 
2.15632829e-14 
1.923985834e-20 
-1.90411664e-20 
0.9302730315 
-0.0001616804312 
31.48374369 
0.6475371787 
    1 
2.162694323e-14 
1.11634141e-20 
-1.104942976e-20 
0.9301846081 
-0.0001598719002 
31.83989962 
0.6475987336 
    1 
2.16845638e-14 
6.476854943e-21 
-6.411493727e-21 
0.9300971683 
-0.0001581032162 
32.19608922 
0.6476596153 
    1 
2.173464675e-14 
3.757523557e-21 
-3.720098454e-21 
0.9300106906 
-0.0001563730783 
32.55231212 
0.6477198383 
    1 
2.177548918e-14 
2.179735322e-21 
-2.158403793e-21 
0.9299251542 
-0.0001546802419 
32.90856797 
0.6477794169 
    1 
2.180518366e-14 
1.264303805e-21 
-1.252317325e-21 
0.9298405388 
-0.000153023515 
33.26485641 
0.6478383648 
    1 
2.18216596e-14 
7.331399914e-22 
-7.267073197e-22 
0.929756825 
-0.0001514017561 
33.6211771 
0.6478966951 
    1 
2.182254687e-14 
4.248494595e-22 
-4.219364957e-22 
0.9296739937 
-0.000149813871 
33.97752971 
0.6479544209 
    1 
2.180444439e-14 
2.457350525e-22 
-2.454210317e-22 
0.9295920267 
-0.0001482588111 
34.3339139 
0.6480115544 
    1 
2.176150401e-14 
1.413440776e-22 
-1.435301315e-22 
0.9295109062 
-0.0001467355701 
34.69032935 
0.6480681079 
    1 
2.168376092e-14 
7.992776188e-23 
-8.53054719e-23 
0.9294306149 
-0.0001452431827 
35.04677575 
0.6481240929 
    1 
2.15555097e-14 
4.279311186e-23 
-5.306295008e-23 
0.9293511361 
-0.0001437807222 
35.40325279 
0.648179521 
    1 
2.137898791e-14 
1.861773665e-23 
-3.702628407e-23 
