0.4189301776 
-0.0006127162386 
0.9983449111 
-0.009475522669 
0.3322015786 
0.9814587345 
0.2387879628 
0.6879699257 
0.9666467279 
-0.1943564865 
0.9942040088 
-0.01442910007 
0.6523580541 
0.9370667971 
0.4521693074 
0.5843136721 
0.8765930066 
-0.333892314 
0.9893171219 
-0.0141715442 
0.9564533603 
0.8885192074 
0.6250553987 
0.4512871892 
0.7526886656 
-0.3970099619 
0.9850786844 
-0.01101282332 
1.245904066 
0.8506078871 
0.7535516375 
0.3225756958 
0.6191955084 
-0.3952159112 
0.9820190946 
-0.007414068948 
1.525053838 
0.8265054036 
0.842782413 
0.2175358668 
0.4935476301 
-0.3543733241 
0.9800462869 
-0.00459002826 
1.798067754 
0.8130746315 
0.9017473299 
0.1408346593 
0.3846791126 
-0.2977320274 
0.9788498138 
-0.002738216984 
2.06779912 
0.8061925001 
0.9394101006 
0.08874527965 
0.2951628909 
-0.2399944559 
0.9781370801 
-0.001640055786 
2.335891192 
0.8028515321 
0.9629402013 
0.05497197792 
0.2239989121 
-0.1883298825 
0.9777032293 
-0.001024013788 
2.603201748 
0.8012934922 
0.9774393738 
0.03369841092 
0.1686610559 
-0.145182534 
0.977423752 
-0.0006868143392 
2.870154385 
0.8005985659 
0.9863002599 
0.02053256234 
0.1262632945 
-0.1105730877 
0.9772286417 
-0.0005020452602 
3.136952075 
0.8003128445 
0.9916900932 
0.01246935825 
0.09411116345 
-0.08349935929 
0.977080205 
-0.0003981550215 
3.4036905 
0.8002187808 
0.9949605973 
0.007560704579 
0.06990694547 
-0.06266399243 
0.9769585671 
-0.0003367161801 
3.670414254 
0.8002134078 
0.9969430462 
0.004582048794 
0.0517847607 
-0.04680721162 
0.9768532836 
-0.0002976846898 
3.937143801 
0.8002481658 
0.9981445055 
0.002777263302 
0.03827288562 
-0.03483461271 
0.9767587942 
-0.0002707494979 
4.203888229 
0.8003001589 
0.9988728888 
0.00168422936 
0.02823181924 
-0.02584760823 
0.9766720461 
-0.000250616382 
4.470651262 
0.80035861 
0.9993147503 
0.001022134521 
0.02079022721 
-0.01913202234 
0.9765912786 
-0.0002345410841 
4.737434106 
0.8004184906 
0.9995830139 
0.0006208531578 
0.01528767478 
-0.01413171417 
0.9765154063 
-0.0002210694708 
5.004236808 
0.8004775116 
0.9997460275 
0.0003774569219 
0.0112268207 
-0.01041947226 
0.976443707 
-0.0002094024854 
5.271058892 
0.8005346923 
0.9998451763 
0.0002296941743 
0.008235001681 
-0.007670260743 
0.9763756631 
-0.0001990777748 
5.537899673 
0.8005896738 
0.999905537 
0.0001399047598 
0.00603407793 
-0.00563852617 
0.9763108781 
-0.0001898099414 
5.804758402 
0.8006423888 
0.9999423174 
8.529123062e-05 
0.004417126475 
-0.004139765623 
0.9762490332 
-0.0001814098191 
6.071634332 
0.8006929008 
0.9999647491 
5.204169238e-05 
0.003230621212 
-0.003035943944 
0.9761898629 
-0.0001737431027 
6.338526748 
0.8007413277 
0.9999784414 
3.178025369e-05 
0.002360915695 
-0.002224153217 
0.9761331401 
-0.0001667086584 
6.605434976 
0.8007878044 
0.9999868059 
1.942249955e-05 
0.001724051795 
-0.001627898773 
0.976078668 
-0.0001602267698 
6.87235839 
0.8008324665 
0.9999919196 
1.187893219e-05 
0.00125811269 
-0.001190461958 
0.9760262735 
-0.0001542324792 
7.139296405 
0.8008754423 
0.9999950482 
7.270381138e-06 
0.0009175073467 
-0.0008698785172 
0.9759758033 
-0.0001486716028 
7.406248481 
0.8009168503 
0.9999969636 
4.452746265e-06 
0.0006687125192 
-0.0006351593782 
0.975927121 
-0.0001434981954 
7.673214113 
0.8009567989 
0.9999981371 
2.728813826e-06 
0.0004871093272 
-0.0004634586685 
0.975880104 
-0.0001386728361 
7.940192831 
0.8009953864 
0.9999988564 
1.673323971e-06 
0.0003546386365 
-0.0003379591255 
0.9758346422 
-0.0001341614038 
8.207184196 
0.8010327019 
0.9999992976 
1.026672962e-06 
0.0002580669155 
-0.0002462979446 
0.975790636 
-0.0001299341604 
8.474187799 
0.8010688264 
0.9999995684 
6.302557437e-07 
0.0001877059704 
-0.0001793979912 
0.9757479951 
-0.000125965041 
8.741203254 
0.8011038334 
0.9999997347 
3.870985468e-07 
0.0001364693068 
-0.000130601957 
0.9757066374 
-0.0001222310898 
9.008230201 
0.80113779 
0.9999998368 
2.378671924e-07 
9.917762498e-05 
-9.503221747e-05 
0.9756664879 
-0.0001187120027 
9.275268299 
0.8011707574 
0.9999998996 
1.462328078e-07 
7.204834918e-05 
-6.91183932e-05 
0.9756274781 
-0.0001153897515 
9.54231723 
0.8012027916 
0.9999999382 
8.993775928e-08 
5.23208728e-05 
-5.024923285e-05 
0.9755895452 
-0.000112248272 
9.809376689 
0.801233944 
0.9999999619 
5.533713393e-08 
3.798173826e-05 
-3.651646691e-05 
0.9755526312 
-0.0001092732025 
10.07644639 
0.801264262 
0.9999999766 
3.406117493e-08 
2.756330312e-05 
-2.652657694e-05 
0.975516683 
-0.0001064516637 
10.34352607 
0.8012937889 
0.9999999856 
2.097309655e-08 
1.999637767e-05 
-1.926263481e-05 
0.9754816512 
-0.0001037720723 
10.61061546 
0.8013225652 
0.9999999911 
1.291866429e-08 
1.450245702e-05 
-1.398300148e-05 
0.9754474904 
-0.0001012239814 
10.87771432 
0.801350628 
0.9999999945 
7.960080323e-09 
1.051497071e-05 
-1.014712439e-05 
0.9754141584 
-9.879794483e-05 
11.14482242 
0.8013780119 
0.9999999966 
4.906312738e-09 
7.621778259e-06 
-7.361233524e-06 
0.9753816158 
-9.648539987e-05 
11.41193954 
0.801404749 
0.9999999979 
3.024993958e-09 
5.523206988e-06 
-5.338632821e-06 
0.9753498262 
-9.427856642e-05 
11.67906547 
0.8014308692 
0.9999999987 
1.865603194e-09 
4.001450615e-06 
-3.870686719e-06 
0.9753187556 
-9.217035952e-05 
11.94620001 
0.8014564003 
0.9999999992 
1.150890516e-09 
2.89826584e-06 
-2.805636209e-06 
0.9752883722 
-9.015431345e-05 
12.21334296 
0.8014813683 
0.9999999995 
7.101721525e-10 
2.098725702e-06 
-2.033141932e-06 
0.9752586462 
-8.822451553e-05 
12.48049415 
0.8015057976 
0.9999999997 
4.383318695e-10 
1.519390944e-06 
-1.473013082e-06 
0.9752295498 
-8.637554821e-05 
12.74765339 
0.8015297108 
0.9999999998 
2.706126078e-10 
1.099702066e-06 
-1.066993416e-06 
0.9752010569 
-8.460243831e-05 
13.01482051 
0.8015531295 
0.9999999999 
1.671072684e-10 
7.957178639e-07 
-7.727785677e-07 
0.9751731431 
-8.290061238e-05 
13.28199537 
0.8015760735 
0.9999999999 
1.032150542e-10 
5.755625991e-07 
-5.596609514e-07 
0.9751457852 
-8.126585734e-05 
13.54917779 
0.8015985619 
    1 
6.376686176e-11 
4.161166315e-07 
-4.053612328e-07 
0.9751189615 
-7.969428566e-05 
13.81636764 
0.8016206123 
    1 
3.940667095e-11 
3.006114778e-07 
-2.937245006e-07 
0.9750926517 
-7.818230454e-05 
14.08356477 
0.8016422416 
    1 
2.436212081e-11 
2.168822529e-07 
-2.13046378e-07 
0.9750668363 
-7.672658844e-05 
14.35076904 
0.8016634654 
    1 
1.507144353e-11 
1.560975361e-07 
-1.548580442e-07 
0.9750414973 
-7.532405477e-05 
14.61798031 
0.8016842988 
    1 
9.337256236e-12 
1.118355422e-07 
-1.13045701e-07 
0.9750166172 
-7.397184202e-05 
14.88519847 
0.8017047558 
    1 
5.804229601e-12 
7.941099001e-08 
-8.321408532e-08 
0.9749921799 
-7.266729035e-05 
15.15242339 
0.8017248499 
    1 
3.637934492e-12 
5.538282639e-08 
-6.222856165e-08 
0.9749681698 
-7.14079241e-05 
15.41965494 
0.8017445936 
    1 
2.326971182e-12 
3.719157323e-08 
-4.788864487e-08 
0.9749445722 
-7.019143614e-05 
15.68689302 
0.801763999 
    1 
1.561454026e-12 
2.288841337e-08 
-3.869934281e-08 
0.9749213733 
-6.901567376e-05 
15.95413751 
0.8017830775 
    1 
1.159799265e-12 
1.092756842e-08 
-3.371683734e-08 
