0.3300169911 
-0.0006072559841 
0.9968397423 
-0.0181627009 
0.3306781988 
0.9680405494 
0.2257284693 
0.653922362 
0.9669144953 
-0.1929651783 
0.9887874972 
-0.02848803631 
0.6411590485 
0.8902251582 
0.4305623069 
0.5678893018 
0.8773076537 
-0.3329302985 
0.9789344769 
-0.02923612362 
0.9230983833 
0.8026914017 
0.6009996438 
0.4522141794 
0.7534549521 
-0.3977257898 
0.9699670125 
-0.02397960921 
1.178223108 
0.7321111724 
0.7317665726 
0.3339256386 
0.6194800221 
-0.3972277333 
0.963110317 
-0.01719472592 
1.413902818 
0.6859280738 
0.8254716806 
0.2320222447 
0.4930971097 
-0.356598499 
0.9583783358 
-0.01147787937 
1.637705149 
0.6596549506 
0.8891294922 
0.1540354577 
0.3835669826 
-0.2993954173 
0.9552606899 
-0.007514056468 
1.855052951 
0.6460688986 
0.9307238569 
0.09903476389 
0.2936287016 
-0.2408609504 
0.953202869 
-0.005041984454 
2.069169536 
0.6395207468 
0.9571819088 
0.0623186616 
0.2222963463 
-0.1885067818 
0.9517875697 
-0.003581242678 
2.281772775 
0.6365713877 
0.9737159805 
0.03867360364 
0.1669836584 
-0.1448932679 
0.9507481194 
-0.002731706703 
2.493720801 
0.63537577 
0.9839320923 
0.02379201055 
0.1247298464 
-0.1100298136 
0.9499283459 
-0.002229407771 
2.70542591 
0.6350095286 
0.9902004024 
0.01455984057 
0.09277855235 
-0.08285852866 
0.9492408854 
-0.001918708295 
2.917081041 
0.6350261662 
0.9940304445 
0.008882933408 
0.06878978331 
-0.06202430419 
0.94863772 
-0.00171325808 
3.128774147 
0.635213961 
0.9963651837 
0.005410653654 
0.0508726667 
-0.04622245688 
0.9480923093 
-0.001566655725 
3.340543624 
0.635473463 
0.9977867357 
0.003293299343 
0.03754296697 
-0.03432835267 
0.947589574 
-0.001454270617 
3.552404669 
0.6357583114 
0.9986519018 
0.002004244834 
0.0276566637 
-0.02542508067 
0.9471205219 
-0.001362974897 
3.764361712 
0.6360471796 
0.9991784674 
0.00122001554 
0.02034252588 
-0.01878848406 
0.9466794304 
-0.001285630088 
3.976414291 
0.6363305524 
0.9994990566 
0.0007429711706 
0.01494258788 
-0.01385777608 
0.9462623811 
-0.001218210004 
4.188559812 
0.636604485 
0.9996943406 
0.000452719047 
0.0109629496 
-0.01020426355 
0.9458664973 
-0.001158321349 
4.400794859 
0.6368676433 
0.9998133693 
0.0002760379285 
0.008034563437 
-0.00750315707 
0.9454895391 
-0.001104446539 
4.613115798 
0.6371198942 
0.9998859679 
0.0001684257476 
0.005882664904 
-0.005509985801 
0.9451296838 
-0.001055554537 
4.825519049 
0.6373616324 
0.9999302785 
0.0001028380304 
0.004303282653 
-0.004041642304 
0.9447854013 
-0.001010898176 
5.038001206 
0.6375934602 
0.9999573426 
6.283525612e-05 
0.003145367196 
-0.00296151249 
0.9444553787 
-0.0009699061009 
5.250559075 
0.6378160372 
0.9999738843 
3.841950266e-05 
0.00229729206 
-0.002167992015 
0.9441384733 
-0.0009321231161 
5.463189682 
0.6380300124 
0.9999840016 
2.350662629e-05 
0.001676713135 
-0.001585713396 
0.9438336795 
-0.0008971756816 
5.675890261 
0.6382359957 
0.9999901936 
1.439159327e-05 
0.001222983439 
-0.001158896433 
0.943540106 
-0.0008647508112 
5.888658246 
0.6384345477 
0.9999939856 
8.816501833e-06 
0.0008914990435 
-0.0008463379834 
0.9432569572 
-0.0008345823555 
6.101491243 
0.6386261794 
0.9999963094 
5.404319088e-06 
0.0006494967085 
-0.0006176545628 
0.9429835204 
-0.0008064415476 
6.314387027 
0.6388113542 
0.9999977341 
3.31460083e-06 
0.0004729381778 
-0.0004504752085 
0.9427191533 
-0.0007801301415 
6.527343515 
0.6389904925 
0.9999986082 
2.034021397e-06 
0.0003442050598 
-0.0003283508924 
0.9424632756 
-0.0007554752195 
6.740358761 
0.6391639756 
0.9999991447 
1.248827895e-06 
0.0002503965916 
-0.0002392017563 
0.9422153612 
-0.0007323251371 
6.953430937 
0.6393321506 
0.9999994741 
7.671170147e-07 
0.0001820746837 
-0.0001741664784 
0.941974931 
-0.0007105462805 
7.166558329 
0.6394953335 
0.9999996765 
4.71435422e-07 
0.000132340085 
-0.0001267513533 
0.9417415482 
-0.0006900204304 
7.379739321 
0.6396538133 
0.999999801 
2.898507897e-07 
9.615320616e-05 
-9.220214453e-05 
0.9415148129 
-0.0006706425895 
7.59297239 
0.6398078544 
0.9999998775 
1.782826437e-07 
6.983540858e-05 
-6.704112486e-05 
0.9412943583 
-0.0006523191757 
7.806256097 
0.6399576996 
0.9999999246 
1.097026369e-07 
5.070321052e-05 
-4.87263549e-05 
0.9410798473 
-0.0006349665086 
8.019589083 
0.6401035724 
0.9999999535 
6.75289681e-08 
3.680025291e-05 
-3.540124792e-05 
0.940870969 
-0.0006185095309 
8.232970057 
0.6402456787 
0.9999999714 
4.158343003e-08 
2.670107969e-05 
-2.571071353e-05 
0.9406674363 
-0.0006028807255 
8.446397796 
0.640384209 
0.9999999823 
2.561534534e-08 
1.936761336e-05 
-1.866632473e-05 
0.9404689834 
-0.0005880191912 
8.659871139 
0.6405193396 
0.9999999891 
1.578420951e-08 
1.404425661e-05 
-1.354753423e-05 
0.940275364 
-0.0005738698518 
8.873388979 
0.6406512339 
0.9999999933 
9.729299971e-09 
1.018128068e-05 
-9.829367171e-06 
0.9400863491 
-0.0005603827762 
9.086950264 
0.640780044 
0.9999999959 
5.998881699e-09 
7.378910576e-06 
-7.12953829e-06 
0.9399017256 
-0.0005475125913 
9.300553989 
0.6409059115 
0.9999999974 
3.699841963e-09 
5.346541531e-06 
-5.169805291e-06 
0.939721295 
-0.0005352179737 
9.514199196 
0.6410289682 
0.9999999984 
2.282520864e-09 
3.873009578e-06 
-3.747746268e-06 
0.9395448717 
-0.0005234612077 
9.727884968 
0.6411493376 
0.999999999 
1.408509974e-09 
2.804932001e-06 
-2.716163359e-06 
0.9393722824 
-0.0005122078007 
9.94161043 
0.6412671349 
0.9999999994 
8.693883622e-10 
2.030935296e-06 
-1.96806131e-06 
0.9392033645 
-0.0005014261456 
10.15537474 
0.6413824683 
0.9999999996 
5.367502589e-10 
1.470175827e-06 
-1.425698402e-06 
0.9390379658 
-0.0004910872256 
10.3691771 
0.641495439 
0.9999999998 
3.314600116e-10 
1.063988578e-06 
-1.032610171e-06 
0.9388759432 
-0.0004811643544 
10.58301673 
0.6416061424 
0.9999999999 
2.047328623e-10 
7.698141049e-07 
-7.478018718e-07 
0.9387171621 
-0.0004716329467 
10.7968929 
0.6417146681 
0.9999999999 
1.264855166e-10 
5.567838442e-07 
-5.415222366e-07 
0.938561496 
-0.0004624703158 
11.01080489 
0.6418211004 
0.9999999999 
7.816152492e-11 
4.025119186e-07 
-3.921896045e-07 
0.9384088254 
-0.0004536554934 
11.22475202 
0.6419255189 
    1 
4.831295898e-11 
2.907642366e-07 
-2.841575275e-07 
0.9382590376 
-0.0004451690705 
11.43873362 
0.6420279987 
    1 
2.987444482e-11 
2.09765085e-07 
-2.060917399e-07 
0.9381120263 
-0.0004369930548 
11.65274907 
0.6421286107 
    1 
1.848547836e-11 
1.509665886e-07 
-1.497923659e-07 
0.9379676909 
-0.0004291107439 
11.86679776 
0.6422274221 
    1 
1.145465519e-11 
1.08153841e-07 
-1.093405179e-07 
0.9378259359 
-0.000421506612 
12.08087909 
0.6423244966 
    1 
7.121824242e-12 
7.679298776e-08 
-8.048153817e-08 
0.9376866712 
-0.0004141662077 
12.29499249 
0.6424198942 
    1 
4.464727495e-12 
5.355454268e-08 
-6.018135934e-08 
0.9375498111 
-0.000407076063 
12.50913742 
0.6425136723 
    1 
2.856472709e-12 
3.59622806e-08 
-4.631024394e-08 
0.9374152743 
-0.0004002236111 
12.72331335 
0.6426058852 
    1 
1.91732015e-12 
2.213099392e-08 
-3.742130254e-08 
0.9372829836 
-0.0003935971121 
12.93751976 
0.6426965844 
    1 
1.424612252e-12 
1.05655538e-08 
-3.260101935e-08 
