0.09615807589 
-0.0005430453617 
0.9905082602 
-0.05539221732 
0.3284932052 
0.9486090368 
0.1907505849 
0.5589976173 
0.9702839625 
-0.1740666839 
0.964788842 
-0.09554886423 
0.6244553439 
0.8179657637 
0.3696791105 
0.509862153 
0.8885041929 
-0.307373724 
0.9292370998 
-0.1142367464 
0.8706928711 
0.6593277199 
0.5279993088 
0.4370741265 
0.7723573555 
-0.3787235745 
0.8906568084 
-0.1148780201 
1.066115585 
0.5189452713 
0.6597283562 
0.3524368243 
0.6427443754 
-0.3902187581 
0.8537638925 
-0.1054963086 
1.221168112 
0.4185561389 
0.7630167513 
0.2683369392 
0.5169105014 
-0.3596207662 
0.8206431866 
-0.09317404085 
1.349584771 
0.3578641545 
0.8397427109 
0.1942562226 
0.4053391085 
-0.307861533 
0.7915319323 
-0.08183236163 
1.462996167 
0.3265510731 
0.8941681471 
0.1349113489 
0.3122239909 
-0.2509626018 
0.7658365196 
-0.07273748665 
1.569303258 
0.3136093433 
0.9313722684 
0.09072150458 
0.2375700388 
-0.1981058915 
0.7428032634 
-0.06578571464 
1.673194844 
0.311002365 
0.9560961109 
0.05955642198 
0.1792717663 
-0.1531418772 
0.7218022194 
-0.06044992512 
1.77722392 
0.3138335593 
0.972188127 
0.03842169055 
0.1345192142 
-0.1167840919 
0.7023831387 
-0.05621900129 
1.882707134 
0.3194101844 
0.9825062902 
0.0244805111 
0.1005465307 
-0.08826922112 
0.6842437964 
-0.05272129086 
1.990300964 
0.3263371356 
0.989052121 
0.0154607561 
0.07494615299 
-0.06632313718 
0.6671828035 
-0.04971778115 
2.100325457 
0.3339153014 
0.9931734963 
0.009703328218 
0.05575002616 
-0.04963251071 
0.6510617312 
-0.04706299018 
2.212933495 
0.3418001602 
0.9957544755 
0.006062800081 
0.04140535265 
-0.03703618019 
0.635780137 
-0.0446694761 
2.328195872 
0.349823043 
0.9973646004 
0.003776057368 
0.0307125039 
-0.02757843623 
0.6212605704 
-0.04248357592 
2.44614322 
0.3579014593 
0.9983663013 
0.002346420112 
0.0227566635 
-0.02050236921 
0.6074399798 
-0.0404707339 
2.566786527 
0.3659950402 
0.9989882492 
0.001455634736 
0.01684596982 
-0.01522173053 
0.5942648653 
-0.03860718276 
2.690127171 
0.3740840606 
0.999373858 
0.0009019423288 
0.01246003842 
-0.01128856784 
0.5816885198 
-0.03687538473 
2.816161846 
0.3821589683 
0.9996126891 
0.0005583814895 
0.009208934115 
-0.008363526913 
0.5696694052 
-0.03526156643 
2.944885 
0.3902152549 
0.9997605022 
0.0003454753087 
0.006801261354 
-0.006190974386 
0.558170143 
-0.03375437998 
3.076290047 
0.3982509251 
0.9998519362 
0.0002136570307 
0.005019707971 
-0.004579091437 
0.5471568415 
-0.03234415935 
3.210369967 
0.4062652389 
0.9999084748 
0.0001320967103 
0.003702473352 
-0.003384347181 
0.5365986133 
-0.03102248966 
3.347117611 
0.4142580814 
0.9999434275 
8.165583506e-05 
0.002729250215 
-0.002499571183 
0.5264672056 
-0.02978194228 
3.486525848 
0.422229645 
0.9999650325 
5.047050687e-05 
0.002010687321 
-0.001844877789 
0.5167367025 
-0.02861589991 
3.62858764 
0.4301802691 
0.9999783859 
3.119391425e-05 
0.001480492391 
-0.001360803496 
0.507383276 
-0.02751843224 
3.773296073 
0.4381103579 
0.9999866391 
1.927986991e-05 
0.001089527119 
-0.001003140001 
0.4983849742 
-0.02648420176 
3.920644374 
0.4460203396 
0.9999917403 
1.191669325e-05 
0.0008013996834 
-0.0007390560367 
0.4897215355 
-0.0255083887 
4.070625913 
0.4539106459 
0.9999948933 
7.366081829e-06 
0.0005891799558 
-0.0005441934161 
0.4813742278 
-0.02458662919 
4.223234202 
0.4617817012 
0.9999968424 
4.553603519e-06 
0.0004329545637 
-0.0004004966751 
0.4733257046 
-0.02371496305 
4.378462895 
0.4696339185 
0.9999980473 
2.815258631e-06 
0.0003180091825 
-0.0002945935454 
0.4655598786 
-0.02288978896 
4.536305778 
0.4774676972 
0.9999987923 
1.74072648e-06 
0.0002334785455 
-0.0002165881103 
0.4580618084 
-0.02210782567 
4.696756771 
0.4852834222 
0.999999253 
1.076453519e-06 
0.0001713447875 
-0.0001591625756 
0.4508175978 
-0.02136607823 
4.859809919 
0.4930814646 
0.9999995379 
6.657555702e-07 
0.0001256949081 
-0.0001169094727 
0.4438143054 
-0.02066180828 
5.025459387 
0.5008621813 
0.9999997141 
4.118039793e-07 
9.217078588e-05 
-8.583568325e-05 
0.4370398631 
-0.01999250803 
5.193699458 
0.5086259165 
0.9999998231 
2.54755303e-07 
6.75621346e-05 
-6.299442398e-05 
0.430483004 
-0.0193558772 
5.364524527 
0.5163730014 
0.9999998905 
1.576206591e-07 
4.950547932e-05 
-4.621242197e-05 
0.4241331959 
-0.01874980269 
5.537929098 
0.5241037556 
0.9999999322 
9.75349144e-08 
3.626169639e-05 
-3.388782709e-05 
0.4179805821 
-0.01817234052 
5.71390778 
0.531818487 
0.999999958 
6.036200875e-08 
2.655172603e-05 
-2.484064046e-05 
0.4120159284 
-0.01762169976 
5.892455282 
0.539517493 
0.999999974 
3.736140387e-08 
1.943532461e-05 
-1.8202095e-05 
0.4062305737 
-0.01709622828 
6.07356641 
0.5472010606 
0.9999999839 
2.312798299e-08 
1.422163717e-05 
-1.333290287e-05 
0.4006163863 
-0.01659439995 
6.257236065 
0.5548694671 
0.99999999 
1.431879315e-08 
1.040327855e-05 
-9.762878307e-06 
0.3951657239 
-0.01611480324 
6.443459238 
0.5625229804 
0.9999999938 
8.866007335e-09 
7.607771193e-06 
-7.146376058e-06 
0.3898713968 
-0.01565613105 
6.632231008 
0.57016186 
0.9999999962 
5.490370549e-09 
5.561789224e-06 
-5.22942333e-06 
0.3847266352 
-0.01521717148 
6.823546541 
0.5777863564 
0.9999999976 
3.400368443e-09 
4.064845466e-06 
-3.825491285e-06 
0.3797250582 
-0.01479679964 
7.017401082 
0.5853967126 
0.9999999985 
2.106201518e-09 
2.969937434e-06 
-2.797645512e-06 
0.3748606465 
-0.01439397022 
7.213789958 
0.5929931638 
0.9999999991 
1.304735647e-09 
2.169318687e-06 
-2.045403368e-06 
0.3701277171 
-0.01400771079 
7.412708572 
0.6005759378 
0.9999999994 
8.08338021e-10 
1.584043056e-06 
-1.495062274e-06 
0.3655208994 
-0.01363711577 
7.614152402 
0.6081452555 
0.9999999997 
5.008541758e-10 
1.156284585e-06 
-1.092586167e-06 
0.3610351147 
-0.013281341 
7.818116999 
0.6157013313 
0.9999999998 
3.103698064e-10 
8.436985119e-07 
-7.983763253e-07 
0.3566655559 
-0.01293959872 
8.024597985 
0.623244373 
0.9999999999 
1.923553898e-10 
6.152822012e-07 
-5.834296794e-07 
0.3524076697 
-0.01261115317 
8.233591047 
0.6307745826 
0.9999999999 
1.192353624e-10 
4.483376881e-07 
-4.265183373e-07 
0.3482571401 
-0.01229531644 
8.445091943 
0.6382921559 
0.9999999999 
7.393185276e-11 
3.262426984e-07 
-3.121206604e-07 
0.3442098727 
-0.01199144483 
8.659096492 
0.6457972836 
    1 
4.586845117e-11 
2.368143844e-07 
-2.289055088e-07 
0.340261981 
-0.0116989354 
8.875600577 
0.6532901505 
    1 
2.849628579e-11 
1.711069318e-07 
-1.686239705e-07 
0.3364097729 
-0.01141722299 
9.094600141 
0.6607709367 
    1 
1.776247914e-11 
1.22525926e-07 
-1.253018539e-07 
0.332649739 
-0.01114577732 
9.316091186 
0.6682398172 
    1 
1.116385433e-11 
8.617289209e-08 
-9.465510449e-08 
0.328978541 
-0.01088410046 
9.540069774 
0.6756969622 
    1 
7.161162964e-12 
5.835560082e-08 
-7.367183734e-08 
0.3253930015 
-0.01063172451 
9.766532019 
0.6831425375 
    1 
4.82038599e-12 
3.621568029e-08 
-6.032088874e-08 
0.3218900946 
-0.01038820939 
9.995474093 
0.6905767045 
    1 
3.593521069e-12 
1.743627425e-08 
-5.335923743e-08 
