0.4618410915 
-0.0006145263704 
0.999029521 
-0.005553964919 
0.3330200118 
0.9886468363 
0.2450397027 
0.7039733058 
0.9665600276 
-0.1947941337 
0.9966187432 
-0.008340433794 
0.6583056027 
0.96169453 
0.4622895425 
0.5911911797 
0.8763811419 
-0.3340875282 
0.9938209224 
-0.008029199838 
0.9739044629 
0.9326205189 
0.6359933449 
0.4498358403 
0.7525182737 
-0.3965562355 
0.9914458387 
-0.006094471922 
1.280796479 
0.9102560064 
0.7631520779 
0.3166963971 
0.6192597885 
-0.3943320494 
0.9897730146 
-0.003995280182 
1.581650058 
0.896222531 
0.850195424 
0.2107408117 
0.4939169032 
-0.353492113 
0.9887246777 
-0.002396210791 
1.878947133 
0.8884736682 
0.9070211715 
0.1349703276 
0.3853002025 
-0.2971283073 
0.9881110602 
-0.00137175758 
2.174354611 
0.8845189578 
0.9429698096 
0.08434047167 
0.2959283192 
-0.2397286148 
0.9877625103 
-0.0007767410854 
2.468819631 
0.8825941938 
0.9652630769 
0.05191027915 
0.2248045584 
-0.1883389232 
0.9875636357 
-0.000450063621 
2.762832405 
0.8816852268 
0.9789225219 
0.0316662823 
0.1694315228 
-0.1453683317 
0.9874457188 
-0.0002758257529 
3.056633956 
0.8812668932 
0.9872339927 
0.01922162133 
0.126954815 
-0.1108484444 
0.9873707624 
-0.0001836072476 
3.350339707 
0.8810815467 
0.9922725629 
0.01163870595 
0.09470494926 
-0.08380226905 
0.98731863 
-0.0001341969558 
3.644004263 
0.8810060369 
0.995321769 
0.007040406939 
0.07040071999 
-0.06295658315 
0.9872788906 
-0.0001068142834 
3.93765332 
0.8809820834 
0.9971661171 
0.004258579608 
0.05218566445 
-0.04706975237 
0.9872461846 
-9.075416167e-05 
4.231298903 
0.8809821344 
0.9982819273 
0.002577145652 
0.03859248979 
-0.03505930829 
0.9872177459 
-8.058393979e-05 
4.524946568 
0.8809931265 
0.998957407 
0.001560821435 
0.02848300136 
-0.02603373721 
0.9871921198 
-7.356077617e-05 
4.818598801 
0.8810088464 
0.999366678 
0.0009461904515 
0.02098540929 
-0.01928259702 
0.9871685149 
-6.829487188e-05 
5.112256624 
0.8810263399 
0.9996148989 
0.0005741799634 
0.01543795856 
-0.01425137727 
0.9871464773 
-6.40728313e-05 
5.405920367 
0.8810442144 
0.9997655998 
0.0003487960216 
0.01134166839 
-0.01051326988 
0.9871257281 
-6.051948431e-05 
5.699590035 
0.8810618293 
0.9998571894 
0.000212102096 
0.008322223053 
-0.007742987668 
0.9871060818 
-5.74299069e-05 
5.99326549 
0.8810789076 
0.9999129108 
0.0001291088644 
0.006099971962 
-0.005694422854 
0.9870874052 
-5.468607441e-05 
6.286946533 
0.8810953465 
0.9999468443 
7.866615303e-05 
0.004466686809 
-0.004182418829 
0.987069596 
-5.221536037e-05 
6.580632945 
0.8811111257 
0.9999675288 
4.797568856e-05 
0.003267754395 
-0.003068297261 
0.9870525717 
-4.996969277e-05 
6.874324508 
0.8811262628 
0.9999801487 
2.92843569e-05 
0.002388645903 
-0.002248570547 
0.9870362634 
-4.791492878e-05 
7.168021015 
0.8811407906 
0.9999878548 
1.789002468e-05 
0.001744700375 
-0.001646247878 
0.9870206117 
-4.602531279e-05 
7.461722267 
0.8811547477 
0.9999925642 
1.093772454e-05 
0.001273449149 
-0.001204200167 
0.9870055653 
-4.428048902e-05 
7.755428082 
0.8811681725 
0.9999954445 
6.692133074e-06 
0.0009288727486 
-0.0008801316366 
0.9869910786 
-4.266381792e-05 
8.049138288 
0.8811811018 
0.9999972074 
4.097371657e-06 
0.0006771182659 
-0.000642790124 
0.9869771115 
-4.116137375e-05 
8.342852726 
0.8811935698 
0.999998287 
2.510336893e-06 
0.0004933150244 
-0.0004691237722 
0.9869636277 
-3.976130939e-05 
8.636571247 
0.8812056074 
0.9999989487 
1.538963075e-06 
0.0003592127351 
-0.000342155749 
0.986950595 
-3.845342795e-05 
8.930293713 
0.8812172432 
0.9999993545 
9.440144358e-07 
0.0002614334904 
-0.000249400689 
0.9869379841 
-3.722887686e-05 
9.224019994 
0.8812285029 
0.9999996034 
5.793873548e-07 
0.000190180525 
-0.0001816879793 
0.9869257686 
-3.607991888e-05 
9.517749968 
0.8812394101 
0.9999997562 
3.557836431e-07 
0.0001382860043 
-0.0001322894294 
0.9869139244 
-3.499975448e-05 
9.811483522 
0.881249986 
0.9999998501 
2.185833519e-07 
0.0001005098867 
-9.62739301e-05 
0.9869024296 
-3.398238017e-05 
10.10522055 
0.8812602501 
0.9999999078 
1.343540372e-07 
7.302436541e-05 
-7.003091398e-05 
0.9868912642 
-3.302247341e-05 
10.39896095 
0.8812702204 
0.9999999433 
8.261826842e-08 
5.303523733e-05 
-5.091904166e-05 
0.9868804099 
-3.211529782e-05 
10.69270462 
0.8812799132 
0.9999999651 
5.082567048e-08 
3.850414523e-05 
-3.700758799e-05 
0.9868698497 
-3.12566241e-05 
10.98645148 
0.8812893435 
0.9999999785 
3.127968868e-08 
2.794502923e-05 
-2.688632136e-05 
0.9868595682 
-3.044266373e-05 
11.28020145 
0.8812985251 
0.9999999867 
1.925773731e-08 
2.027510098e-05 
-1.952590469e-05 
0.986849551 
-2.967001288e-05 
11.57395443 
0.8813074709 
0.9999999918 
1.1860513e-08 
1.470583104e-05 
-1.417550561e-05 
0.986839785 
-2.893560471e-05 
11.86771036 
0.8813161926 
0.999999995 
7.307174223e-09 
1.066326977e-05 
-1.028777374e-05 
0.9868302577 
-2.823666867e-05 
12.16146916 
0.8813247012 
0.9999999969 
4.503354683e-09 
7.729851968e-06 
-7.463921241e-06 
0.9868209578 
-2.757069551e-05 
12.45523076 
0.8813330069 
0.9999999981 
2.776239512e-09 
5.601921839e-06 
-5.413553979e-06 
0.9868118747 
-2.693540722e-05 
12.7489951 
0.8813411191 
0.9999999988 
1.712007182e-09 
4.058751679e-06 
-3.925314803e-06 
0.9868029986 
-2.632873096e-05 
13.04276211 
0.8813490466 
0.9999999993 
1.056029995e-09 
2.939957641e-06 
-2.84544436e-06 
0.9867943201 
-2.574877648e-05 
13.33653173 
0.8813567977 
0.9999999995 
6.51573758e-10 
2.129045821e-06 
-2.062134804e-06 
0.9867858308 
-2.519381642e-05 
13.63030391 
0.88136438 
0.9999999997 
4.021265491e-10 
1.541430892e-06 
-1.49411846e-06 
0.9867775225 
-2.46622692e-05 
13.92407859 
0.8813718008 
0.9999999998 
2.482385601e-10 
1.115715767e-06 
-1.082350204e-06 
0.9867693877 
-2.415268388e-05 
14.21785571 
0.8813790667 
0.9999999999 
1.532780795e-10 
8.073475364e-07 
-7.839483141e-07 
0.9867614192 
-2.366372699e-05 
14.51163524 
0.8813861842 
0.9999999999 
9.466589468e-11 
5.840039985e-07 
-5.677830477e-07 
0.9867536105 
-2.319417089e-05 
14.80541711 
0.8813931591 
    1 
5.848060308e-11 
4.222398197e-07 
-4.11266685e-07 
0.9867459552 
-2.274288342e-05 
15.09920128 
0.881399997 
    1 
3.613715379e-11 
3.050490037e-07 
-2.980192698e-07 
0.9867384474 
-2.230881885e-05 
15.39298771 
0.8814067033 
    1 
2.233908073e-11 
2.200934662e-07 
-2.161724042e-07 
0.9867310816 
-2.189100977e-05 
15.68677636 
0.8814132829 
    1 
1.381885479e-11 
1.584154258e-07 
-1.571379293e-07 
0.9867238524 
-2.148855987e-05 
15.98056717 
0.8814197405 
    1 
8.56056524e-12 
1.135007739e-07 
-1.14715458e-07 
0.986716755 
-2.110063756e-05 
16.27436012 
0.8814260806 
    1 
5.321229723e-12 
8.059655412e-08 
-8.444719682e-08 
0.9867097845 
-2.072647021e-05 
16.56815517 
0.8814323073 
    1 
3.335173359e-12 
5.621177165e-08 
-6.315374957e-08 
0.9867029366 
-2.036533902e-05 
16.86195227 
0.8814384246 
    1 
2.133323237e-12 
3.774961094e-08 
-4.860313432e-08 
0.9866962069 
-2.001657442e-05 
17.15575139 
0.8814444364 
    1 
1.431721006e-12 
2.323266026e-08 
-3.927896294e-08 
0.9866895915 
-1.967955193e-05 
17.4495525 
0.8814503461 
    1 
1.063862812e-12 
1.109230298e-08 
-3.422399223e-08 
