0.504046582 
-0.000615967446 
0.9996858783 
-0.001813129559 
0.3338744776 
0.9961372835 
0.2511548486 
0.719431786 
0.966491839 
-0.1951330452 
0.9989037541 
-0.002687407761 
0.6644690132 
0.9870518632 
0.4720460551 
0.5973069598 
0.8762224756 
-0.334193941 
0.9980104468 
-0.002538260777 
0.991819716 
0.9773833897 
0.6463395566 
0.4478511974 
0.7524155962 
-0.3961108352 
0.9972672733 
-0.001884896441 
1.316295296 
0.9700538545 
0.7720601951 
0.3107511635 
0.6193729163 
-0.3935448994 
0.9967555769 
-0.001205972787 
1.638803695 
0.9655112353 
0.8569584212 
0.2042291277 
0.4942964299 
-0.352735255 
0.9964431353 
-0.000702550502 
1.96016565 
0.9630240194 
0.9117665123 
0.1295186618 
0.3858928055 
-0.2966270451 
0.9962661855 
-0.0003867431709 
2.280922322 
0.9617592362 
0.9461380337 
0.0803286024 
0.2966377386 
-0.2395245621 
0.9961702492 
-0.0002067272289 
2.601377443 
0.9611422415 
0.9673129254 
0.04916211711 
0.225540182 
-0.1883717237 
0.9961192077 
-0.0001098112857 
2.921687028 
0.9608476741 
0.9802225953 
0.02986176486 
0.1701289032 
-0.1455507503 
0.9960919395 
-5.935329614e-05 
3.2419275 
0.9607085643 
0.9880481117 
0.01806694853 
0.1275773051 
-0.1111045377 
0.9960769389 
-3.353677336e-05 
3.562135448 
0.9606434079 
0.9927782306 
0.01091167437 
0.09523753013 
-0.08407866517 
0.9960681957 
-2.038854524e-05 
3.882328244 
0.9606133311 
0.9956342094 
0.006587290561 
0.07084251594 
-0.06322103979 
0.9960626472 
-1.363822728e-05 
4.202514135 
0.9605999335 
0.997358521 
0.00397801814 
0.05254376468 
-0.04730574816 
0.9960587536 
-1.009208272e-05 
4.522697048 
0.9605944941 
0.9984001614 
0.002404153425 
0.03887764204 
-0.03526059136 
0.9960557441 
-8.149720218e-06 
4.842878859 
0.9605928556 
0.9990299693 
0.00145443992 
0.02870693242 
-0.02620009702 
0.9960532322 
-7.01608419e-06 
5.163060462 
0.9605930212 
0.9994111777 
0.0008808800211 
0.02115932703 
-0.01941697631 
0.9960510216 
-6.297342279e-06 
5.483242278 
0.9605940251 
0.999642179 
0.0005341239889 
0.01557182794 
-0.01435806201 
0.9960490102 
-5.797965216e-06 
5.803424499 
0.9605953984 
0.9997823217 
0.0003242422694 
0.01144395581 
-0.0105968389 
0.9960471431 
-5.420102687e-06 
6.123607206 
0.9605969134 
0.9998674402 
0.0001970544316 
0.008399902146 
-0.007807756745 
0.9960453891 
-5.11403687e-06 
6.443790425 
0.9605984605 
0.9999191958 
0.00011988711 
0.006158659749 
-0.005744191602 
0.9960437289 
-4.853865461e-06 
6.763974158 
0.9605999884 
0.9999506987 
7.301398856e-05 
0.004510832375 
-0.004220392285 
0.9960421498 
-4.62557067e-06 
7.084158393 
0.9606014741 
0.9999698934 
4.451058514e-05 
0.003300836315 
-0.003097101122 
0.9960406427 
-4.421151341e-06 
7.404343115 
0.9606029086 
0.9999815998 
2.715941544e-05 
0.002413356134 
-0.002270311015 
0.9960392004 
-4.235721644e-06 
7.724528306 
0.9606042899 
0.9999887457 
1.658647915e-05 
0.001763104902 
-0.001662587887 
0.9960378173 
-4.066063547e-06 
8.044713949 
0.9606056189 
0.9999931114 
1.01377691e-05 
0.001287122754 
-0.001216436637 
0.9960364883 
-3.909894349e-06 
8.364900026 
0.960606898 
0.9999957807 
6.201030223e-06 
0.0009390089757 
-0.0008892662094 
0.9960352095 
-3.765488099e-06 
8.685086522 
0.9606081301 
0.999997414 
3.795759282e-06 
0.0006846173755 
-0.0006495902896 
0.996033977 
-3.631473818e-06 
9.005273421 
0.9606093181 
0.9999984141 
2.325028027e-06 
0.0004988532738 
-0.0004741737786 
0.9960327876 
-3.506723304e-06 
9.325460709 
0.9606104649 
0.9999990269 
1.425066157e-06 
0.0003632963178 
-0.0003458979297 
0.9960316384 
-3.390285287e-06 
9.645648373 
0.9606115731 
0.9999994025 
8.73982921e-07 
0.0002644401362 
-0.0002521683874 
0.9960305267 
-3.281344265e-06 
9.9658364 
0.9606126451 
0.999999633 
5.363111976e-07 
0.0001923913413 
-0.00018373141 
0.9960294502 
-3.179193009e-06 
10.28602478 
0.9606136833 
0.9999997745 
3.292780357e-07 
0.000139909692 
-0.0001337957659 
0.9960284066 
-3.083213053e-06 
10.6062135 
0.9606146897 
0.9999998613 
2.022682028e-07 
0.0001017010621 
-9.738276988e-05 
0.9960273942 
-2.992860102e-06 
10.92640255 
0.9606156662 
0.9999999147 
1.243080714e-07 
7.389735917e-05 
-7.084609824e-05 
0.9960264109 
-2.907652678e-06 
11.24659192 
0.9606166145 
0.9999999475 
7.64304937e-08 
5.367444649e-05 
-5.151763443e-05 
0.9960254553 
-2.827163036e-06 
11.5667816 
0.9606175361 
0.9999999677 
4.701313209e-08 
3.897177465e-05 
-3.744666277e-05 
0.9960245258 
-2.751009727e-06 
11.88697159 
0.9606184326 
0.9999999801 
2.89299169e-08 
2.828686298e-05 
-2.720806839e-05 
0.9960236209 
-2.678851424e-06 
12.20716187 
0.9606193053 
0.9999999877 
1.780908639e-08 
2.052479421e-05 
-1.976146009e-05 
0.9960227395 
-2.61038175e-06 
12.52735243 
0.9606201553 
0.9999999924 
1.096715904e-08 
1.488809436e-05 
-1.434781299e-05 
0.9960218804 
-2.545324897e-06 
12.84754328 
0.960620984 
0.9999999953 
6.756112264e-09 
1.079622711e-05 
-1.041371665e-05 
0.9960210424 
-2.483431893e-06 
13.1677344 
0.9606217922 
0.9999999971 
4.163346164e-09 
7.8267832e-06 
-7.555908287e-06 
0.9960202245 
-2.424477417e-06 
13.48792579 
0.960622581 
0.9999999982 
2.566400069e-09 
5.672548644e-06 
-5.480694489e-06 
0.9960194259 
-2.368257047e-06 
13.80811743 
0.9606233513 
0.9999999989 
1.582471812e-09 
4.110184949e-06 
-3.974289046e-06 
0.9960186455 
-2.314584896e-06 
14.12830933 
0.9606241039 
0.9999999993 
9.760485253e-10 
2.977394546e-06 
-2.881146552e-06 
0.9960178826 
-2.263291554e-06 
14.44850148 
0.9606248397 
0.9999999996 
6.021783625e-10 
2.156282063e-06 
-2.088147453e-06 
0.9960171365 
-2.214222304e-06 
14.76869387 
0.9606255593 
0.9999999997 
3.716140532e-10 
1.561236719e-06 
-1.513061786e-06 
0.9960164063 
-2.167235559e-06 
15.08888649 
0.9606262635 
0.9999999998 
2.293865594e-10 
1.130111683e-06 
-1.096139194e-06 
0.9960156915 
-2.122201502e-06 
15.40907935 
0.9606269529 
0.9999999999 
1.416277969e-10 
8.178062742e-07 
-7.939816077e-07 
0.9960149914 
-2.079000887e-06 
15.72927244 
0.9606276282 
0.9999999999 
8.746468006e-11 
5.915983273e-07 
-5.750815821e-07 
0.9960143054 
-2.037523981e-06 
16.04946575 
0.9606282898 
    1 
5.402893662e-11 
4.277506199e-07 
-4.16575374e-07 
0.9960136329 
-1.99766964e-06 
16.36965928 
0.9606289384 
    1 
3.338451932e-11 
3.090442082e-07 
-3.018815171e-07 
0.9960129735 
-1.959344478e-06 
16.68985302 
0.9606295744 
    1 
2.063636554e-11 
2.229856593e-07 
-2.189846867e-07 
0.9960123266 
-1.922462143e-06 
17.01004697 
0.9606301983 
    1 
1.276480565e-11 
1.605038073e-07 
-1.591897832e-07 
0.9960116918 
-1.886942663e-06 
17.33024113 
0.9606308106 
    1 
7.907234746e-12 
1.150016669e-07 
-1.162187964e-07 
0.9960110685 
-1.85271187e-06 
17.65043549 
0.9606314116 
    1 
4.914902551e-12 
8.166550371e-08 
-8.555785986e-08 
0.9960104565 
-1.819700882e-06 
17.97063005 
0.9606320019 
    1 
3.080441439e-12 
5.695944922e-08 
-6.398742876e-08 
0.9960098553 
-1.787845639e-06 
18.2908248 
0.9606325817 
    1 
1.970407961e-12 
3.825312054e-08 
-4.924726747e-08 
0.9960092646 
-1.757086489e-06 
18.61101975 
0.9606331515 
    1 
1.322404867e-12 
2.354338045e-08 
-3.980180019e-08 
0.9960086839 
-1.727367819e-06 
18.93121488 
0.9606337116 
    1 
9.825662454e-13 
1.124104686e-08 
-3.468175882e-08 
