0.176980381 
-0.0005825834229 
0.9934846569 
-0.03779211041 
0.3287833514 
0.9512475909 
0.2029391694 
0.5926682032 
0.9681854096 
-0.1859783827 
0.9762519568 
-0.06281292197 
0.6268772527 
0.8291843825 
0.3913935085 
0.5324863849 
0.8813008084 
-0.3247168226 
0.9535518027 
-0.07068363953 
0.8791284653 
0.6849999089 
0.5549456453 
0.4457538647 
0.7595833375 
-0.3936997742 
0.9305908648 
-0.06552253483 
1.085953128 
0.5617326727 
0.6874135351 
0.3487742261 
0.6260456338 
-0.3984522798 
0.9105035593 
-0.05460464215 
1.257898477 
0.4764691181 
0.7880319552 
0.2568341892 
0.4986553875 
-0.3609637363 
0.894201664 
-0.04346651313 
1.407469418 
0.4259608194 
0.8603080822 
0.1797879484 
0.3875036085 
-0.3044165174 
0.8812702306 
-0.03457126601 
1.544527181 
0.3995270641 
0.9099282434 
0.1209771821 
0.2960018928 
-0.2450737849 
0.8708657735 
-0.02825542406 
1.675372796 
0.3873003489 
0.9428401887 
0.07906340962 
0.2234725622 
-0.1914621391 
0.862206841 
-0.02398385881 
1.803546414 
0.3826570208 
0.9641308562 
0.05061294688 
0.1673729989 
-0.1467019793 
0.8547243349 
-0.02109504842 
1.93087929 
0.3818039891 
0.9776643447 
0.03194048048 
0.1246663927 
-0.110991146 
0.8480486569 
-0.01907214059 
2.058266603 
0.3827552841 
0.9861641036 
0.01996203103 
0.09249380812 
-0.08326962039 
0.8419521821 
-0.0175760113 
2.186125696 
0.384523542 
0.9914591437 
0.01239461229 
0.06842683615 
-0.06211412485 
0.8362963561 
-0.01640262558 
2.31463979 
0.3866324833 
0.9947398174 
0.007662503397 
0.05051092366 
-0.04614566605 
0.8309950483 
-0.01543425235 
2.443880201 
0.3888568404 
0.9967650876 
0.00472346163 
0.03722070188 
-0.03418016185 
0.8259921537 
-0.01460373059 
2.57386573 
0.3910920649 
0.9980123855 
0.002906294105 
0.0273877843 
-0.02525932292 
0.8212487692 
-0.01387221939 
2.704591092 
0.3932911001 
0.9987793829 
0.001786107229 
0.02012775044 
-0.01863260425 
0.8167360873 
-0.01321642762 
2.83604042 
0.3954341327 
0.9992505853 
0.001096908619 
0.01477634242 
-0.01372353068 
0.8124315012 
-0.01262160238 
2.968193648 
0.3975141833 
0.9995399104 
0.0006733970909 
0.01083734074 
-0.01009472549 
0.8083164512 
-0.01207776531 
3.101029505 
0.3995302364 
0.9997175138 
0.0004133419512 
0.007941493534 
-0.007417022608 
0.8043752024 
-0.01157770583 
3.234526892 
0.4014839581 
0.9998265292 
0.0002537200556 
0.005814834061 
-0.005444077399 
0.80059412 
-0.01111590363 
3.368665477 
0.4033781286 
0.9998934492 
0.0001557599377 
0.004254561354 
-0.003992274634 
0.7969612139 
-0.01068793762 
3.503425932 
0.4052158986 
0.9999345353 
9.564143696e-05 
0.003110837446 
-0.002925175814 
0.7934658335 
-0.01029015006 
3.638789989 
0.4070004428 
0.9999597663 
5.874201428e-05 
0.002273132191 
-0.002141644769 
0.7900984493 
-0.00991944579 
3.774740419 
0.4087348071 
0.9999752651 
3.608937429e-05 
0.001660024111 
-0.001566863462 
0.786850488 
-0.009573164963 
3.911260979 
0.4104218475 
0.9999847884 
2.217927859e-05 
0.001211607798 
-0.001145577191 
0.7837142027 
-0.009248996996 
4.048336341 
0.4120642137 
0.999990642 
1.363511208e-05 
0.0008838565496 
-0.0008370392626 
0.7806825671 
-0.00894491888 
4.185952028 
0.4136643529 
0.9999942412 
8.385248581e-06 
0.0006444457746 
-0.0006112408345 
0.7777491882 
-0.008659148704 
4.324094347 
0.4152245218 
0.9999964549 
5.158454758e-06 
0.0004696642992 
-0.0004461070537 
0.7749082317 
-0.00839010928 
4.462750326 
0.4167468021 
0.999997817 
3.174451542e-06 
0.0003421338351 
-0.0003254166462 
0.7721543591 
-0.008136398854 
4.601907661 
0.4182331162 
0.9999986553 
1.954163826e-06 
0.0002491275137 
-0.0002372613108 
0.7694826733 
-0.007896767079 
4.741554665 
0.4196852419 
0.9999991714 
1.203354053e-06 
0.0001813316786 
-0.0001729067965 
0.7668886715 
-0.007670094996 
4.881680218 
0.4211048265 
0.9999994893 
7.412462543e-07 
0.0001319351276 
-0.0001259521979 
0.7643682044 
-0.007455378199 
5.022273733 
0.4224933986 
0.9999996851 
4.567350181e-07 
9.595990641e-05 
-9.171021921e-05 
0.7619174404 
-0.007251712572 
5.163325113 
0.4238523796 
0.9999998058 
2.815105535e-07 
6.97700602e-05 
-6.675088418e-05 
0.7595328342 
-0.007058282109 
5.304824718 
0.4251830935 
0.9999998802 
1.735598912e-07 
5.071133936e-05 
-4.856596042e-05 
0.7572110993 
-0.006874348486 
5.446763333 
0.4264867753 
0.9999999261 
1.070345749e-07 
3.68471671e-05 
-3.532241379e-05 
0.7549491838 
-0.006699242073 
5.589132144 
0.4277645792 
0.9999999544 
6.602593756e-08 
2.676529815e-05 
-2.568144358e-05 
0.7527442483 
-0.006532354168 
5.731922706 
0.4290175855 
0.9999999718 
4.073958854e-08 
1.943634314e-05 
-1.866577004e-05 
0.7505936474 
-0.006373130256 
5.875126924 
0.4302468067 
0.9999999826 
2.514352593e-08 
1.411031425e-05 
-1.356238727e-05 
0.7484949122 
-0.006221064146 
6.018737032 
0.4314531931 
0.9999999893 
1.552169776e-08 
1.024102153e-05 
-9.851357688e-06 
0.746445735 
-0.006075692845 
6.162745567 
0.4326376383 
0.9999999934 
9.584113001e-09 
7.430854836e-06 
-7.153711568e-06 
0.7444439562 
-0.005936592074 
6.307145358 
0.4338009829 
0.9999999959 
5.919167193e-09 
5.39047708e-06 
-5.193350649e-06 
0.7424875515 
-0.005803372326 
6.451929506 
0.4349440192 
0.9999999975 
3.656467623e-09 
3.909417426e-06 
-3.769209157e-06 
0.7405746213 
-0.005675675394 
6.597091367 
0.4360674949 
0.9999999984 
2.259185878e-09 
2.834627477e-06 
-2.734922339e-06 
0.7387033803 
-0.00555317131 
6.742624539 
0.4371721161 
0.999999999 
1.396137094e-09 
2.054851457e-06 
-1.983986148e-06 
0.7368721491 
-0.005435555627 
6.888522851 
0.4382585504 
0.9999999994 
8.629530956e-10 
1.489239042e-06 
-1.438930736e-06 
0.7350793459 
-0.005322547016 
7.034780347 
0.43932743 
0.9999999996 
5.334905549e-10 
1.079052642e-06 
-1.043426146e-06 
0.733323479 
-0.005213885124 
7.181391276 
0.4403793539 
0.9999999998 
3.298714827e-10 
7.816304842e-07 
-7.565288652e-07 
0.7316031402 
-0.005109328665 
7.328350083 
0.4414148903 
0.9999999999 
2.040054149e-10 
5.659933971e-07 
-5.48490699e-07 
0.729916999 
-0.005008653716 
7.475651395 
0.4424345786 
0.9999999999 
1.261893062e-10 
4.09648655e-07 
-3.977072781e-07 
0.7282637966 
-0.004911652195 
7.623290017 
0.4434389316 
0.9999999999 
7.807346083e-11 
2.962651651e-07 
-2.884975558e-07 
0.7266423413 
-0.004818130485 
7.771260919 
0.4444284368 
    1 
4.832039149e-11 
2.139825086e-07 
-2.094891341e-07 
0.7250515037 
-0.004727908215 
7.919559229 
0.4454035586 
    1 
2.992490456e-11 
1.541807e-07 
-1.524452775e-07 
0.7234902123 
-0.004640817146 
8.068180229 
0.4463647392 
    1 
1.855868445e-11 
1.105844142e-07 
-1.114141093e-07 
0.7219574499 
-0.004556700175 
8.217119341 
0.4473124004 
    1 
1.154826133e-11 
7.860953705e-08 
-8.211314214e-08 
0.72045225 
-0.004475410437 
8.366372128 
0.4482469448 
    1 
7.245744177e-12 
5.48846521e-08 
-6.148622272e-08 
0.7189736933 
-0.004396810485 
8.515934282 
0.4491687567 
    1 
4.639538417e-12 
3.689796648e-08 
-4.73875637e-08 
0.717520905 
-0.004320771555 
8.66580162 
0.4500782035 
    1 
3.116807273e-12 
2.27330094e-08 
-3.836056052e-08 
0.7160930519 
-0.004247172892 
8.81597008 
0.4509756366 
    1 
2.318116146e-12 
1.086550135e-08 
-3.348885881e-08 
