-0.1234277651 
-0.0005246429336 
0.972215364 
-0.09470325609 
0.5261641582 
0.8704921656 
0.3030627093 
0.5214109922 
0.9245765643 
-0.259169199 
0.9063148491 
-0.1347313639 
0.9347736486 
0.6131388664 
0.5614140218 
0.4099294655 
0.741156209 
-0.3801863765 
0.8326828202 
-0.1282333238 
1.213069298 
0.417472748 
0.7497320458 
0.2752569749 
0.5329088282 
-0.3593794332 
0.7675764681 
-0.1083256698 
1.414055782 
0.3285359457 
0.868199106 
0.1613958939 
0.3572745221 
-0.2752248771 
0.7128471433 
-0.09162601548 
1.586461191 
0.3055613423 
0.9344138275 
0.08572550599 
0.2302322708 
-0.18925214 
0.6658435371 
-0.08000014725 
1.755179044 
0.3106625601 
0.9685181571 
0.04273994129 
0.1453018095 
-0.1233413725 
0.624265536 
-0.07158124229 
1.929996066 
0.3260065928 
0.9852129524 
0.02051992002 
0.09070516119 
-0.0782975077 
0.586789439 
-0.06491270371 
2.114445267 
0.3451093768 
0.9931436494 
0.009637724057 
0.05628260874 
-0.04905190111 
0.552675776 
-0.05927706167 
2.309902937 
0.3658544298 
0.9968455 
0.00446859049 
0.03479477543 
-0.03051416858 
0.5214564373 
-0.05435233155 
2.517054273 
0.3875749534 
0.9985555551 
0.002055918296 
0.02145549793 
-0.01890291626 
0.4927881146 
-0.04998146594 
2.736367301 
0.4100613906 
0.9993405464 
0.0009414076477 
0.01320348494 
-0.01167681357 
0.4663933146 
-0.04607240526 
2.968241647 
0.4332475795 
0.9996994895 
0.0004297935413 
0.008111302704 
-0.00719737453 
0.4420366475 
-0.04256056425 
3.21305541 
0.4571129504 
0.9998632176 
0.000195852626 
0.004975288591 
-0.004428189931 
0.4195140724 
-0.0393952234 
3.471180177 
0.4816517074 
0.9999377853 
8.914346044e-05 
0.003047333484 
-0.002719977012 
0.398646917 
-0.03653430979 
3.742985928 
0.5068629198 
0.9999717136 
4.054503404e-05 
0.001863939152 
-0.001668190118 
0.3792778377 
-0.03394206452 
4.028842655 
0.5327472697 
0.9999871421 
1.843337675e-05 
0.001138630972 
-0.001021661337 
0.3612677306 
-0.0315877482 
4.329120897 
0.5593059661 
0.9999941557 
8.378745222e-06 
0.0006947034524 
-0.0006248584154 
0.3444932231 
-0.02944476987 
4.64419191 
0.5865403784 
0.9999973436 
3.8081943e-06 
0.0004233546498 
-0.0003816781615 
0.3288445813 
-0.02749002771 
4.974427719 
0.6144519115 
0.9999987925 
1.730872568e-06 
0.0002577027261 
-0.0002328514689 
0.3142239409 
-0.02570338052 
5.320201117 
0.6430419646 
0.999999451 
7.867624734e-07 
0.0001566979853 
-0.0001418892683 
0.3005438025 
-0.02406721309 
5.681885665 
0.6723119166 
0.9999997504 
3.576615999e-07 
9.518229968e-05 
-8.636351254e-05 
0.2877257444 
-0.02256607421 
6.059855673 
0.7022631226 
0.9999998865 
1.62615692e-07 
5.775836556e-05 
-5.250989183e-05 
0.2756993188 
-0.02118637311 
6.454486193 
0.7328969131 
0.9999999484 
7.394708136e-08 
3.501515409e-05 
-3.1893391e-05 
0.2644011004 
-0.01991612374 
6.866152998 
0.7642145943 
0.9999999765 
3.36319517e-08 
2.120778083e-05 
-1.935203222e-05 
0.2537738654 
-0.01874472833 
7.295232575 
0.7962174486 
0.9999999893 
1.529880429e-08 
1.283356111e-05 
-1.173100754e-05 
0.2437658797 
-0.01766279374 
7.742102111 
0.828906736 
0.9999999951 
6.960458119e-09 
7.759359071e-06 
-7.104647213e-06 
0.2343302802 
-0.01666197499 
8.207139477 
0.8622836942 
0.9999999978 
3.167325192e-09 
4.687533945e-06 
-4.298955404e-06 
0.2254245366 
-0.01573484153 
8.690723223 
0.89634954 
0.999999999 
1.441520451e-09 
2.829537301e-06 
-2.599025456e-06 
0.2170099804 
-0.0148747627 
9.193232558 
0.9311054696 
0.9999999995 
6.561769863e-10 
1.70667456e-06 
-1.569995859e-06 
0.2090513928 
-0.01407580919 
9.715047346 
0.9665526596 
0.9999999998 
2.987389272e-10 
1.028635656e-06 
-9.476312654e-07 
0.201516643 
-0.01333266821 
10.25654809 
1.002692267 
0.9999999999 
1.360289324e-10 
6.19524833e-07 
-5.715378966e-07 
0.1943763696 
-0.01264057009 
10.81811594 
1.039525432 
    1 
6.194934015e-11 
3.728656227e-07 
-3.44450435e-07 
0.1876037001 
-0.01199522471 
11.40013263 
1.077053275 
    1 
2.821660429e-11 
2.242601748e-07 
-2.07441295e-07 
0.1811740022 
-0.01139276633 
12.00298056 
1.115276901 
    1 
1.285419648e-11 
1.347930201e-07 
-1.248419829e-07 
0.1750646643 
-0.01082970544 
12.62704268 
1.154197396 
    1 
5.856644237e-12 
8.096678728e-08 
-7.508147086e-08 
0.1692549003 
-0.01030288685 
13.27270256 
1.193815832 
    1 
2.668685577e-12 
4.860479116e-08 
-4.512537266e-08 
0.163725576 
-0.009809452991 
13.94034436 
1.234133265 
    1 
1.216332414e-12 
2.916029843e-08 
-2.710401081e-08 
0.1584590544 
-0.009346811693 
14.63035281 
1.275150735 
    1 
5.546526474e-13 
1.748450075e-08 
-1.626969698e-08 
0.1534390579 
-0.008912607955 
15.34311319 
1.316869267 
    1 
2.531665582e-13 
1.04778033e-08 
-9.760375803e-09 
0.1486505445 
-0.008504699046 
16.07901138 
1.359289873 
    1 
1.160087189e-13 
6.275524177e-09 
-5.851974997e-09 
0.1440795974 
-0.008121132561 
16.83843376 
1.40241355 
    1 
5.441619977e-14 
3.756637275e-09 
-3.506667342e-09 
0.1397133259 
-0.007760127025 
17.62176731 
1.446241283 
    1 
2.713733581e-14 
2.247628121e-09 
-2.100147902e-09 
0.135539776 
-0.007420054718 
18.4293995 
1.490774041 
    1 
2.255396575e-14 
1.34410058e-09 
-1.257115321e-09 
0.1315478502 
-0.007099426443 
19.26171836 
1.536012784 
    1 
2.240446918e-14 
8.033913038e-10 
-7.521019668e-10 
0.127727235 
-0.006796877998 
20.11911244 
1.581958457 
    1 
2.22947481e-14 
4.799723516e-10 
-4.497393297e-10 
0.1240683358 
-0.006511158119 
21.0019708 
1.628611993 
    1 
2.221660569e-14 
2.866186961e-10 
-2.68802604e-10 
0.1205622174 
-0.006241117754 
21.91068301 
1.675974315 
    1 
2.215135087e-14 
1.710792201e-10 
-1.605832401e-10 
0.1172005508 
-0.005985700461 
22.84563914 
1.724046332 
    1 
2.207866078e-14 
1.020703268e-10 
-9.58885075e-11 
0.1139755645 
-0.005743933841 
23.80722976 
1.772828945 
    1 
2.198039946e-14 
6.087179385e-11 
-5.723184426e-11 
0.1108800005 
-0.005514921852 
24.79584595 
1.82232304 
    1 
2.183920035e-14 
3.628705462e-11 
-3.414434624e-11 
0.1079070744 
-0.005297837919 
25.81187926 
1.872529497 
    1 
2.166184125e-14 
2.16227465e-11 
-2.036172592e-11 
0.1050504383 
-0.005091918742 
26.85572171 
1.923449183 
    1 
2.148665573e-14 
1.28794657e-11 
-1.213751448e-11 
0.1023041484 
-0.004896458731 
27.9277658 
1.975082954 
    1 
2.131419431e-14 
7.668613735e-12 
-7.232173095e-12 
0.09966263413 
-0.004710804984 
29.02840452 
2.027431659 
    1 
2.114681842e-14 
4.564276333e-12 
-4.307606907e-12 
0.0971206705 
-0.004534352768 
30.1580313 
2.080496136 
    1 
2.098900982e-14 
2.715607057e-12 
-2.564694766e-12 
0.09467335289 
-0.004366541427 
31.31704004 
2.134277212 
    1 
2.084840139e-14 
1.615123012e-12 
-1.526411718e-12 
0.09231607374 
-0.004206850692 
32.50582508 
2.188775708 
    1 
2.073795037e-14 
9.602660485e-13 
-9.08129862e-13 
0.09004450131 
-0.004054797327 
33.72478121 
2.243992434 
    1 
2.065483043e-14 
5.707268808e-13 
-5.40092591e-13 
0.08785456017 
-0.003909932101 
34.97430369 
2.299928191 
    1 
2.057115337e-14 
3.390933242e-13 
-3.210968822e-13 
0.08574241321 
-0.003771837032 
36.25478819 
2.356583774 
    1 
2.049179892e-14 
2.01403758e-13 
-1.908336902e-13 
0.08370444521 
-0.003640122889 
37.56663082 
2.413959965 
    1 
2.041550124e-14 
1.195849346e-13 
-1.133779148e-13 
0.08173724767 
-0.003514426908 
38.91022813 
2.472057543 
    1 
2.034178675e-14 
7.098212392e-14 
-6.733790388e-14 
0.07983760476 
-0.003394410727 
40.28597707 
2.530877276 
    1 
2.026998625e-14 
4.211997252e-14 
-3.998080903e-14 
0.07800248051 
-0.003279758493 
41.69427504 
2.590419924 
    1 
2.019965253e-14 
2.498599179e-14 
-2.373053131e-14 
0.07622900686 
-0.003170175141 
43.13551985 
2.650686241 
    1 
2.013066943e-14 
1.481758053e-14 
-1.408089269e-14 
0.07451447266 
-0.003065384811 
44.6101097 
2.711676973 
    1 
2.006328535e-14 
8.784819989e-15 
-8.352617772e-15 
0.07285631358 
-0.002965129417 
46.11844323 
2.773392857 
    1 
1.999802408e-14 
5.206740091e-15 
-4.953218408e-15 
0.07125210261 
-0.002869167323 
47.66091945 
2.835834625 
    1 
1.993553943e-14 
3.085168642e-15 
-2.936482871e-15 
0.06969954141 
-0.002777272136 
49.23793781 
2.899003 
    1 
1.987648107e-14 
1.827571314e-15 
-1.740384383e-15 
0.06819645221 
-0.002689231597 
50.84989812 
2.962898701 
    1 
1.982141086e-14 
1.082317141e-15 
-1.031200477e-15 
0.06674077035 
-0.002604846566 
52.49720059 
3.027522437 
    1 
1.97707719e-14 
6.407989837e-16 
-6.108346815e-16 
0.06533053727 
-0.002523930089 
54.18024584 
3.092874912 
    1 
1.972489363e-14 
3.792961131e-16 
-3.617339602e-16 
0.0639638941 
-0.002446306533 
55.89943486 
3.158956823 
    1 
1.968401379e-14 
2.244535255e-16 
-2.141618855e-16 
0.06263907564 
-0.002371810802 
57.65516902 
3.225768861 
    1 
1.964830324e-14 
1.327908131e-16 
-1.26760693e-16 
0.06135440476 
-0.002300287606 
59.44785008 
3.29331171 
    1 
1.961788614e-14 
7.854259158e-17 
-7.500992109e-17 
0.06010828717 
-0.002231590786 
61.27788014 
3.36158605 
    1 
1.959285305e-14 
4.644511069e-17 
-4.437583996e-17 
0.05889920665 
-0.002165582701 
63.14566173 
3.430592553 
    1 
1.957326686e-14 
2.745834012e-17 
-2.624643199e-17 
0.05772572041 
-0.002102133653 
65.05159769 
3.500331884 
    1 
1.955916307e-14 
1.622967906e-17 
-1.552000091e-17 
0.05658645498 
-0.002041121357 
66.99609126 
3.570804705 
    1 
1.955054552e-14 
9.590666202e-18 
-9.175144574e-18 
0.0554801022 
-0.001982430453 
68.97954604 
3.64201167 
    1 
1.954737878e-14 
5.666208897e-18 
-5.422950752e-18 
0.05440541555 
-0.001925952056 
71.00236597 
3.713953429 
    1 
1.954957778e-14 
3.346902572e-18 
-3.204511173e-18 
0.05336120673 
-0.001871583333 
73.06495536 
3.786630627 
    1 
1.955699476e-14 
1.9765232e-18 
-1.893185069e-18 
0.0523463424 
-0.00181922712 
75.16771887 
3.8600439 
    1 
1.956940333e-14 
1.166999712e-18 
-1.118230209e-18 
0.0513597412 
-0.001768791555 
77.31106151 
3.934193883 
    1 
1.958647866e-14 
6.888920167e-19 
-6.603556739e-19 
0.05040037091 
-0.00172018975 
79.49538864 
4.009081204 
    1 
1.960777207e-14 
4.065787371e-19 
-3.898834371e-19 
0.04946724579 
-0.001673339477 
81.72110594 
4.084706485 
    1 
1.963267686e-14 
2.399124358e-19 
-2.301460096e-19 
0.04855942414 
-0.001628162882 
83.98861948 
4.161070343 
    1 
1.966037964e-14 
1.415392312e-19 
-1.358268192e-19 
0.0476760059 
-0.001584586212 
86.29833562 
4.238173393 
    1 
1.968978733e-14 
8.348684958e-20 
-8.014617253e-20 
0.04681613052 
-0.001542539571 
88.65066107 
4.316016241 
    1 
1.971941356e-14 
4.923536541e-20 
-4.728217554e-20 
0.04597897489 
-0.001501956685 
91.0460029 
4.394599491 
    1 
1.974719759e-14 
2.903042102e-20 
-2.788902034e-20 
0.0451637514 
-0.001462774685 
93.48476847 
4.473923742 
    1 
1.977021444e-14 
1.711360432e-20 
-1.64474489e-20 
0.04436970612 
-0.001424933903 
95.96736549 
4.553989587 
    1 
1.978421461e-14 
1.008610793e-20 
-9.698744947e-21 
0.04359611712 
-0.001388377691 
98.494202 
4.634797615 
    1 
1.978291112e-14 
5.942140178e-21 
-5.719371002e-21 
0.04284229281 
-0.001353052234 
101.0656863 
4.716348412 
    1 
1.975692389e-14 
3.498047565e-21 
-3.374320218e-21 
0.04210757048 
-0.001318906397 
103.6822272 
4.798642557 
    1 
1.969234368e-14 
2.055160334e-21 
-1.994319683e-21 
0.04139131482 
-0.001285891563 
106.3442336 
4.881680626 
    1 
1.959439706e-14 
1.200610163e-21 
-1.185365548e-21 
0.04069291662 
-0.001253961494 
109.0521147 
4.965463192 
    1 
1.949574886e-14 
6.894996235e-22 
-7.165523916e-22 
0.04001179147 
-0.001223072195 
111.8062804 
5.049990822 
    1 
1.938930718e-14 
3.748886045e-22 
-4.543605422e-22 
0.03934737856 
-0.001193181789 
114.6071403 
5.135264078 
    1 
1.926918983e-14 
1.656326427e-22 
-3.247606539e-22 
