-0.1288189076 
-0.0005211218016 
0.9716555018 
-0.09669273796 
0.5262211936 
0.8707598094 
0.3020044181 
0.5198143063 
0.9250553597 
-0.2576196364 
0.9042198637 
-0.1382029716 
0.9350141391 
0.6134090105 
0.5597731043 
0.4094489319 
0.7425581548 
-0.3786463153 
0.8284537319 
-0.132390593 
1.213301324 
0.4171311991 
0.7481136643 
0.2757341828 
0.5349015653 
-0.3588181468 
0.7610255871 
-0.1125356197 
1.41396724 
0.3278132032 
0.8669666343 
0.1622201115 
0.3593310068 
-0.2754767284 
0.7040403325 
-0.0955929299 
1.586027366 
0.30514174 
0.9336189705 
0.08644715353 
0.2320357806 
-0.1898524125 
0.6549443065 
-0.08363675245 
1.75473478 
0.3111228664 
0.9680566765 
0.04322800744 
0.146752454 
-0.1239916154 
0.6114600242 
-0.07487778036 
1.930140137 
0.327740616 
0.9849620934 
0.02080889556 
0.0918157857 
-0.07887263616 
0.5722616577 
-0.0678819613 
2.115962312 
0.3484132941 
0.9930128959 
0.0097963676 
0.05710662581 
-0.04951745761 
0.5366006067 
-0.06193819156 
2.313729099 
0.370990105 
0.9967792219 
0.004551767042 
0.03539261717 
-0.0308731042 
0.5039975962 
-0.05672639841 
2.524267326 
0.3947983598 
0.9985226021 
0.002098246519 
0.02188174224 
-0.01917101505 
0.4740975856 
-0.05208990317 
2.748186864 
0.4196333664 
0.9993243895 
0.000962512895 
0.01350303129 
-0.01187245711 
0.4466113722 
-0.04793626838 
2.986033084 
0.4454376284 
0.9996916501 
0.0004401637473 
0.008319225066 
-0.007337530644 
0.4212921924 
-0.04420010364 
3.238335015 
0.4722005337 
0.9998594444 
0.0002008927586 
0.005118060914 
-0.004527064413 
0.397925149 
-0.04082963734 
3.505620787 
0.4999266521 
0.9999359807 
9.15725996e-05 
0.003144435679 
-0.002788818302 
0.3763213322 
-0.03778161324 
3.788422658 
0.528625514 
0.999970855 
4.170806622e-05 
0.001929417753 
-0.001715575927 
0.3563138298 
-0.03501903436 
4.08727865 
0.5583082469 
0.9999867352 
1.89872641e-05 
0.001182446607 
-0.001053951971 
0.3377546527 
-0.03250991909 
4.402733063 
0.5889864508 
0.9999939636 
8.641384713e-06 
0.0007238198982 
-0.0006466667818 
0.3205122204 
-0.03022646306 
4.73533661 
0.6206718179 
0.9999972531 
3.932281283e-06 
0.0004425813038 
-0.0003962897684 
0.3044692448 
-0.02814440071 
5.08564643 
0.6533760044 
0.99999875 
1.789320266e-06 
0.0002703258191 
-0.000242571079 
0.2895209312 
-0.02624248933 
5.454226051 
0.6871105882 
0.9999994311 
8.142210973e-07 
0.0001649419315 
-0.0001483127946 
0.2755734366 
-0.02450208115 
5.841645344 
0.7218870562 
0.9999997411 
3.70532729e-07 
0.0001005402301 
-9.058367292e-05 
0.2625425442 
-0.02290676408 
6.248480473 
0.7577168013 
0.9999998821 
1.686372383e-07 
6.122505769e-05 
-5.526753756e-05 
0.2503525195 
-0.02144205821 
6.67531384 
0.7946111232 
0.9999999463 
7.675935286e-08 
3.724890697e-05 
-3.3686461e-05 
0.2389351205 
-0.02009515828 
7.12273404 
0.8325812308 
0.9999999756 
3.494339961e-08 
2.264157308e-05 
-2.051261697e-05 
0.2282287385 
-0.01885471432 
7.591335806 
0.8716382435 
0.9999999889 
1.590955304e-08 
1.375059329e-05 
-1.247905461e-05 
0.2181776504 
-0.01771064434 
8.081719961 
0.9117931941 
0.9999999949 
7.244546351e-09 
8.343926185e-06 
-7.584920061e-06 
0.2087313669 
-0.01665397385 
8.594493376 
0.9530570307 
0.9999999977 
3.299325856e-09 
5.059008953e-06 
-4.606192913e-06 
0.199844062 
-0.01567669794 
9.130268918 
0.9954406187 
0.9999999989 
1.502794944e-09 
3.064909538e-06 
-2.794907679e-06 
0.1914740734 
-0.01477166258 
9.689665409 
1.038954743 
0.9999999995 
6.845954047e-10 
1.855401081e-06 
-1.694489466e-06 
0.1835834631 
-0.01393246204 
10.27330758 
1.08361011 
0.9999999998 
3.119082511e-10 
1.122370135e-06 
-1.026520462e-06 
0.1761376313 
-0.01315335014 
10.88182603 
1.12941735 
0.9999999999 
1.421273877e-10 
6.784569678e-07 
-6.213902241e-07 
0.1691049748 
-0.01242916316 
11.51585719 
1.176387016 
    1 
6.477156658e-11 
4.09831882e-07 
-3.75871617e-07 
0.162456586 
-0.01175525291 
12.17604325 
1.224529591 
    1 
2.952200321e-11 
2.473975026e-07 
-2.271970732e-07 
0.1561659853 
-0.01112742827 
12.86303218 
1.273855484 
    1 
1.34572288e-11 
1.492449146e-07 
-1.372345151e-07 
0.1502088847 
-0.01054190415 
13.57747764 
1.324375034 
    1 
6.135055777e-12 
8.997598085e-08 
-8.283813526e-08 
0.1445629763 
-0.009995256886 
14.32003895 
1.376098514 
    1 
2.797283397e-12 
5.421060671e-08 
-4.997032244e-08 
0.1392077451 
-0.009484384978 
15.09138107 
1.429036126 
    1 
1.275593342e-12 
3.264224829e-08 
-3.012430473e-08 
0.1341243012 
-0.009006474692 
15.89217455 
1.483198011 
    1 
5.818742653e-13 
1.964360345e-08 
-1.814900316e-08 
0.1292952302 
-0.008558969709 
16.72309551 
1.538594242 
    1 
2.656021495e-13 
1.181447534e-08 
-1.092765255e-08 
0.1247044591 
-0.008139544364 
17.58482558 
1.595234831 
    1 
1.216396245e-13 
7.101768702e-09 
-6.575768616e-09 
0.1203371359 
-0.007746079993 
18.47805187 
1.653129728 
    1 
5.668165347e-14 
4.266618002e-09 
-3.954746087e-09 
0.1161795219 
-0.007376643982 
19.40346698 
1.712288822 
    1 
2.752929015e-14 
2.561959495e-09 
-2.377112527e-09 
0.1122188945 
-0.007029471193 
20.3617689 
1.772721944 
    1 
2.170396505e-14 
1.537580589e-09 
-1.428059444e-09 
0.1084434595 
-0.00670294746 
21.35366102 
1.834438865 
    1 
2.141939769e-14 
9.223299143e-10 
-8.574609421e-10 
0.1048422724 
-0.006395594898 
22.3798521 
1.897449303 
    1 
2.114607558e-14 
5.529971793e-10 
-5.145881674e-10 
0.1014051674 
-0.006106058813 
23.44105622 
1.961762915 
    1 
2.088287998e-14 
3.314003685e-10 
-3.086656352e-10 
0.0981226921 
-0.005833096024 
24.53799275 
2.027389307 
    1 
2.062920312e-14 
1.985096167e-10 
-1.850568808e-10 
0.09498604997 
-0.005575564407 
25.67138633 
2.09433803 
    1 
2.038460792e-14 
1.188539085e-10 
-1.108960049e-10 
0.09198704685 
-0.005332413555 
26.84196686 
2.162618581 
    1 
2.014877618e-14 
7.113010116e-11 
-6.642404392e-11 
0.08911804304 
-0.005102676387 
28.05046942 
2.232240408 
    1 
1.992148382e-14 
4.25506254e-11 
-3.976841949e-11 
0.08637190956 
-0.004885461623 
29.29763428 
2.303212905 
    1 
1.970256888e-14 
2.544341467e-11 
-2.379905124e-11 
0.08374198835 
-0.004679947023 
30.58420688 
2.375545418 
    1 
1.949189979e-14 
1.520778574e-11 
-1.423618982e-11 
0.081222056 
-0.00448537329 
31.91093777 
2.449247243 
    1 
1.928935019e-14 
9.086189388e-12 
-8.512263754e-12 
0.07880629064 
-0.004301038589 
33.27858259 
2.524327628 
    1 
1.909478186e-14 
5.426586473e-12 
-5.087656248e-12 
0.07648924178 
-0.004126293587 
34.68790209 
2.600795773 
    1 
1.890803422e-14 
3.239698658e-12 
-3.039596267e-12 
0.07426580265 
-0.003960536981 
36.13966202 
2.678660832 
    1 
1.872891895e-14 
1.933388474e-12 
-1.815279189e-12 
0.07213118489 
-0.003803211451 
37.6346332 
2.757931913 
    1 
1.855721816e-14 
1.153383706e-12 
-1.083687685e-12 
0.07008089546 
-0.003653799992 
39.1735914 
2.838618078 
    1 
1.839268521e-14 
6.878157518e-13 
-6.466982759e-13 
0.0681107153 
-0.00351182259 
40.75731739 
2.920728345 
    1 
1.823504733e-14 
4.100316432e-13 
-3.857799723e-13 
0.06621667992 
-0.003376833207 
42.38659689 
3.004271688 
    1 
1.808400956e-14 
2.443502608e-13 
-2.300496091e-13 
0.06439506142 
-0.003248417039 
44.06222053 
3.089257039 
    1 
1.793925947e-14 
1.455665343e-13 
-1.371356907e-13 
0.06264235202 
-0.003126188019 
45.78498384 
3.175693286 
    1 
1.780047248e-14 
8.668952219e-14 
-8.172028939e-14 
0.0609552489 
-0.003009786552 
47.55568724 
3.263589278 
    1 
1.766731728e-14 
5.160965349e-14 
-4.868137265e-14 
0.05933064023 
-0.002898877441 
49.375136 
3.352953819 
    1 
1.753946133e-14 
3.0715486e-14 
-2.899027145e-14 
0.05776559223 
-0.002793148003 
51.24414022 
3.443795676 
    1 
1.741657595e-14 
1.827463516e-14 
-1.725842774e-14 
0.05625733733 
-0.002692306339 
53.16351481 
3.536123574 
    1 
1.729834105e-14 
1.086945063e-14 
-1.027099455e-14 
0.05480326313 
-0.002596079763 
55.13407946 
3.6299462 
    1 
1.718444915e-14 
6.463036804e-15 
-6.110670282e-15 
0.05340090226 
-0.002504213355 
57.15665864 
3.725272202 
    1 
1.707460869e-14 
3.841831775e-15 
-3.634401985e-15 
0.05204792299 
-0.002416468646 
59.23208157 
3.822110189 
    1 
1.696854648e-14 
2.283048785e-15 
-2.160963477e-15 
0.05074212046 
-0.002332622398 
61.36118217 
3.920468733 
    1 
1.686600932e-14 
1.356343072e-15 
-1.284501954e-15 
0.04948140871 
-0.002252465504 
63.54479909 
4.020356371 
    1 
1.67667648e-14 
8.055708518e-16 
-7.633038235e-16 
0.0482638131 
-0.002175801959 
65.78377566 
4.121781599 
    1 
1.667060134e-14 
4.783216204e-16 
-4.534587751e-16 
0.04708746341 
-0.002102447926 
68.07895985 
4.224752882 
    1 
1.657732762e-14 
2.839360553e-16 
-2.693135464e-16 
0.04595058739 
-0.002032230874 
70.43120432 
4.329278646 
    1 
1.648677139e-14 
1.685029345e-16 
-1.599045601e-16 
0.04485150475 
-0.001964988786 
72.8413663 
4.435367282 
    1 
1.639877798e-14 
9.997302944e-17 
-9.491786147e-17 
0.04378862159 
-0.001900569422 
75.31030767 
4.54302715 
    1 
1.631320843e-14 
5.929918289e-17 
-5.632764703e-17 
0.0427604252 
-0.001838829651 
77.83889488 
4.652266571 
    1 
1.622993737e-14 
3.516470649e-17 
-3.341826586e-17 
0.04176547923 
-0.001779634826 
80.42799896 
4.763093837 
    1 
1.614885089e-14 
2.084777073e-17 
-1.982151539e-17 
0.0408024192 
-0.001722858209 
83.07849546 
4.875517203 
    1 
1.606984412e-14 
1.235686898e-17 
-1.175391102e-17 
0.03986994825 
-0.001668380444 
85.79126449 
4.989544894 
    1 
1.599281888e-14 
7.322430593e-18 
-6.968229524e-18 
0.03896683329 
-0.00161608906 
88.56719067 
5.105185101 
    1 
1.59176811e-14 
4.338122872e-18 
-4.130083706e-18 
0.03809190126 
-0.001565878024 
91.40716312 
5.222445984 
    1 
1.58443381e-14 
2.569507634e-18 
-2.447335013e-18 
0.03724403576 
-0.001517647314 
94.31207541 
5.341335671 
    1 
1.577269559e-14 
1.521602195e-18 
-1.449866168e-18 
0.03642217385 
-0.001471302535 
97.28282562 
5.461862259 
    1 
1.570265426e-14 
9.008596123e-19 
-8.587446562e-19 
0.03562530302 
-0.001426754553 
100.3203162 
5.584033815 
    1 
1.563410578e-14 
5.332360046e-19 
-5.08514683e-19 
0.03485245844 
-0.001383919162 
103.4254542 
5.707858374 
    1 
1.556692799e-14 
3.155656304e-19 
-3.010564398e-19 
0.03410272027 
-0.001342716774 
106.5991508 
5.833343943 
    1 
1.550097889e-14 
1.86710715e-19 
-1.781964272e-19 
0.03337521128 
-0.001303072127 
109.8423218 
5.960498499 
    1 
1.543608915e-14 
1.104483781e-19 
-1.054528969e-19 
0.03266909449 
-0.001264914016 
113.1558874 
6.089329988 
    1 
1.537205252e-14 
6.5322189e-20 
-6.239198083e-20 
0.03198357101 
-0.001228175046 
116.5407719 
6.219846329 
    1 
1.530861341e-14 
3.862537239e-20 
-3.690741022e-20 
0.03131787805 
-0.001192791397 
119.9979043 
6.352055411 
    1 
1.524545094e-14 
2.283442912e-20 
-2.182837225e-20 
0.03067128696 
-0.001158702608 
123.5282176 
6.485965097 
    1 
1.518215802e-14 
1.349569439e-20 
-1.290846417e-20 
0.03004310149 
-0.001125851374 
127.1326494 
6.621583221 
    1 
1.511821417e-14 
7.973173707e-21 
-7.63374929e-21 
0.02943265607 
-0.001094183357 
130.8121413 
6.758917587 
    1 
1.505294994e-14 
4.706789341e-21 
-4.516506873e-21 
0.02883931423 
-0.001063647013 
134.5676396 
6.897975976 
    1 
1.498550032e-14 
2.773000915e-21 
-2.676945387e-21 
0.02826246714 
-0.001034193427 
138.4000944 
7.03876614 
    1 
1.491474388e-14 
1.62445321e-21 
-1.595670507e-21 
0.02770153217 
-0.001005776156 
142.3104605 
7.181295804 
    1 
1.483922289e-14 
9.354872906e-22 
-9.674969996e-22 
0.0271559516 
-0.0009783510925 
146.2996965 
7.325572666 
    1 
1.475703891e-14 
5.100423079e-22 
-6.155976242e-22 
0.02662519133 
-0.0009518763244 
150.3687656 
7.471604401 
    1 
1.46657159e-14 
2.259729454e-22 
-4.419254468e-22 
