-0.124476674 
-0.0005239629997 
0.9721066677 
-0.09508941327 
0.526174737 
0.8705415205 
0.3028569123 
0.5211008783 
0.9246689594 
-0.2588703886 
0.9059083817 
-0.1354043345 
0.9348169216 
0.6131831883 
0.5610953962 
0.4098372537 
0.7414262652 
-0.3798908024 
0.8318629816 
-0.1290379947 
1.213105167 
0.4173940238 
0.7494184861 
0.2753508231 
0.5332917416 
-0.3592734203 
0.7663075126 
-0.1091395853 
1.414021894 
0.3283808666 
0.8679609233 
0.1615563049 
0.3576686218 
-0.2752750779 
0.7111421867 
-0.09239252996 
1.586351511 
0.3054625931 
0.9342606111 
0.08586531287 
0.2305769706 
-0.1893685123 
0.6637342704 
-0.08070290093 
1.755056744 
0.3107303121 
0.9684294194 
0.04283417221 
0.1455783529 
-0.123466609 
0.6217877923 
-0.07221868115 
1.929974346 
0.3263147972 
0.9851648248 
0.02057555294 
0.09091635328 
-0.07840782916 
0.5839784987 
-0.06548749176 
2.114671921 
0.34571263 
0.9931186176 
0.009668189053 
0.05643891231 
-0.04914091324 
0.5495650747 
-0.05979300679 
2.310553468 
0.3668002692 
0.9968328369 
0.004484526931 
0.03490789695 
-0.03058259363 
0.5180772103 
-0.05481355663 
2.518329744 
0.3889093293 
0.998549271 
0.002064011276 
0.02153595102 
-0.01895388211 
0.489169312 
-0.05039212834 
2.738494124 
0.4118307187 
0.9993374708 
0.0009454349747 
0.01325988378 
-0.01171390445 
0.4625616228 
-0.04643656329 
2.971472069 
0.4354994545 
0.9996979998 
0.0004317687434 
0.008150353148 
-0.007223874639 
0.4380165661 
-0.04288210195 
3.217668235 
0.45989638 
0.9998625017 
0.0001968109374 
0.005002036197 
-0.004446834995 
0.415328023 
-0.03967780835 
3.47748157 
0.4850171775 
0.9999374435 
8.960456089e-05 
0.00306547964 
-0.002732924332 
0.3943153689 
-0.03678137202 
3.751310231 
0.5108624016 
0.9999715512 
4.076545225e-05 
0.001876145043 
-0.00167707878 
0.3748194409 
-0.03415678931 
4.039553196 
0.5374342057 
0.9999870652 
1.853819116e-05 
0.00114677829 
-0.001027702597 
0.3566994501 
-0.03177307785 
4.342610799 
0.5647352497 
0.9999941195 
8.428373825e-06 
0.0007001040456 
-0.0006289279316 
0.3398304711 
-0.02960341133 
4.660884881 
0.5927683315 
0.9999973265 
3.831609472e-06 
0.0004269120058 
-0.0003843976823 
0.3241013434 
-0.02762446363 
4.994778828 
0.6215362622 
0.9999987845 
1.741887009e-06 
0.0002600324997 
-0.000234655834 
0.3094128958 
-0.02581588242 
5.344697568 
0.6510418246 
0.9999994473 
7.919304551e-07 
0.0001582157761 
-0.000143078693 
0.2956764345 
-0.02415985547 
5.711047547 
0.6812877602 
0.9999997486 
3.600811117e-07 
9.616632841e-05 
-8.714296093e-05 
0.2828124478 
-0.02264074891 
6.094236706 
0.7122767659 
0.9999998857 
1.637462908e-07 
5.839349981e-05 
-5.301793331e-05 
0.2707494942 
-0.02124480355 
6.494674458 
0.7440114937 
0.999999948 
7.447451331e-08 
3.542340857e-05 
-3.22229004e-05 
0.259423244 
-0.01995987858 
6.912771661 
0.7764945521 
0.9999999763 
3.387764136e-08 
2.146919795e-05 
-1.956478002e-05 
0.2487756499 
-0.01877523449 
7.348940597 
0.8097285071 
0.9999999892 
1.541310336e-08 
1.300035918e-05 
-1.186779389e-05 
0.2387542293 
-0.01768134864 
7.803594949 
0.843715884 
0.9999999951 
7.013569943e-09 
7.865432442e-06 
-7.192253553e-06 
0.2293114385 
-0.01666975791 
8.277149776 
0.8784591685 
0.9999999978 
3.19197904e-09 
4.754781152e-06 
-4.354862073e-06 
0.2204041287 
-0.01573292415 
8.770021495 
0.9139608082 
0.999999999 
1.452954313e-09 
2.872046195e-06 
-2.634583228e-06 
0.2119930693 
-0.01486411877 
9.282627857 
0.9502232138 
0.9999999995 
6.614753516e-10 
1.733472431e-06 
-1.592540589e-06 
0.2040425309 
-0.01405732345 
9.815387932 
0.9872487602 
0.9999999998 
3.01191928e-10 
1.045485894e-06 
-9.618834794e-07 
0.1965199185 
-0.01330714449 
10.36872208 
1.025039788 
0.9999999999 
1.371636475e-10 
6.300944963e-07 
-5.805230486e-07 
0.1893954494 
-0.01260873872 
10.94305196 
1.063598604 
    1 
6.247426075e-11 
3.794805396e-07 
-3.501004039e-07 
0.1826418679 
-0.01195774929 
11.53880045 
1.102927483 
    1 
2.845937538e-11 
2.283911216e-07 
-2.109854244e-07 
0.1762341937 
-0.01135024983 
12.15639172 
1.143028668 
    1 
1.296612995e-11 
1.373674812e-07 
-1.270600553e-07 
0.170149499 
-0.01078269578 
12.79625112 
1.183904371 
    1 
5.908093234e-12 
8.256811498e-08 
-7.646662834e-08 
0.1643667102 
-0.01025188198 
13.45880524 
1.225556777 
    1 
2.692238993e-12 
4.959899048e-08 
-4.598860989e-08 
0.1588664321 
-0.009754905441 
14.14448185 
1.267988039 
    1 
1.226994029e-12 
2.97764749e-08 
-2.764093752e-08 
0.1536307902 
-0.009289132741 
14.8537099 
1.311200283 
    1 
5.592657372e-13 
1.786575209e-08 
-1.660304383e-08 
0.1486432912 
-0.008852171397 
15.5869195 
1.35519561 
    1 
2.551201774e-13 
1.071332228e-08 
-9.966967913e-09 
0.143888697 
-0.008441844607 
16.34454191 
1.399976091 
    1 
1.167089198e-13 
6.420795562e-09 
-5.979796435e-09 
0.1393529127 
-0.008056168989 
17.12700952 
1.445543776 
    1 
5.432168149e-14 
3.846112555e-09 
-3.585626088e-09 
0.1350228856 
-0.007693334896 
17.93475584 
1.491900685 
    1 
2.633863888e-14 
2.302660994e-09 
-2.148848576e-09 
0.1308865146 
-0.007351688979 
18.76821549 
1.539048818 
    1 
2.134367358e-14 
1.377904183e-09 
-1.287109527e-09 
0.1269325684 
-0.007029718716 
19.62782418 
1.586990148 
    1 
2.123737377e-14 
8.241284688e-10 
-7.705493549e-10 
0.1231506122 
-0.00672603867 
20.51401869 
1.635726628 
    1 
2.118592431e-14 
4.926782047e-10 
-4.610699392e-10 
0.1195309409 
-0.006439378242 
21.42723688 
1.685260186 
    1 
2.118147451e-14 
2.943945381e-10 
-2.757531129e-10 
0.1160645192 
-0.006168570764 
22.36791767 
1.735592729 
    1 
2.119826856e-14 
1.758325726e-10 
-1.648416499e-10 
0.1127429272 
-0.005912543744 
23.336501 
1.786726144 
    1 
2.121256187e-14 
1.049728808e-10 
-9.849446334e-11 
0.109558311 
-0.00567031015 
24.33342786 
1.838662295 
    1 
2.121402713e-14 
6.264233461e-11 
-5.882476926e-11 
0.1065033378 
-0.0054409606 
25.35914025 
1.891403027 
    1 
2.119791317e-14 
3.736598528e-11 
-3.511698388e-11 
0.1035711553 
-0.00522365635 
26.4140812 
1.944950165 
    1 
2.116092957e-14 
2.22795854e-11 
-2.095499538e-11 
0.1007553544 
-0.005017622998 
27.4986947 
1.999305514 
    1 
2.110314649e-14 
1.327896573e-11 
-1.249901989e-11 
0.09804993561 
-0.004822144823 
28.61342577 
2.054470861 
    1 
2.102767213e-14 
7.911376182e-12 
-7.452240292e-12 
0.09544927815 
-0.004636559677 
29.75872038 
2.110447973 
    1 
2.093992042e-14 
4.711665754e-12 
-4.441447685e-12 
0.0929481117 
-0.004460254383 
30.93502548 
2.167238602 
    1 
2.084604385e-14 
2.805016614e-12 
-2.646020574e-12 
0.0905414907 
-0.004292660576 
32.14278896 
2.224844478 
    1 
2.075122516e-14 
1.669316419e-12 
-1.575784606e-12 
0.08822477074 
-0.004133250944 
33.38245968 
2.283267317 
    1 
2.065865456e-14 
9.930880712e-13 
-9.380788131e-13 
0.08599358691 
-0.003981535819 
34.65448743 
2.342508818 
    1 
2.056951198e-14 
5.905901857e-13 
-5.582443929e-13 
0.08384383397 
-0.003837060093 
35.95932292 
2.402570661 
    1 
2.048370999e-14 
3.511053254e-13 
-3.320898361e-13 
0.08177164814 
-0.003699400417 
37.2974178 
2.463454513 
    1 
2.040074184e-14 
2.086625915e-13 
-1.974860625e-13 
0.07977339033 
-0.003568162649 
38.66922462 
2.525162022 
    1 
2.032016593e-14 
1.239683777e-13 
-1.17400605e-13 
0.07784563074 
-0.003442979546 
40.07519682 
2.587694823 
    1 
2.024175618e-14 
7.362739393e-14 
-6.976867718e-14 
0.07598513461 
-0.003323508647 
41.51578877 
2.651054534 
    1 
2.016550171e-14 
4.371526156e-14 
-4.144861832e-14 
0.0741888492 
-0.003209430357 
42.99145568 
2.71524276 
    1 
2.009155527e-14 
2.594745294e-14 
-2.46162609e-14 
0.07245389162 
-0.003100446188 
44.50265368 
2.780261089 
    1 
2.002016552e-14 
1.539668242e-14 
-1.461502354e-14 
0.07077753775 
-0.002996277158 
46.04983975 
2.846111097 
    1 
1.995160775e-14 
9.133411384e-15 
-8.674515132e-15 
0.06915721185 
-0.002896662325 
47.63347172 
2.912794345 
    1 
1.988612788e-14 
5.416452453e-15 
-5.147091848e-15 
0.06759047708 
-0.002801357447 
49.25400831 
2.98031238 
    1 
1.982391059e-14 
3.211259625e-15 
-3.053179397e-15 
0.06607502657 
-0.002710133749 
50.91190906 
3.048666736 
    1 
1.97650724e-14 
1.903342366e-15 
-1.810585416e-15 
0.06460867534 
-0.002622776802 
52.60763435 
3.117858934 
    1 
1.970967338e-14 
1.127825197e-15 
-1.073407233e-15 
0.0631893526 
-0.002539085483 
54.34164541 
3.18789048 
    1 
1.965773807e-14 
6.68116743e-16 
-6.361964777e-16 
0.06181509475 
-0.002458871029 
56.11440427 
3.258762871 
    1 
1.960927732e-14 
3.956861367e-16 
-3.769655067e-16 
0.0604840388 
-0.002381956161 
57.92637381 
3.330477587 
    1 
1.956430594e-14 
2.342822571e-16 
-2.233047039e-16 
0.0591944163 
-0.00230817428 
59.7780177 
3.4030361 
    1 
1.952285356e-14 
1.386820192e-16 
-1.322459146e-16 
0.05794454766 
-0.002237368729 
61.66980042 
3.476439868 
    1 
1.948496853e-14 
8.207202548e-17 
-7.82991335e-17 
0.05673283687 
-0.002169392106 
63.60218725 
3.550690336 
    1 
1.945071584e-14 
4.855862425e-17 
-4.634725826e-17 
0.0555577666 
-0.00210410564 
65.57564427 
3.625788939 
    1 
1.942017057e-14 
2.872339406e-17 
-2.74274595e-17 
0.05441789358 
-0.002041378605 
67.59063832 
3.701737101 
    1 
1.939340811e-14 
1.698654988e-17 
-1.622719832e-17 
0.05331184437 
-0.001981087784 
69.64763705 
3.778536233 
    1 
1.937049218e-14 
1.004330077e-17 
-9.598422474e-18 
0.05223831135 
-0.001923116975 
71.74710887 
3.856187737 
    1 
1.935146092e-14 
5.936786147e-18 
-5.676183288e-18 
0.05119604897 
-0.001867356527 
73.88952296 
3.934693002 
    1 
1.933631054e-14 
3.508582705e-18 
-3.3559464e-18 
0.0501838703 
-0.001813702919 
76.07534925 
4.014053408 
    1 
1.932497511e-14 
2.073094465e-18 
-1.983706662e-18 
0.04920064375 
-0.001762058361 
78.30505845 
4.094270324 
    1 
1.931729963e-14 
1.224658963e-18 
-1.172318036e-18 
0.04824529 
-0.001712330434 
80.579122 
4.175345108 
    1 
1.931300133e-14 
7.233051084e-19 
-6.926609179e-19 
0.04731677919 
-0.001664431746 
82.89801208 
4.25727911 
    1 
1.931161076e-14 
4.271099995e-19 
-4.091709663e-19 
0.0464141282 
-0.001618279616 
85.26220164 
4.340073668 
    1 
1.931237801e-14 
2.521571431e-19 
-2.416570364e-19 
0.04553639816 
-0.001573795788 
87.67216433 
4.42373011 
    1 
1.931411952e-14 
1.488392726e-19 
-1.426941694e-19 
0.04468269207 
-0.001530906151 
90.12837454 
4.508249756 
    1 
1.93149632e-14 
8.783745277e-20 
-8.424166178e-20 
0.04385215264 
-0.00148954049 
92.63130738 
4.593633915 
    1 
1.931191937e-14 
5.182729611e-20 
-4.972373933e-20 
0.04304396016 
-0.001449632248 
95.1814387 
4.679883888 
    1 
1.930015093e-14 
3.057406823e-20 
-2.934408318e-20 
0.04225733056 
-0.00141111831 
97.77924503 
4.767000966 
    1 
1.927171713e-14 
1.803261408e-20 
-1.731432532e-20 
0.04149151362 
-0.001373938792 
100.4252036 
4.854986431 
    1 
1.92133737e-14 
1.063302732e-20 
-1.021506503e-20 
0.04074579117 
-0.001338036857 
103.1197924 
4.943841556 
    1 
1.91278963e-14 
6.267454128e-21 
-6.026863784e-21 
0.04001947553 
-0.001303358531 
105.8634901 
5.033567606 
    1 
1.904382242e-14 
3.691372003e-21 
-3.557510348e-21 
0.03931190794 
-0.001269852539 
108.656776 
5.124165836 
    1 
1.895711502e-14 
2.16980455e-21 
-2.103641081e-21 
0.03862245716 
-0.001237470151 
111.5001302 
5.215637493 
    1 
1.886840709e-14 
1.268203311e-21 
-1.250976737e-21 
0.03795051804 
-0.001206165033 
114.3940333 
5.307983817 
    1 
1.877505761e-14 
7.286725056e-22 
-7.566172485e-22 
0.03729551034 
-0.001175893113 
117.3389668 
5.401206038 
    1 
1.867319398e-14 
3.963804357e-22 
-4.80056637e-22 
0.03665687742 
-0.001146612455 
120.3354127 
5.495305378 
    1 
1.855816887e-14 
1.75213881e-22 
-3.433903275e-22 
