0.2709145751 
-0.0006116340828 
0.9949247591 
-0.01629353338 
0.5403645635 
0.9454828703 
0.3768675659 
0.6204543741 
0.9133852371 
-0.2932206065 
0.9852088835 
-0.01663981808 
1.033824313 
0.8512478378 
0.6625563228 
0.4124363276 
0.7127662636 
-0.4025138312 
0.9779435526 
-0.009628507107 
1.483826903 
0.7926062696 
0.8350859663 
0.2256005866 
0.499297902 
-0.3574411907 
0.9742298207 
-0.004414943558 
1.912214782 
0.7692879155 
0.9241128293 
0.1096837079 
0.3282721605 
-0.2628521033 
0.9725672887 
-0.001986446352 
2.332873119 
0.7618842788 
0.9661070976 
0.05018712198 
0.2083542693 
-0.1766854221 
0.9717781293 
-0.001035171827 
2.751213737 
0.7598357464 
0.9850550499 
0.02233409102 
0.1296140016 
-0.113526353 
0.9713240709 
-0.0006715716912 
3.168956972 
0.7593890422 
0.9934384156 
0.009827574036 
0.07964610666 
-0.07118465608 
0.9710021466 
-0.0005186429816 
3.586605752 
0.7593974922 
0.9971201867 
0.004309310852 
0.04854120549 
-0.04399123183 
0.9707403106 
-0.0004406935436 
4.004300036 
0.7595271681 
0.9987343401 
0.001889683441 
0.02940846651 
-0.02692817095 
0.9705122707 
-0.0003915584308 
4.422074704 
0.7596819964 
0.9994425944 
0.0008299628131 
0.01773534334 
-0.01637157074 
0.9703072763 
-0.0003554089761 
4.83993459 
0.7598349455 
0.9997539511 
0.0003653256842 
0.0106560467 
-0.009901861664 
0.9701200318 
-0.0003264269648 
5.257876317 
0.7599791648 
0.9998911411 
0.0001611864755 
0.006382792215 
-0.005964001124 
0.9699473556 
-0.0003021581865 
5.675894682 
0.7601136671 
0.9999517327 
7.128388796e-05 
0.003813140046 
-0.003579860235 
0.9697870309 
-0.0002813567479 
6.093984479 
0.7602390685 
0.9999785551 
3.159492121e-05 
0.002272828416 
-0.002142556283 
0.9696373729 
-0.0002632679879 
6.51214096 
0.7603563216 
0.9999904542 
1.403264766e-05 
0.001352028059 
-0.001279125552 
0.9694970398 
-0.0002473738268 
6.930359902 
0.7604663536 
0.9999957436 
6.244357753e-06 
0.000802861556 
-0.0007619898892 
0.969364935 
-0.0002332913291 
7.348637566 
0.7605699804 
0.9999980991 
2.783509372e-06 
0.000476009072 
-0.0004530584612 
0.9692401464 
-0.0002207254404 
7.766970624 
0.7606678999 
0.9999991499 
1.242766234e-06 
0.0002818252343 
-0.000268919546 
0.9691219064 
-0.0002094430816 
8.185356105 
0.760760706 
0.9999996193 
5.556717683e-07 
0.0001666458757 
-0.0001593794655 
0.9690095624 
-0.0001992569946 
8.603791341 
0.7608489059 
0.9999998293 
2.487855121e-07 
9.84262181e-05 
-9.433024267e-05 
0.9689025548 
-0.0001900147811 
9.022273921 
0.7609329355 
0.9999999234 
1.115220508e-07 
5.807284706e-05 
-5.576159091e-05 
0.9688004 
-0.0001815910767 
9.440801656 
0.7610131717 
0.9999999656 
5.004737727e-08 
3.423106044e-05 
-3.292563259e-05 
0.9687026774 
-0.0001738817867 
9.859372554 
0.7610899427 
0.9999999845 
2.248264239e-08 
2.0159815e-05 
-1.942184711e-05 
0.9686090186 
-0.0001667997514 
10.27798479 
0.7611635355 
0.999999993 
1.010935563e-08 
1.186319575e-05 
-1.144568109e-05 
0.9685190995 
-0.0001602714345 
10.69663668 
0.7612342034 
0.9999999969 
4.549650207e-09 
6.975774171e-06 
-6.739384203e-06 
0.9684326332 
-0.0001542343605 
11.11532669 
0.76130217 
0.9999999986 
2.049191349e-09 
4.099042029e-06 
-3.965109618e-06 
0.9683493646 
-0.0001486351109 
11.53405339 
0.7613676346 
0.9999999994 
9.2365829e-10 
2.40709234e-06 
-2.331161097e-06 
0.9682690658 
-0.0001434277399 
11.95281544 
0.761430775 
0.9999999997 
4.166208449e-10 
1.412675999e-06 
-1.369602067e-06 
0.9681915324 
-0.0001385725124 
12.37161161 
0.7614917508 
0.9999999999 
1.880403716e-10 
8.286076842e-07 
-8.041592765e-07 
0.9681165806 
-0.0001340348887 
12.79044076 
0.7615507057 
0.9999999999 
8.492223712e-11 
4.857663427e-07 
-4.718823859e-07 
0.9680440441 
-0.0001297847024 
13.20930181 
0.7616077695 
    1 
3.837384363e-11 
2.84637439e-07 
-2.767490466e-07 
0.9679737722 
-0.0001257954895 
13.62819375 
0.7616630598 
    1 
1.734937548e-11 
1.667076637e-07 
-1.622236847e-07 
0.967905628 
-0.0001220439376 
14.04711564 
0.7617166838 
    1 
7.847896467e-12 
9.7595486e-08 
-9.50455645e-08 
0.9678394865 
-0.0001185094299 
14.46606658 
0.761768739 
    1 
3.551712629e-12 
5.711171672e-08 
-5.566105028e-08 
0.9677752336 
-0.0001151736671 
14.88504575 
0.7618193147 
    1 
1.608034304e-12 
3.340810401e-08 
-3.258249189e-08 
0.9677127644 
-0.0001120203503 
15.30405234 
0.7618684927 
    1 
7.283872259e-13 
1.953523319e-08 
-1.906518399e-08 
0.9676519826 
-0.0001090349151 
15.72308561 
0.7619163484 
    1 
3.303088443e-13 
1.141915182e-08 
-1.115144401e-08 
0.9675927998 
-0.0001062043068 
16.14214485 
0.7619629511 
    1 
1.502506229e-13 
6.672756216e-09 
-6.520238044e-09 
0.9675351338 
-0.0001035167899 
16.5612294 
0.7620083648 
    1 
6.91369613e-14 
3.897983086e-09 
-3.811063453e-09 
0.9674789091 
-0.0001009617855 
16.98033861 
0.7620526487 
    1 
3.333043614e-14 
2.276378752e-09 
-2.226828787e-09 
0.9674240553 
-9.852973221e-05 
17.39947187 
0.7620958577 
    1 
2.291038597e-14 
1.329000398e-09 
-1.300745621e-09 
0.9673705074 
-9.621196674e-05 
17.81862862 
0.7621380428 
    1 
2.294775819e-14 
7.756886273e-10 
-7.595726059e-10 
0.9673182046 
-9.400062092e-05 
18.2378083 
0.7621792515 
    1 
2.327697947e-14 
4.526231748e-10 
-4.434285105e-10 
0.9672670904 
-9.188853246e-05 
18.65701038 
0.7622195281 
    1 
2.357174993e-14 
2.640451355e-10 
-2.587980145e-10 
0.967217112 
-8.986916761e-05 
19.07623437 
0.7622589137 
    1 
2.379503859e-14 
1.53998407e-10 
-1.510033243e-10 
0.9671682202 
-8.793655365e-05 
19.49547979 
0.7622974471 
    1 
2.393537111e-14 
8.97956536e-11 
-8.808565892e-11 
0.9671203687 
-8.608521995e-05 
19.91474617 
0.7623351643 
    1 
2.398500036e-14 
5.234793091e-11 
-5.137142506e-11 
0.9670735142 
-8.431014633e-05 
20.33403308 
0.7623720993 
    1 
2.397719059e-14 
3.051073579e-11 
-2.995297848e-11 
0.9670276161 
-8.26067176e-05 
20.75334009 
0.7624082838 
    1 
2.390810017e-14 
1.777945351e-11 
-1.746081195e-11 
0.9669826361 
-8.097068355e-05 
21.17266681 
0.7624437478 
    1 
2.379584125e-14 
1.035857705e-11 
-1.017650514e-11 
0.9669385383 
-7.93981236e-05 
21.59201284 
0.7624785195 
    1 
2.368554397e-14 
6.033939695e-12 
-5.929884524e-12 
0.9668952888 
-7.78854154e-05 
22.01137781 
0.7625126254 
    1 
2.35807823e-14 
3.514180192e-12 
-3.45470148e-12 
0.9668528556 
-7.642920705e-05 
22.43076136 
0.7625460906 
    1 
2.348411275e-14 
2.046313374e-12 
-2.012309079e-12 
0.9668112084 
-7.50263923e-05 
22.85016314 
0.7625789386 
    1 
2.339658847e-14 
1.191373725e-12 
-1.171930081e-12 
0.9667703188 
-7.367408847e-05 
23.26958283 
0.762611192 
    1 
2.331773244e-14 
6.935123702e-13 
-6.823927322e-13 
0.9667301596 
-7.236961669e-05 
23.6890201 
0.7626428718 
    1 
2.324634703e-14 
4.036390277e-13 
-3.97278834e-13 
0.9666907053 
-7.111048418e-05 
24.10847463 
0.7626739981 
    1 
2.31811068e-14 
2.348914115e-13 
-2.312529779e-13 
0.9666519316 
-6.989436841e-05 
24.52794614 
0.76270459 
    1 
2.312084995e-14 
1.366716244e-13 
-1.345899116e-13 
0.9666138154 
-6.871910278e-05 
24.94743434 
0.7627346655 
    1 
2.306467579e-14 
7.951130556e-14 
-7.832009821e-14 
0.9665763349 
-6.758266375e-05 
25.36693893 
0.7627642418 
    1 
2.301195365e-14 
4.625095427e-14 
-4.55692247e-14 
0.9665394691 
-6.648315926e-05 
25.78645966 
0.7627933351 
    1 
2.296230832e-14 
2.690021039e-14 
-2.6510005e-14 
0.9665031983 
-6.541881817e-05 
26.20599626 
0.7628219612 
    1 
2.291561338e-14 
1.564356074e-14 
-1.542018862e-14 
0.9664675036 
-6.43879808e-05 
26.62554848 
0.7628501346 
    1 
2.287199854e-14 
9.096246374e-15 
-8.968361975e-15 
0.9664323669 
-6.338909028e-05 
27.04511607 
0.7628778696 
    1 
2.283185302e-14 
5.28855606e-15 
-5.215331389e-15 
0.9663977712 
-6.242068471e-05 
27.4646988 
0.7629051795 
    1 
2.279578687e-14 
3.07441055e-15 
-3.032478411e-15 
0.9663637001 
-6.148139001e-05 
27.88429643 
0.7629320773 
    1 
2.276452359e-14 
1.787055129e-15 
-1.763040004e-15 
0.9663301378 
-6.056991348e-05 
28.30390875 
0.7629585752 
    1 
2.273876311e-14 
1.038644199e-15 
-1.024888916e-15 
0.9662970695 
-5.96850378e-05 
28.72353553 
0.762984685 
    1 
2.271911774e-14 
6.036007501e-16 
-5.957212316e-16 
0.9662644808 
-5.882561566e-05 
29.14317657 
0.7630104178 
    1 
2.270618599e-14 
3.507423163e-16 
-3.462281867e-16 
0.966232358 
-5.799056476e-05 
29.56283167 
0.7630357843 
    1 
2.270073716e-14 
2.037901704e-16 
-2.012037964e-16 
0.9662006881 
-5.717886331e-05 
29.98250061 
0.763060795 
    1 
2.270396869e-14 
1.183957648e-16 
-1.169137573e-16 
0.9661694583 
-5.638954584e-05 
30.40218322 
0.7630854596 
    1 
2.271788114e-14 
6.877777425e-17 
-6.792849576e-17 
0.9661386568 
-5.562169937e-05 
30.82187929 
0.7631097876 
    1 
2.274592759e-14 
3.995031276e-17 
-3.946358135e-17 
0.9661082718 
-5.48744599e-05 
31.24158866 
0.7631337881 
    1 
2.279423821e-14 
2.320349599e-17 
-2.292451982e-17 
0.9660782923 
-5.414700916e-05 
31.66131114 
0.7631574698 
    1 
2.287394409e-14 
1.347562301e-17 
-1.331571054e-17 
0.9660487077 
-5.343857162e-05 
32.08104656 
0.763180841 
    1 
2.298027719e-14 
7.825416249e-18 
-7.733744806e-18 
0.9660195076 
-5.274841177e-05 
32.50079474 
0.7632039098 
    1 
2.308362802e-14 
4.543914466e-18 
-4.491358577e-18 
0.9659906823 
-5.207583153e-05 
32.92055554 
0.763226684 
    1 
2.31876857e-14 
2.638261598e-18 
-2.608128527e-18 
0.9659622221 
-5.142016791e-05 
33.34032878 
0.7632491709 
    1 
2.329092198e-14 
1.531691995e-18 
-1.514413767e-18 
0.9659341181 
-5.078079086e-05 
33.76011431 
0.7632713778 
    1 
2.339373656e-14 
8.891842173e-19 
-8.792761711e-19 
0.9659063614 
-5.01571012e-05 
34.17991198 
0.7632933115 
    1 
2.349721608e-14 
5.161543262e-19 
-5.104722247e-19 
0.9658789435 
-4.95485288e-05 
34.59972164 
0.7633149787 
    1 
2.360282429e-14 
2.995957854e-19 
-2.963369585e-19 
0.9658518564 
-4.895453082e-05 
35.01954314 
0.7633363857 
    1 
2.371178589e-14 
1.738845031e-19 
-1.720153538e-19 
0.965825092 
-4.837459009e-05 
35.43937635 
0.7633575389 
    1 
2.382477894e-14 
1.009150245e-19 
-9.984287389e-20 
0.9657986428 
-4.780821363e-05 
35.85922112 
0.763378444 
    1 
2.394181877e-14 
5.856272066e-20 
-5.794769344e-20 
0.9657725015 
-4.725493123e-05 
36.27907733 
0.763399107 
    1 
2.406216555e-14 
3.398269135e-20 
-3.362987093e-20 
0.965746661 
-4.671429416e-05 
36.69894483 
0.7634195333 
    1 
2.418414215e-14 
1.971814166e-20 
-1.95157384e-20 
0.9657211145 
-4.618587397e-05 
37.1188235 
0.7634397282 
    1 
2.430476697e-14 
1.144053332e-20 
-1.132443203e-20 
0.9656958553 
-4.566926133e-05 
37.53871322 
0.7634596971 
    1 
2.441905673e-14 
6.637408225e-21 
-6.570840164e-21 
0.9656708771 
-4.516406501e-05 
37.95861386 
0.7634794449 
    1 
2.451872238e-14 
3.850536074e-21 
-3.812424299e-21 
0.9656461737 
-4.466991086e-05 
38.3785253 
0.7634989764 
    1 
2.458975001e-14 
2.233615314e-21 
-2.211895493e-21 
0.9656217391 
-4.41864409e-05 
38.79844742 
0.7635182963 
    1 
2.463320753e-14 
1.295511293e-21 
-1.283309503e-21 
0.9655975676 
-4.371331246e-05 
39.21838012 
0.7635374093 
    1 
2.467413106e-14 
7.512107982e-22 
-7.446662416e-22 
0.9655736535 
-4.325019736e-05 
39.63832327 
0.7635563196 
    1 
2.470303485e-14 
4.353064976e-22 
-4.323488528e-22 
0.9655499915 
-4.279678116e-05 
40.05827676 
0.7635750315 
    1 
2.47140264e-14 
2.517748656e-22 
-2.514687369e-22 
0.9655265762 
-4.235276245e-05 
40.47824049 
0.7635935492 
    1 
2.469699113e-14 
1.448131753e-22 
-1.470618533e-22 
0.9655034026 
-4.191785218e-05 
40.89821436 
0.7636118766 
    1 
2.463785429e-14 
8.188669078e-23 
-8.740127173e-23 
0.9654804658 
-4.149177304e-05 
41.31819825 
0.7636300177 
    1 
2.451742537e-14 
4.38404242e-23 
-5.436432007e-23 
0.9654577609 
-4.107425883e-05 
41.73819207 
0.7636479761 
    1 
2.433526688e-14 
1.907273438e-23 
-3.793234985e-23 
