0.04011118749 
-0.0005904581516 
0.9853057108 
-0.0486981124 
0.5284703345 
0.8833327025 
0.334519917 
0.5666006082 
0.9158609972 
-0.2865649128 
0.9538697434 
-0.05904264642 
0.9539151594 
0.6650349014 
0.6075467744 
0.417635123 
0.717355759 
-0.4026827574 
0.925042627 
-0.04405624938 
1.273385738 
0.5133411872 
0.7918685638 
0.2565987964 
0.5020121715 
-0.3628337683 
0.9054175396 
-0.02827484574 
1.534710323 
0.4479652534 
0.8977921356 
0.1373647832 
0.328151582 
-0.2671036898 
0.8926974811 
-0.01900093562 
1.774229251 
0.4274535912 
0.9521272517 
0.06739011481 
0.2066445498 
-0.1782796578 
0.8836659519 
-0.01437978475 
2.007793662 
0.4233091941 
0.9781528716 
0.03148751214 
0.127546218 
-0.1134390964 
0.8764797362 
-0.01198588069 
2.240737137 
0.4241758355 
0.9901621039 
0.01434331886 
0.07783971756 
-0.0704549598 
0.8703114654 
-0.01054470423 
2.474611272 
0.4263854179 
0.9955984366 
0.006451326584 
0.04717373265 
-0.0431835288 
0.8648047076 
-0.009528208608 
2.709795911 
0.428853305 
0.9980362293 
0.002884171478 
0.02845232142 
-0.02625708045 
0.859791134 
-0.008730733049 
2.946331885 
0.431276031 
0.9991246396 
0.001286078227 
0.01709900492 
-0.01587902617 
0.8551765647 
-0.008068276803 
3.184168492 
0.4335782395 
0.9996097565 
0.000573029696 
0.01024628896 
-0.009564333433 
0.8508987346 
-0.007501556777 
3.42323526 
0.4357499283 
0.9998259123 
0.0002553692037 
0.006124995871 
-0.005742412116 
0.8469115176 
-0.007008624919 
3.66346216 
0.4377987715 
0.9999222677 
0.0001138837803 
0.003653691205 
-0.003438534679 
0.843178509 
-0.00657515623 
3.904784725 
0.4397361703 
0.9999652552 
5.083571637e-05 
0.002175476203 
-0.002054259373 
0.8396699877 
-0.006190800737 
4.147144778 
0.4415732997 
0.9999844529 
2.271645197e-05 
0.001293186567 
-0.001224796674 
0.8363612097 
-0.005847640202 
4.390489978 
0.4433201388 
0.9999930357 
1.016231086e-05 
0.0007675826268 
-0.0007289510903 
0.833231302 
-0.005539420795 
4.634773111 
0.4449853724 
0.9999968771 
4.551147428e-06 
0.0004549961284 
-0.000433151459 
0.8302624807 
-0.005261106239 
4.879951413 
0.4465765239 
0.9999985982 
2.040378054e-06 
0.0002693777016 
-0.0002570138835 
0.827439466 
-0.005008585215 
5.125985977 
0.4481001268 
0.9999993702 
9.15673404e-07 
0.0001593062098 
-0.0001523025632 
0.8247490338 
-0.00477846536 
5.372841256 
0.4495618831 
0.9999997168 
4.113266885e-07 
9.411543793e-05 
-9.014509471e-05 
0.8221796635 
-0.004567921966 
5.62048464 
0.4509667958 
0.9999998725 
1.849374006e-07 
5.554964768e-05 
-5.329729363e-05 
0.8197212589 
-0.004374583967 
5.868886103 
0.4523192784 
0.9999999426 
8.322037773e-08 
3.275858689e-05 
-3.148001185e-05 
0.8173649237 
-0.004196446525 
6.118017908 
0.453623244 
0.9999999741 
3.747814775e-08 
1.930279089e-05 
-1.857655822e-05 
0.8151027793 
-0.004031803112 
6.367854346 
0.4548821789 
0.9999999883 
1.68907046e-08 
1.136556123e-05 
-1.095283057e-05 
0.8129278163 
-0.003879192164 
6.618371525 
0.456099202 
0.9999999947 
7.617593229e-09 
6.687436837e-06 
-6.452753401e-06 
0.8108337714 
-0.003737354777 
6.869547178 
0.4572771156 
0.9999999976 
3.437706695e-09 
3.932298836e-06 
-3.798790637e-06 
0.8088150263 
-0.003605200853 
7.121360501 
0.4584184469 
0.9999999989 
1.552326147e-09 
2.310837552e-06 
-2.234852226e-06 
0.806866522 
-0.003481781817 
7.373792015 
0.459525483 
0.9999999995 
7.013643894e-10 
1.357202904e-06 
-1.313938015e-06 
0.8049836873 
-0.00336626843 
7.626823437 
0.4606003005 
0.9999999998 
3.170560872e-10 
7.966865929e-07 
-7.720424112e-07 
0.8031623787 
-0.003257932661 
7.880437575 
0.4616447908 
0.9999999999 
1.433986503e-10 
4.674242031e-07 
-4.533813284e-07 
0.8013988287 
-0.003156132744 
8.134618231 
0.4626606815 
    1 
6.48870841e-11 
2.741121461e-07 
-2.661073333e-07 
0.799689602 
-0.003060300809 
8.389350119 
0.4636495551 
    1 
2.937427914e-11 
1.606756871e-07 
-1.561112063e-07 
0.7980315577 
-0.002969932579 
8.644618783 
0.4646128648 
    1 
1.330357864e-11 
9.414284967e-08 
-9.153928237e-08 
0.7964218166 
-0.002884578734 
8.900410537 
0.4655519481 
    1 
6.027399409e-12 
5.513780417e-08 
-5.365229182e-08 
0.7948577334 
-0.002803837648 
9.1567124 
0.4664680391 
    1 
2.731818876e-12 
3.228088772e-08 
-3.143306098e-08 
0.7933368719 
-0.002727349244 
9.413512045 
0.4673622787 
    1 
1.238648503e-12 
1.889224663e-08 
-1.840823567e-08 
0.7918569837 
-0.002654789773 
9.670797748 
0.4682357242 
    1 
5.619069487e-13 
1.105278025e-08 
-1.077639502e-08 
0.7904159896 
-0.00258586736 
9.928558345 
0.4690893569 
    1 
2.552406915e-13 
6.464223585e-09 
-6.30636046e-09 
0.789011963 
-0.002520318187 
10.18678319 
0.4699240894 
    1 
1.164299975e-13 
3.779416265e-09 
-3.689228444e-09 
0.7876431155 
-0.002457903214 
10.44546214 
0.470740772 
    1 
5.436989042e-14 
2.209035936e-09 
-2.157499803e-09 
0.786307784 
-0.002398405341 
10.70458547 
0.4715401981 
    1 
2.702157244e-14 
1.290792074e-09 
-1.261336451e-09 
0.7850044192 
-0.002341626961 
10.9641439 
0.4723231095 
    1 
2.241816554e-14 
7.540335014e-10 
-7.371946279e-10 
0.7837315757 
-0.002287387824 
11.22412854 
0.4730902004 
    1 
2.221944636e-14 
4.403630608e-10 
-4.307349173e-10 
0.7824879031 
-0.002235523178 
11.48453087 
0.4738421218 
    1 
2.218975631e-14 
2.571116412e-10 
-2.516054251e-10 
0.7812721374 
-0.002185882145 
11.74534273 
0.4745794846 
    1 
2.218821614e-14 
1.500816726e-10 
-1.469321711e-10 
0.7800830942 
-0.002138326296 
12.00655625 
0.4753028632 
    1 
2.216622646e-14 
8.758562248e-11 
-8.578382836e-11 
0.7789196623 
-0.002092728395 
12.26816391 
0.4760127985 
    1 
2.209245345e-14 
5.110238301e-11 
-5.007142647e-11 
0.7777807974 
-0.002048971294 
12.53015844 
0.4767097998 
    1 
2.196812272e-14 
2.980961474e-11 
-2.921962476e-11 
0.7766655172 
-0.00200694696 
12.79253287 
0.477394348 
    1 
2.183079813e-14 
1.738529045e-11 
-1.704760261e-11 
0.7755728966 
-0.001966555602 
13.05528047 
0.4780668972 
    1 
2.168151488e-14 
1.01372748e-11 
-9.94396662e-12 
0.774502063 
-0.001927704907 
13.31839477 
0.4787278769 
    1 
2.152318352e-14 
5.909861386e-12 
-5.799187087e-12 
0.773452193 
-0.001890309351 
13.58186952 
0.4793776934 
    1 
2.135993617e-14 
3.444713718e-12 
-3.381340926e-12 
0.7724225083 
-0.001854289593 
13.84569867 
0.4800167321 
    1 
2.119605748e-14 
2.007481456e-12 
-1.971189001e-12 
0.7714122729 
-0.001819571923 
14.10987641 
0.4806453582 
    1 
2.103527716e-14 
1.169701849e-12 
-1.148915161e-12 
0.7704207895 
-0.001786087775 
14.37439711 
0.4812639188 
    1 
2.088048374e-14 
6.814383348e-13 
-6.695311838e-13 
0.7694473976 
-0.00175377329 
14.63925531 
0.4818727432 
    1 
2.073372629e-14 
3.969246731e-13 
-3.901031362e-13 
0.7684914705 
-0.001722568914 
14.90444576 
0.4824721451 
    1 
2.059636106e-14 
2.311649898e-13 
-2.272565204e-13 
0.767552413 
-0.001692419049 
15.16996335 
0.4830624228 
    1 
2.04692411e-14 
1.346079239e-13 
-1.323682762e-13 
0.7666296596 
-0.001663271727 
15.43580315 
0.4836438606 
    1 
2.035289157e-14 
7.837108526e-14 
-7.708757405e-14 
0.7657226725 
-0.00163507832 
15.70196036 
0.4842167296 
    1 
2.024764666e-14 
4.562256895e-14 
-4.48869293e-14 
0.7648309396 
-0.001607793278 
15.96843034 
0.4847812883 
    1 
2.015374283e-14 
2.655486715e-14 
-2.613319521e-14 
0.7639539733 
-0.001581373889 
16.2352086 
0.4853377837 
    1 
2.007137052e-14 
1.545435367e-14 
-1.521262562e-14 
0.7630913086 
-0.001555780063 
16.50229076 
0.4858864517 
    1 
2.000068603e-14 
8.992937874e-15 
-8.854351377e-15 
0.7622425019 
-0.001530974134 
16.76967258 
0.4864275179 
    1 
1.994178106e-14 
5.23236476e-15 
-5.15290357e-15 
0.7614071298 
-0.001506920679 
17.03734995 
0.4869611982 
    1 
1.989460713e-14 
3.043979143e-15 
-2.998414462e-15 
0.7605847875 
-0.001483586358 
17.30531885 
0.4874876994 
    1 
1.985886216e-14 
1.770655514e-15 
-1.744525502e-15 
0.7597750884 
-0.001460939757 
17.57357539 
0.4880072194 
    1 
1.983387426e-14 
1.029856377e-15 
-1.014870304e-15 
0.7589776624 
-0.001438951258 
17.84211578 
0.4885199481 
    1 
1.981855789e-14 
5.989227497e-16 
-5.903272336e-16 
0.7581921553 
-0.00141759291 
18.11093635 
0.4890260677 
    1 
1.981152567e-14 
3.482714235e-16 
-3.433409228e-16 
0.7574182278 
-0.001396838312 
18.3800335 
0.4895257529 
    1 
1.981135724e-14 
2.024972013e-16 
-1.9966878e-16 
0.7566555549 
-0.00137666251 
18.64940374 
0.4900191716 
    1 
1.981689279e-14 
1.177268654e-16 
-1.161041953e-16 
0.7559038248 
-0.0013570419 
18.91904367 
0.4905064852 
    1 
1.982739162e-14 
6.843663983e-17 
-6.75056421e-17 
0.7551627383 
-0.001337954135 
19.18894997 
0.4909878486 
    1 
1.984251676e-14 
3.97795112e-17 
-3.924531796e-17 
0.7544320082 
-0.001319378046 
19.45911942 
0.4914634111 
    1 
1.986222021e-14 
2.312005993e-17 
-2.281352588e-17 
0.7537113587 
-0.001301293564 
19.72954886 
0.4919333163 
    1 
1.988661408e-14 
1.343625565e-17 
-1.326034632e-17 
0.7530005247 
-0.001283681651 
20.00023521 
0.4923977024 
    1 
1.991586883e-14 
7.807794132e-18 
-7.706839066e-18 
0.7522992513 
-0.001266524231 
20.27117549 
0.4928567025 
    1 
1.995014337e-14 
4.536701509e-18 
-4.478759213e-18 
0.7516072932 
-0.001249804136 
20.54236677 
0.4933104449 
    1 
1.998953424e-14 
2.635813906e-18 
-2.602556303e-18 
0.7509244145 
-0.001233505047 
20.81380618 
0.4937590536 
    1 
2.003403004e-14 
1.531273854e-18 
-1.512183535e-18 
0.750250388 
-0.001217611439 
21.08549093 
0.4942026478 
    1 
2.008346373e-14 
8.895194262e-19 
-8.785606573e-19 
0.7495849947 
-0.001202108541 
21.35741831 
0.4946413427 
    1 
2.01374662e-14 
5.166819482e-19 
-5.10390711e-19 
0.7489280236 
-0.001186982284 
21.62958564 
0.4950752496 
    1 
2.019543491e-14 
3.000939404e-19 
-2.964820429e-19 
0.7482792713 
-0.001172219263 
21.90199032 
0.495504476 
    1 
2.025653523e-14 
1.742842036e-19 
-1.722104408e-19 
0.7476385416 
-0.0011578067 
22.17462981 
0.4959291256 
    1 
2.031974275e-14 
1.01210702e-19 
-1.000199919e-19 
0.7470056451 
-0.001143732402 
22.44750162 
0.4963492989 
    1 
2.038391479e-14 
5.877101283e-20 
-5.808729941e-20 
0.746380399 
-0.001129984737 
22.72060331 
0.4967650929 
    1 
2.044786464e-14 
3.412470581e-20 
-3.373209871e-20 
0.7457626267 
-0.001116552593 
22.9939325 
0.4971766015 
    1 
2.051041425e-14 
1.981272714e-20 
-1.958728069e-20 
0.7451521576 
-0.001103425355 
23.26748686 
0.4975839156 
    1 
2.057040812e-14 
1.150243058e-20 
-1.137298533e-20 
0.7445488268 
-0.001090592877 
23.5412641 
0.4979871231 
    1 
2.062666315e-14 
6.677362021e-21 
-6.603067928e-21 
0.7439524749 
-0.001078045455 
23.815262 
0.4983863092 
    1 
2.067781254e-14 
3.87604337e-21 
-3.833459287e-21 
0.7433629478 
-0.001065773803 
24.08947835 
0.4987815566 
    1 
2.072202278e-14 
2.249753152e-21 
-2.225445615e-21 
0.7427800962 
-0.001053769033 
24.36391103 
0.4991729452 
    1 
2.075664934e-14 
1.305644071e-21 
-1.291946724e-21 
0.7422037756 
-0.001042022631 
24.63855792 
0.4995605526 
    1 
2.077794324e-14 
7.575313433e-22 
-7.501254099e-22 
0.7416338462 
-0.001030526443 
24.91341696 
0.4999444539 
    1 
2.078078392e-14 
4.39225191e-22 
-4.357768251e-22 
0.7410701727 
-0.001019272647 
25.18848615 
0.5003247222 
    1 
2.07582058e-14 
2.54188529e-22 
-2.536127786e-22 
0.7405126236 
-0.001008253747 
25.4637635 
0.5007014282 
    1 
2.070046737e-14 
1.462855453e-22 
-1.484046176e-22 
0.739961072 
-0.0009974625477 
25.73924707 
0.5010746407 
    1 
2.059362941e-14 
8.2766555e-23 
-8.825461694e-23 
0.7394153943 
-0.0009868921449 
26.01493495 
0.5014444264 
    1 
2.044316516e-14 
4.433669e-23 
-5.493396749e-23 
0.7388754711 
-0.0009765359083 
26.29082529 
0.5018108501 
    1 
2.02815603e-14 
1.929956701e-23 
-3.836362164e-23 
