0.3491597864 
-0.0006145314689 
0.9975614717 
-0.007756820849 
0.5455217863 
0.9720434458 
0.390667689 
0.6361421408 
0.9130954531 
-0.2938164407 
0.9930412104 
-0.007539390043 
1.06680754 
0.9250128478 
0.6788768544 
0.4077755418 
0.7125532788 
-0.4015689905 
0.9898402597 
-0.004090294278 
1.566755595 
0.8967502714 
0.8466569064 
0.2152860058 
0.4998106283 
-0.3560532157 
0.9883164127 
-0.001719838663 
2.056405512 
0.8857761497 
0.9305880619 
0.1020132879 
0.3293621391 
-0.2622159896 
0.9877023187 
-0.0006750928776 
2.542428317 
0.8822974875 
0.9693376721 
0.04590018371 
0.2095802371 
-0.1767665818 
0.9874554214 
-0.0002885368839 
3.02734983 
0.8812944172 
0.9865791356 
0.02020523528 
0.1306888928 
-0.1139341555 
0.9873404543 
-0.0001526567243 
3.511963576 
0.8810302082 
0.9941378415 
0.008826269798 
0.08047382313 
-0.07164450704 
0.9872723214 
-0.0001028322748 
3.996502721 
0.880979789 
0.9974367511 
0.003850572691 
0.04913177598 
-0.0443833342 
0.9872222715 
-8.178179936e-05 
4.481034304 
0.8809900964 
0.998876629 
0.001682257968 
0.02980992457 
-0.02722325166 
0.9871806036 
-7.06924562e-05 
4.965576992 
0.8810164739 
0.9995063367 
0.0007367874226 
0.01799950979 
-0.01657869546 
0.9871438293 
-6.343918833e-05 
5.450135306 
0.8810458429 
0.9997824661 
0.0003236037765 
0.01082593592 
-0.01004106012 
0.9871105037 
-5.795819458e-05 
5.934709648 
0.8810744726 
0.9999038927 
0.0001425289869 
0.006490234284 
-0.006054857006 
0.9870798932 
-5.348921253e-05 
6.419299293 
0.8811014326 
0.9999574366 
6.29429617e-05 
0.003880233694 
-0.003637949087 
0.9870515419 
-4.970541166e-05 
6.903903276 
0.8811266217 
0.9999811079 
2.786501277e-05 
0.00231431571 
-0.002179133514 
0.9870251243 
-4.643605754e-05 
7.388520653 
0.8811501658 
0.9999915977 
1.236369322e-05 
0.001377481766 
-0.0013018913 
0.9870003885 
-4.357482815e-05 
7.873150566 
0.8811722358 
0.9999962562 
5.497001324e-06 
0.0008183793827 
-0.0007760309733 
0.9869771318 
-4.104716071e-05 
8.357792249 
0.8811929952 
0.9999983291 
2.448556461e-06 
0.0004854200907 
-0.0004616555867 
0.9869551866 
-3.879708889e-05 
8.842445022 
0.8812125873 
0.9999992531 
1.092512689e-06 
0.0002875077156 
-0.0002741521843 
0.9869344129 
-3.678099109e-05 
9.327108279 
0.8812311352 
0.9999996657 
4.882113649e-07 
0.0001700642857 
-0.0001625486144 
0.9869146918 
-3.496408961e-05 
9.811781475 
0.8812487443 
0.9999998502 
2.184712947e-07 
0.0001004760811 
-9.624167439e-05 
0.9868959218 
-3.331822552e-05 
10.29646412 
0.881265505 
0.9999999328 
9.78887088e-08 
5.929866374e-05 
-5.69103701e-05 
0.9868780153 
-3.18203252e-05 
10.78115576 
0.8812814951 
0.9999999698 
4.391117334e-08 
3.496233039e-05 
-3.361395163e-05 
0.9868608965 
-3.04512921e-05 
11.26585601 
0.8812967825 
0.9999999864 
1.971875278e-08 
2.059513313e-05 
-1.98331785e-05 
0.9868444988 
-2.9195182e-05 
11.75056448 
0.8813114263 
0.9999999939 
8.86355924e-09 
1.212184862e-05 
-1.169091762e-05 
0.9868287641 
-2.803857729e-05 
12.23528084 
0.8813254786 
0.9999999972 
3.987747253e-09 
7.129199712e-06 
-6.885295186e-06 
0.9868136408 
-2.69701052e-05 
12.72000478 
0.8813389853 
0.9999999988 
1.795593045e-09 
4.189912536e-06 
-4.051765779e-06 
0.9867990832 
-2.598006252e-05 
13.20473601 
0.8813519871 
0.9999999994 
8.091370008e-10 
2.460839749e-06 
-2.382542206e-06 
0.9867850504 
-2.506011996e-05 
13.68947425 
0.8813645205 
0.9999999997 
3.648761782e-10 
1.444426966e-06 
-1.400022939e-06 
0.986771506 
-2.420308733e-05 
14.17421927 
0.8813766181 
0.9999999999 
1.646480495e-10 
8.47343366e-07 
-8.221465564e-07 
0.9867584171 
-2.340272526e-05 
14.65897083 
0.8813883092 
0.9999999999 
7.434214648e-11 
4.968106205e-07 
-4.825051673e-07 
0.9867457541 
-2.265359301e-05 
15.14372871 
0.8813996201 
    1 
3.358656676e-11 
2.911416926e-07 
-2.830157082e-07 
0.9867334901 
-2.19509247e-05 
15.62849272 
0.881410575 
    1 
1.518221649e-11 
1.705348768e-07 
-1.659168612e-07 
0.9867216008 
-2.129052782e-05 
16.11326266 
0.8814211954 
    1 
6.866323398e-12 
9.984568986e-08 
-9.722009461e-08 
0.9867100639 
-2.06686995e-05 
16.59803835 
0.8814315012 
    1 
3.106870343e-12 
5.843374568e-08 
-5.694032523e-08 
0.9866988591 
-2.008215707e-05 
17.08281963 
0.8814415105 
    1 
1.406556542e-12 
3.418428513e-08 
-3.333450176e-08 
0.986687968 
-1.952798011e-05 
17.56760633 
0.88145124 
    1 
6.372334751e-13 
1.999064987e-08 
-1.95069267e-08 
0.9866773733 
-1.90035618e-05 
18.05239831 
0.8814607048 
    1 
2.891802449e-13 
1.168620468e-08 
-1.141075676e-08 
0.9866670594 
-1.850656795e-05 
18.53719543 
0.8814699189 
    1 
1.320385389e-13 
6.82926722e-09 
-6.672365327e-09 
0.9866570118 
-1.803490228e-05 
19.02199755 
0.8814788953 
    1 
6.187018328e-14 
3.98966152e-09 
-3.900257794e-09 
0.9866472171 
-1.75866768e-05 
19.50680454 
0.881487646 
    1 
3.185480381e-14 
2.330054499e-09 
-2.279096186e-09 
0.9866376628 
-1.716018665e-05 
19.99161629 
0.881496182 
    1 
2.559705086e-14 
1.360412017e-09 
-1.331358403e-09 
0.9866283375 
-1.675388835e-05 
20.47643268 
0.8815045137 
    1 
2.532086205e-14 
7.940631236e-10 
-7.774937867e-10 
0.9866192304 
-1.636638121e-05 
20.96125359 
0.8815126505 
    1 
2.520035135e-14 
4.633671286e-10 
-4.539151115e-10 
0.9866103316 
-1.599639114e-05 
21.44607893 
0.8815206014 
    1 
2.514613832e-14 
2.703249406e-10 
-2.649316578e-10 
0.9866016317 
-1.564275668e-05 
21.93090859 
0.8815283746 
    1 
2.510905752e-14 
1.576675998e-10 
-1.545894735e-10 
0.9865931221 
-1.530441685e-05 
22.41574248 
0.8815359781 
    1 
2.506707309e-14 
9.193876898e-11 
-9.018157461e-11 
0.9865847946 
-1.498040047e-05 
22.9005805 
0.8815434189 
    1 
2.50133246e-14 
5.359928117e-11 
-5.25959389e-11 
0.9865766415 
-1.466981688e-05 
23.38542258 
0.881550704 
    1 
2.494623193e-14 
3.12411642e-11 
-3.066814332e-11 
0.9865686557 
-1.437184777e-05 
23.87026862 
0.8815578397 
    1 
2.486859439e-14 
1.820568787e-11 
-1.787836216e-11 
0.9865608306 
-1.408573998e-05 
24.35511855 
0.881564832 
    1 
2.478529233e-14 
1.060723218e-11 
-1.042021793e-11 
0.9865531597 
-1.381079911e-05 
24.83997228 
0.8815716866 
    1 
2.470117034e-14 
6.178960473e-12 
-6.07209169e-12 
0.986545637 
-1.354638394e-05 
25.32482975 
0.8815784087 
    1 
2.461961857e-14 
3.598737714e-12 
-3.537656791e-12 
0.9865382571 
-1.329190143e-05 
25.80969087 
0.8815850035 
    1 
2.454170902e-14 
2.095604464e-12 
-2.060687543e-12 
0.9865310145 
-1.304680224e-05 
26.2945556 
0.8815914756 
    1 
2.446553582e-14 
1.220100271e-12 
-1.200136657e-12 
0.9865239042 
-1.281057684e-05 
26.77942384 
0.8815978296 
    1 
2.438526744e-14 
7.102502929e-13 
-6.988343265e-13 
0.9865169216 
-1.258275191e-05 
27.26429556 
0.8816040696 
    1 
2.42892208e-14 
4.133895293e-13 
-4.068604189e-13 
0.986510062 
-1.23628872e-05 
27.74917067 
0.8816101998 
    1 
2.418106748e-14 
2.405703012e-13 
-2.368355575e-13 
0.9865033213 
-1.215057272e-05 
28.23404912 
0.8816162238 
    1 
2.408869069e-14 
1.399784753e-13 
-1.378418377e-13 
0.9864966953 
-1.194542612e-05 
28.71893086 
0.8816221453 
    1 
2.400613092e-14 
8.143654102e-14 
-8.021400383e-14 
0.9864901803 
-1.174709048e-05 
29.20381583 
0.8816279677 
    1 
2.39325125e-14 
4.737161558e-14 
-4.667201134e-14 
0.9864837725 
-1.155523216e-05 
29.68870398 
0.8816336944 
    1 
2.386646512e-14 
2.755242301e-14 
-2.715201751e-14 
0.9864774686 
-1.136953897e-05 
30.17359525 
0.8816393283 
    1 
2.380779591e-14 
1.602307768e-14 
-1.579388378e-14 
0.9864712652 
-1.118971846e-05 
30.65848959 
0.8816448725 
    1 
2.375617063e-14 
9.317048352e-15 
-9.185840519e-15 
0.9864651591 
-1.10154964e-05 
31.14338696 
0.8816503297 
    1 
2.37107009e-14 
5.416998085e-15 
-5.341875848e-15 
0.9864591474 
-1.084661536e-05 
31.6282873 
0.8816557027 
    1 
2.367043809e-14 
3.149114941e-15 
-3.106099168e-15 
0.9864532271 
-1.068283346e-05 
32.11319058 
0.8816609941 
    1 
2.363470368e-14 
1.830498368e-15 
-1.805864314e-15 
0.9864473956 
-1.052392321e-05 
32.59809675 
0.8816662061 
    1 
2.360319824e-14 
1.063904442e-15 
-1.049795593e-15 
0.9864416502 
-1.036967044e-05 
33.08300576 
0.8816713413 
    1 
2.357600151e-14 
6.182864342e-16 
-6.102049072e-16 
0.9864359884 
-1.021987337e-05 
33.56791758 
0.8816764018 
    1 
2.355356071e-14 
3.592790969e-16 
-3.54649533e-16 
0.9864304077 
-1.00743417e-05 
34.05283216 
0.8816813898 
    1 
2.35367321e-14 
2.087519699e-16 
-2.060996231e-16 
0.986424906 
-9.932895811e-06 
34.53774946 
0.8816863073 
    1 
2.352693055e-14 
1.212793396e-16 
-1.19759622e-16 
0.986419481 
-9.795366039e-06 
35.02266945 
0.8816911563 
    1 
2.352646401e-14 
7.045338001e-17 
-6.958254345e-17 
0.9864141306 
-9.66159198e-06 
35.50759209 
0.8816959387 
    1 
2.353919239e-14 
4.092387272e-17 
-4.042481531e-17 
0.9864088528 
-9.531421871e-06 
35.99251734 
0.8817006562 
    1 
2.357177283e-14 
2.37690907e-17 
-2.348306611e-17 
0.9864036456 
-9.404712019e-06 
36.47744516 
0.8817053107 
    1 
2.363597703e-14 
1.380417281e-17 
-1.36402293e-17 
0.9863985072 
-9.281326267e-06 
36.96237553 
0.8817099037 
    1 
2.372774575e-14 
8.016248478e-18 
-7.922271372e-18 
0.9863934358 
-9.161135512e-06 
37.44730841 
0.8817144369 
    1 
2.381819171e-14 
4.654744694e-18 
-4.600869857e-18 
0.9863884296 
-9.044017249e-06 
37.93224377 
0.8817189119 
    1 
2.391170683e-14 
2.702622483e-18 
-2.671734822e-18 
0.986383487 
-8.929855156e-06 
38.41718157 
0.88172333 
    1 
2.400745243e-14 
1.569063818e-18 
-1.551353829e-18 
0.9863786064 
-8.818538711e-06 
38.90212179 
0.8817276928 
    1 
2.410652179e-14 
9.108825442e-19 
-9.007274252e-19 
0.9863737863 
-8.709962833e-06 
39.38706439 
0.8817320015 
    1 
2.421070391e-14 
5.287513812e-19 
-5.229278782e-19 
0.9863690251 
-8.604027552e-06 
39.87200934 
0.8817362576 
    1 
2.432215838e-14 
3.069084169e-19 
-3.035686566e-19 
0.9863643215 
-8.500637699e-06 
40.35695663 
0.8817404623 
    1 
2.444277636e-14 
1.781291472e-19 
-1.762136696e-19 
0.9863596741 
-8.399702628e-06 
40.84190621 
0.8817446167 
    1 
2.457386273e-14 
1.033786394e-19 
-1.022799666e-19 
0.9863550816 
-8.301135945e-06 
41.32685806 
0.8817487222 
    1 
2.471603317e-14 
5.999250068e-20 
-5.936228859e-20 
0.9863505426 
-8.20485526e-06 
41.81181216 
0.8817527798 
    1 
2.48691497e-14 
3.481241105e-20 
-3.445089608e-20 
0.986346056 
-8.110781965e-06 
42.29676847 
0.8817567906 
    1 
2.503217015e-14 
2.019960159e-20 
-1.999221982e-20 
0.9863416206 
-8.018841012e-06 
42.78172698 
0.8817607558 
    1 
2.520285429e-14 
1.17198881e-20 
-1.160093631e-20 
0.9863372351 
-7.928960719e-06 
43.26668766 
0.8817646763 
    1 
2.537736644e-14 
6.799484461e-21 
-6.731284988e-21 
0.9863328985 
-7.841072579e-06 
43.75165049 
0.8817685532 
    1 
2.554996612e-14 
3.944562195e-21 
-3.905518063e-21 
0.9863286097 
-7.755111091e-06 
44.23661543 
0.8817723873 
    1 
2.571301395e-14 
2.288158177e-21 
-2.265907943e-21 
0.9863243677 
-7.671013591e-06 
44.72158247 
0.8817761796 
    1 
2.585707618e-14 
1.32714637e-21 
-1.314647136e-21 
0.9863201714 
-7.588720106e-06 
45.20655158 
0.8817799311 
    1 
2.597030445e-14 
7.695543619e-22 
-7.628505871e-22 
0.9863160199 
-7.508173208e-06 
45.69152275 
0.8817836426 
    1 
2.603645667e-14 
4.45935867e-22 
-4.429065074e-22 
0.9863119123 
-7.429317879e-06 
46.17649595 
0.881787315 
    1 
2.605726168e-14 
2.579225507e-22 
-2.576093288e-22 
0.9863078475 
-7.35210139e-06 
46.66147115 
0.881790949 
    1 
2.605938493e-14 
1.483490008e-22 
-1.506528515e-22 
0.9863038248 
-7.27647318e-06 
47.14644835 
0.8817945454 
    1 
2.602672279e-14 
8.388598385e-23 
-8.953538185e-23 
0.9862998433 
-7.202384746e-06 
47.63142751 
0.8817981051 
    1 
2.594131359e-14 
4.491074859e-23 
-5.569168243e-23 
0.9862959021 
-7.129789541e-06 
48.11640862 
0.8818016287 
    1 
2.57820238e-14 
1.95383512e-23 
-3.885843161e-23 
