0 1 0
0.0332226 0.999707 0.000599417
0.0664452 0.998832 0.00238898
0.0996678 0.99738 0.0053621
0.13289 0.995355 0.00951214
0.166113 0.992763 0.0148313
0.199336 0.98961 0.0213106
0.232558 0.985906 0.0289393
0.265781 0.981658 0.0377055
0.299003 0.976879 0.0475956
0.332226 0.971579 0.0585946
0.365449 0.965771 0.0706864
0.398671 0.95947 0.0838532
0.431894 0.952689 0.0980763
0.465116 0.945445 0.113336
0.498339 0.937754 0.12961
0.531561 0.929633 0.146878
0.564784 0.9211 0.165116
0.598007 0.912174 0.184301
0.631229 0.902873 0.204407
0.664452 0.893216 0.225411
0.697674 0.883224 0.247286
0.730897 0.872916 0.270006
0.76412 0.862312 0.293545
0.797342 0.851432 0.317877
0.830565 0.840297 0.342974
0.863787 0.828926 0.36881
0.89701 0.81734 0.395357
0.930233 0.805558 0.42259
0.963455 0.793601 0.45048
0.996678 0.781486 0.479002
1.0299 0.769234 0.50813
1.06312 0.756862 0.537837
1.09635 0.744389 0.568098
1.12957 0.731832 0.598888
1.16279 0.719209 0.630182
1.19601 0.706536 0.661955
1.22924 0.693829 0.694185
1.26246 0.681104 0.726848
1.29568 0.668374 0.759922
1.3289 0.655656 0.793384
1.36213 0.642961 0.827214
1.39535 0.630304 0.861391
1.42857 0.617696 0.895895
1.46179 0.60515 0.930706
1.49502 0.592675 0.965807
1.52824 0.580283 1.00118
1.56146 0.567983 1.0368
1.59468 0.555785 1.07267
1.62791 0.543697 1.10875
1.66113 0.531728 1.14504
1.69435 0.519883 1.18152
1.72757 0.508171 1.21818
1.7608 0.496598 1.25501
1.79402 0.485168 1.29198
1.82724 0.473889 1.32909
1.86047 0.462763 1.36633
1.89369 0.451796 1.40369
1.92691 0.440991 1.44115
1.96013 0.430352 1.47871
1.99336 0.419882 1.51636
2.02658 0.409582 1.55408
2.0598 0.399455 1.59187
2.09302 0.389503 1.62973
2.12625 0.379728 1.66763
2.15947 0.370129 1.70558
2.19269 0.360709 1.74358
2.22591 0.351467 1.7816
2.25914 0.342404 1.81965
2.29236 0.33352 1.85773
2.32558 0.324814 1.89582
2.3588 0.316285 1.93392
2.39203 0.307934 1.97203
2.42525 0.299759 2.01014
2.45847 0.291759 2.04825
2.49169 0.283932 2.08635
2.52492 0.276277 2.12445
2.55814 0.268793 2.16253
2.59136 0.261478 2.2006
2.62458 0.25433 2.23864
2.65781 0.247347 2.27667
2.69103 0.240527 2.31468
2.72425 0.233867 2.35266
2.75748 0.227367 2.39061
2.7907 0.221022 2.42853
2.82392 0.214831 2.46642
2.85714 0.208792 2.50428
2.89037 0.202902 2.54211
2.92359 0.197159 2.57989
2.95681 0.191559 2.61765
2.99003 0.186101 2.65536
3.02326 0.180782 2.69303
3.05648 0.175599 2.73067
3.0897 0.17055 2.76826
3.12292 0.165632 2.80582
3.15615 0.160843 2.84333
3.18937 0.156179 2.88079
3.22259 0.151639 2.91822
3.25581 0.147219 2.9556
3.28904 0.142918 2.99294
3.32226 0.138732 3.03023
3.35548 0.134659 3.06748
3.3887 0.130697 3.10469
3.42193 0.126842 3.14185
3.45515 0.123093 3.17897
3.48837 0.119448 3.21604
3.52159 0.115903 3.25306
3.55482 0.112456 3.29005
3.58804 0.109105 3.32698
3.62126 0.105848 3.36388
3.65449 0.102683 3.40073
3.68771 0.0996061 3.43753
3.72093 0.0966166 3.47429
3.75415 0.0937119 3.51101
3.78738 0.0908898 3.54768
3.8206 0.0881482 3.58432
3.85382 0.0854851 3.6209
3.88704 0.0828986 3.65745
3.92027 0.0803865 3.69395
3.95349 0.077947 3.73041
3.98671 0.0755781 3.76683
4.01993 0.073278 3.80321
4.05316 0.0710449 3.83955
4.08638 0.068877 3.87584
4.1196 0.0667725 3.9121
4.15282 0.0647298 3.94831
4.18605 0.0627471 3.98449
4.21927 0.0608228 4.02063
4.25249 0.0589554 4.05673
4.28571 0.0571432 4.09279
4.31894 0.0553847 4.12881
4.35216 0.0536785 4.1648
4.38538 0.0520231 4.20074
4.4186 0.0504171 4.23666
4.45183 0.0488591 4.27253
4.48505 0.0473478 4.30837
4.51827 0.0458817 4.34417
4.5515 0.0444597 4.37994
4.58472 0.0430805 4.41568
4.61794 0.0417429 4.45138
4.65116 0.0404456 4.48704
4.68439 0.0391876 4.52268
4.71761 0.0379677 4.55828
4.75083 0.0367848 4.59384
4.78405 0.0356378 4.62938
4.81728 0.0345257 4.66488
4.8505 0.0334474 4.70035
4.88372 0.0324021 4.7358
4.91694 0.0313886 4.77121
4.95017 0.0304062 4.80659
4.98339 0.0294538 4.84194
5.01661 0.0285306 4.87726
5.04983 0.0276357 4.91255
5.08306 0.0267683 4.94782
5.11628 0.0259276 4.98305
5.1495 0.0251128 5.01826
5.18272 0.0243231 5.05344
5.21595 0.0235577 5.0886
5.24917 0.022816 5.12372
5.28239 0.0220972 5.15882
5.31561 0.0214006 5.1939
5.34884 0.0207257 5.22895
5.38206 0.0200716 5.26397
5.41528 0.0194378 5.29897
5.4485 0.0188238 5.33394
5.48173 0.0182288 5.36889
5.51495 0.0176523 5.40382
5.54817 0.0170937 5.43872
5.5814 0.0165526 5.4736
5.61462 0.0160283 5.50846
5.64784 0.0155204 5.54329
5.68106 0.0150283 5.57811
5.71429 0.0145517 5.6129
5.74751 0.0140899 5.64767
5.78073 0.0136426 5.68241
5.81395 0.0132093 5.71714
5.84718 0.0127895 5.75184
5.8804 0.0123829 5.78653
5.91362 0.0119891 5.8212
5.94684 0.0116076 5.85584
5.98007 0.0112382 5.89047
6.01329 0.0108803 5.92507
6.04651 0.0105337 5.95966
6.07973 0.010198 5.99423
6.11296 0.00987281 6.02878
6.14618 0.0095579 6.06332
6.1794 0.00925291 6.09783
6.21262 0.00895754 6.13233
6.24585 0.00867148 6.16681
6.27907 0.00839444 6.20128
6.31229 0.00812615 6.23572
6.34551 0.00786633 6.27015
6.37874 0.00761472 6.30457
6.41196 0.00737106 6.33897
6.44518 0.0071351 6.37335
6.47841 0.00690661 6.40772
6.51163 0.00668534 6.44207
6.54485 0.00647107 6.4764
6.57807 0.00626358 6.51073
6.6113 0.00606267 6.54503
6.64452 0.00586811 6.57933
6.67774 0.00567972 6.61361
6.71096 0.0054973 6.64787
6.74419 0.00532066 6.68212
6.77741 0.00514961 6.71636
6.81063 0.00498399 6.75059
6.84385 0.00482362 6.7848
6.87708 0.00466834 6.819
6.9103 0.00451798 6.85319
6.94352 0.00437238 6.88736
6.97674 0.00423141 6.92152
7.00997 0.0040949 6.95567
7.04319 0.00396273 6.98981
7.07641 0.00383475 7.02394
7.10963 0.00371082 7.05806
7.14286 0.00359083 7.09216
7.17608 0.00347463 7.12625
7.2093 0.00336213 7.16034
7.24252 0.00325318 7.19441
7.27575 0.00314769 7.22847
7.30897 0.00304554 7.26252
7.34219 0.00294663 7.29656
7.37542 0.00285085 7.33059
7.40864 0.00275809 7.36462
7.44186 0.00266827 7.39863
7.47508 0.00258129 7.43263
7.50831 0.00249706 7.46662
7.54153 0.00241548 7.50061
7.57475 0.00233648 7.53458
7.60797 0.00225997 7.56855
7.6412 0.00218587 7.60251
7.67442 0.00211409 7.63646
7.70764 0.00204458 7.6704
7.74086 0.00197725 7.70433
7.77409 0.00191203 7.73826
7.80731 0.00184885 7.77218
7.84053 0.00178764 7.80609
7.87375 0.00172835 7.83999
7.90698 0.00167091 7.87388
7.9402 0.00161525 7.90777
7.97342 0.00156132 7.94165
8.00664 0.00150907 7.97553
8.03987 0.00145843 8.00939
8.07309 0.00140935 8.04325
8.10631 0.00136178 8.07711
8.13953 0.00131567 8.11096
8.17276 0.00127097 8.1448
8.20598 0.00122764 8.17863
8.2392 0.00118562 8.21246
8.27243 0.00114488 8.24629
8.30565 0.00110536 8.2801
8.33887 0.00106703 8.31392
8.37209 0.00102985 8.34772
8.40532 0.000993771 8.38152
8.43854 0.000958762 8.41532
8.47176 0.000924784 8.44911
8.50498 0.000891801 8.4829
8.53821 0.000859777 8.51668
8.57143 0.000828677 8.55045
8.60465 0.00079847 8.58423
8.63787 0.000769122 8.61799
8.6711 0.000740602 8.65176
8.70432 0.00071288 8.68552
8.73754 0.000685926 8.71927
8.77076 0.00065971 8.75302
8.80399 0.000634206 8.78677
8.83721 0.000609386 8.82051
8.87043 0.000585222 8.85425
8.90365 0.00056169 8.88799
8.93688 0.000538764 8.92172
8.9701 0.000516419 8.95545
9.00332 0.000494631 8.98918
9.03654 0.000473377 9.0229
9.06977 0.000452635 9.05662
9.10299 0.000432381 9.09034
9.13621 0.000412594 9.12405
9.16944 0.000393253 9.15776
9.20266 0.000374337 9.19147
9.23588 0.000355826 9.22518
9.2691 0.000337699 9.25889
9.30233 0.000319938 9.29259
9.33555 0.000302522 9.32629
9.36877 0.000285434 9.35999
9.40199 0.000268654 9.39368
9.43522 0.000252165 9.42738
9.46844 0.000235949 9.46107
9.50166 0.000219989 9.49476
9.53488 0.000204266 9.52845
9.56811 0.000188765 9.56214
9.60133 0.000173469 9.59582
9.63455 0.00015836 9.62951
9.66777 0.000143423 9.66319
9.701 0.000128641 9.69688
9.73422 0.000113998 9.73056
9.76744 9.94797e-05 9.76424
9.80066 8.50688e-05 9.79792
9.83389 7.07501e-05 9.8316
9.86711 5.65082e-05 9.86528
9.90033 4.23276e-05 9.89896
9.93355 2.81929e-05 9.93264
9.96678 1.40888e-05 9.96632
10 0 10
