3.5 0 0.87934496	0.104102384285716	0.96444429	0.0292730564285722	 0	0	0	0	 
3.49989205175676 0.0274886531104897 0.879406974516813	0.104079714338589	0.964469182095642	0.0292534290475824	 0.0028546733478238	-0.00533855034405	0.000802637276449878	-0.00204471177216679	 
3.49956821368581 0.0549756105913724 0.879592921271502	0.104011701264764	0.964543822597091	0.0291945607342773	 0.00571022569616279	-0.0106739888487194	0.00160502894397364	-0.0040874001200801	 
3.499028505763 0.0824591769176355 0.879902677883783	0.103897973930925	0.964668151386909	0.0290963826299265	 0.00856752963642348	-0.0160032129053339	0.00240692767698835	-0.00612604344104445	 
3.49827296128006 0.109937656773449 0.88033604126359	0.103737914776171	0.964842068459838	0.0289587802733853	 0.0114274392399274	-0.0213231349086663	0.00320808074008054	-0.008158622213124	 
3.49730162684253 0.13740935515674 0.880892728909901	0.103530661423505	0.96506543419167	0.0287815941192069	 0.0142907808822059	-0.0266306896305178	0.00400822730390624	-0.0101831200098866	 
3.4961145623669 0.164872577483749 0.881572380719432	0.103275108926841	0.965338069713377	0.0285646202618693	 0.0171583441699951	-0.0319228414352332	0.00480709578700245	-0.012197524483851	 
3.49471184107688 0.19232562969356 0.882374561295412	0.102969912644358	0.9656597573882	0.0283076113649654	 0.0200308730042368	-0.0371965912850704	0.00560440123197142	-0.0141998283083252	 
3.49309354949895 0.219766818352597 0.883298762743976	0.102613491726463	0.966030241388737	0.0280102777938783	 0.0229090568115927	-0.0424489834838831	0.00639984272434812	-0.0161880300674335	 
3.49125978745695 0.247194450759083 0.884344407943002	0.102204033204017	0.966449228370424	0.0276722889501277	 0.0257935219759898	-0.0476771121082636	0.00719310086227303	-0.0181601350842688	 
3.48921066806595 0.274606835047457 0.885510854265673	0.101739496659939	0.966916388237192	0.0272932748052409	 0.0286848235005296	-0.0528781270761256	0.00798383528486747	-0.0201141561772794	 
3.48694631772529 0.302002280292732 0.886797397738522	0.101217619464756	0.967431354994479	0.0268728276316668	 0.0315834369287271	-0.0580492398037047	0.00877168226694771	-0.022048114335208	 
3.48446687611078 0.3293790966148 0.888203277611302	0.10063592255418	0.967993727684163	0.0264105039279189	 0.034489750552494	-0.0631877284031131	0.00955625238741825	-0.0239600393011439	 
3.48177249616604 0.356735595282675 0.889727681313742	0.0999917167243776	0.968603071395426	0.0259058265347986	 0.0374040579325551	-0.0682909423739191	0.0103371282783544	-0.0258479700565371	 
3.47886334409313 0.384070088818658 0.891369749772062	0.0992821094181861	0.969258918345004	0.0253582869392263	 0.0403265507550934	-0.0733563067437371	0.0111138624614204	-0.0277099551963519	 
3.47573959934224 0.411380891102432 0.893128583056062	0.0985040119732811	0.969960769019755	0.0247673477618846	 0.0432573120463653	-0.0783813256145095	0.011885975277875	-0.0295440531869126	 
3.47240145460067 0.438666317475065 0.895003246325731	0.097654147301084	0.970708093373984	0.0241324454245662	 0.0461963097648238	-0.0833635850730601	0.0126529529179896	-0.0313483324984192	 
3.46884911578091 0.465924684842933 0.896992776044554	0.0967290579631376	0.971500332073474	0.0234529929928237	 0.0491433907879424	-0.0883007554265808	0.0134142455552524	-0.0331208716045885	 
3.46508280200795 0.493154311781539 0.89909618642514	0.0957251146097461	0.972336897777777	0.0227283831892333	 0.0520982753084591	-0.0931905927260004	0.0141692655902482	-0.034859758842405	 
3.46110274560577 0.52035351863923 0.901312476071402	0.0946385247439092	0.973217176451885	0.0219579915723286	 0.0550605516521708	-0.0980309395426713	0.0149173860086032	-0.0365630921255565	 
3.45690919208298 0.547520627640808 0.903640634780304	0.0934653417720035	0.974140528698046	0.0211411798760228	 0.0580296715267175	-0.102819724966484	0.0156579388568547	-0.0382289785057715	 
3.45250240011773 0.57465396299102 0.906079650465208	0.0922014743012975	0.975106291098188	0.0202772995041354	 0.0610049457080191	-0.107554963796397	0.0163902138395627	-0.0398555335769845	 
3.44788264154171 0.601751850977933 0.908628516162046	0.0908426956432631	0.976113777557103	0.0193656951744732	 0.0639855401681764	-0.112234754897416	0.0171134570404196	-0.0414408807180179	 
3.44305020132338 0.628812620076174 0.911286237078961	0.0893846534807819	0.977162280636328	0.0184057087067848	 0.0669704726457512	-0.116857278701301	0.0178268697695421	-0.0429831501702966	 
3.43800537755041 0.655834601050036 0.914051837649688	0.0878228796567768	0.978251072868465	0.0173966829488305	 0.069958609656401	-0.121420793831639	0.0185296075385476	-0.0444804779479984	 
3.43274848141131 0.682816127056449 0.91692436855083	0.0861528000415403	0.979379408041522	0.0163379658347761	 0.0729486639388962	-0.125923632837492	0.0192207791644327	-0.0459310045789887	 
3.42727983717618 0.709755533747794 0.919902913643242	0.0843697444361127	0.980546522442789	0.0152289145701486	 0.0759391923286001	-0.130364197023445	0.0198994460026852	-0.0473328736758911	 
3.42159978217677 0.73665115937457 0.922986596798033	0.0824689564695034	0.981751636051694	0.0140688999376738	 0.0789285940475724	-0.134740950367669	0.0205646213094785	-0.0486842303377066	 
3.41570866678562 0.763501344887899 0.926174588568277	0.0804456034483699	0.982993953671095	0.0128573107184711	 0.0819151093975842	-0.13905241252342	0.0212152697322237	-0.0499832193835058	 
3.40960685439447 0.790304434041863 0.929466112668209	0.0782947861189788	0.984272665986522	0.0115935582232951	 0.0848968188395273	-0.143297150903315	0.0218503069271961	-0.0512279834208806	 
3.40329472139187 0.817058773495669 0.932860452222686	0.0760115483029014	0.985586950542983	0.010277080928806	 0.0878716424399855	-0.147473771849599	0.0224685993024057	-0.0524166607530515	 
3.3967726571399 0.843762712915635 0.936356955750857	0.073590886369932	0.986935972629104	0.00890734921420982	 0.09083733966313	-0.151580910897531	0.0230689638833684	-0.0535473831297781	 
3.39004106395021 0.870414605076992 0.939955042849337	0.0710277585141875	0.988318886058571	0.00748387019404859	 0.0937915094836328	-0.155617222142882	0.0236501682989359	-0.0546182733485061	 
3.38310035705918 0.897012805965488 0.943654209541735	0.0683170938022361	0.989734833839109	0.00600619264342628	 0.0967315907939678	-0.159581366728302	0.0242109308838884	-0.0556274427135082	 
3.37595096460229 0.923555674878805 0.947454033263125	0.0654538009654198	0.991182948719504	0.00447391201254173	 0.099654863077325	-0.163472000467022	0.0247499208945685	-0.0565729883621257	 
3.36859332758777 0.95004157452776 0.951354177449888	0.0624327769122692	0.992662353605544	0.00288667552805187	 0.102558447315404	-0.167287760625886	0.0252657588334576	-0.0574529904685886	 
3.3610278998693 0.976468871137302 0.955354395707396	0.059248914941051	0.994172161836112	0.00124418737950971	 0.1054393070986	-0.171027251893102	0.0257570168782618	-0.0582655093372848	 
3.35325514811812 1.00283593454729 0.959454535530121	0.0558971126370166	0.995711477311106	-0.000453786010094054	 0.108294249904582	-0.174689031559301	0.0262222194107916	-0.0590085823987551	 
3.34527555179416 1.02914113831306 0.963654541550992	0.0523722794438249	0.997279394463308	-0.00220741062981561	 0.111119928509943	-0.178271593943463	0.0266598436406934	-0.0596802211231042	 
3.3370896031165 1.05538285980573 0.967954458299105	0.0486693439038616	0.998874998066817	-0.00401677944150694	 0.113912842498599	-0.181773354098035	0.0270683203189207	-0.0602784078669393	 
3.32869780703304 1.08155948031232 0.972354432447263	0.0447832605677461	1.00049736287518	-0.00588190685413327	 0.116669339829797	-0.185192630830031	0.0274460345357281	-0.0608010926713726	 
3.32010068118927 1.10766938513555 0.976854714533199	0.0407090165791729	1.00214555308288	-0.0078027231089974	 0.119385618428094	-0.18852762907717	0.0277913265979253	-0.0612461900300464	 
3.31129875589641 1.13371096369352 0.981455660140715	0.0364416379473508	1.00381862160453	-0.00977906857222175	 0.122057727757428	-0.191776421680027	0.0281024929801582	-0.0616115756475605	 
3.30229257409868 1.159682609619 0.986157730529343	0.0319761955256249	1.00551560916637	-0.0118106879298421	 0.124681570341409	-0.194936930592896	0.0283777873450743	-0.0618950832101008	 
3.29308269133979 1.18558272085852 0.990961492703452	0.0273078107213809	1.00723554320581	-0.0138972242798741	 0.12725290319231	-0.198006907577428	0.0286154216273983	-0.062094501191482	 
3.28366967572869 1.21140969977123 0.995867618913976	0.0224316609689681	1.00897743657481	-0.0160382131147391	 0.129767339111781	-0.200983914424317	0.028813567177179	-0.0622075697192283	 
3.27405410790454 1.2371619532274 1.0008768855881	0.0173429850041206	1.0107402860438	-0.0182330761864951	 0.132220347827187	-0.203865302749165	0.0289703559577798	-0.0622319775267266	 
3.26423658100083 1.26283789270675 1.00599017168427	0.0120370879851463	1.01252307060353	-0.0204811152464273	 0.13460725692861	-0.206648193409375	0.029083881794566	-0.0621653590188965	 
3.25421770060888 1.28843593439637 1.01120845647186	0.00650934651295186	1.01432474956255	-0.022781505649732	 0.136923252572909	-0.209329455589408	0.0291522016706984	-0.0620052914802357	 
3.24399808474042 1.31395449928849 1.01653281673649	0.000755213608740187	1.01614426043898	-0.025133289815288	 0.139163379922893	-0.211905685602073	0.0291733370669659	-0.0617492924555204	 
3.2335783637895 1.33939201327781 1.0219644234137	-0.00522977628509526	1.01798051664552	-0.0275353705298807	 0.141322543291549	-0.214373185453746	0.0291452753431862	-0.0613948173348756	 
3.22295918049359 1.36474690725866 1.02750453765484	-0.0114500022087815	1.0198324049676	-0.0299865040857359	 0.143395505963338	-0.216727941221585	0.0290659711593651	-0.0609392571763809	 
3.21214118989393 1.39001761722173 1.03315450633073	-0.0179097514151715	1.02169878283472	-0.0324852932398625	 0.145376889666939	-0.218965601290905	0.0289333479355344	-0.0603799368008488	 
3.20112505929515 1.41520258435061 1.03891575697886	-0.0246132138412169	1.02357847538605	-0.0350301799835081	 0.147261173676321	-0.221081454501128	0.0287452993499753	-0.0597141131949204	 
3.18991146822406 1.44030025511788 1.04478979220151	-0.0315644762301997	1.02547027233166	-0.037619438110029	 0.14904269351974	-0.223070408248935	0.0284996908763857	-0.0589389742601549	 
3.17850110838778 1.465309081381 1.050778183522	-0.0387675158083069	1.02737292461136	-0.0402511655696889	 0.150715639279162	-0.224926966597801	0.0281943613614545	-0.0580516379473696	 
3.16689468363107 1.49022752047775 1.0568825647071	-0.0462261934137288	1.0292851408537	-0.0429232766003409	 0.152274053465624	-0.226645208443716	0.027827124645258	-0.0570491518171079	 
3.15509290989286 1.51505403532145 1.06310462456336	-0.0539442459714068	1.03120558363825	-0.0456334936236578	 0.153711828459279	-0.22821876578801	0.0273957712279022	-0.0559284930687843	 
3.14309651516215 1.5397870944957 1.0694460992152	-0.0619252782018706	1.03313286556478	-0.0483793388975664	 0.155022703506145	-0.22964080216956	0.0268980699868751	-0.0546865690827797	 
3.13090623943309 1.56442517234892 1.07590876387213	-0.0701727534483393	1.03506554513349	-0.0511581259168414	 0.156200261267044	-0.230903991310604	0.026331769950659	-0.053320218521539	 
3.11852283465929 1.58896674908841 1.08249442409198	-0.0786899835024325	1.03700212244099	-0.053966950555458	 0.157237923917742	-0.232000496032819	0.0256946021352671	-0.0518262130375537	 
3.10594706470749 1.61341031087412 1.08920490654612	-0.0874801173055018	1.03894103469725	-0.0568026819463036	 0.158128948802923	-0.232921947503423	0.0249842814515107	-0.0502012596380021	 
3.09317970531043 1.63775434991201 1.09604204929194	-0.0965461283997718	1.04088065156942	-0.0596619530962457	 0.15886642365037	-0.233659424874853	0.0241985086919676	-0.0484420037577451	 
3.08022154401896 1.66199736454708 1.10300769155643	-0.10589080100123	1.04281927035875	-0.0625411512373706	 0.159443261355481	-0.23420343538616	0.0233349726077988	-0.0465450330943544	 
3.06707338015352 1.686137859356 1.11010366303375	-0.115516714564558	1.04475511101777	-0.0654364079184746	 0.159852194350128	-0.234543894999723	0.0223913520867501	-0.0445068822608413	 
3.05373602475479 1.71017434523934 1.11733177269813	-0.125426226709424	1.0466863110152	-0.0683435888446321	 0.160085768573772	-0.234670109653269	0.0213653184448624	-0.042324038313772	 
3.04021030053367 1.73410533951343 1.124693797132	-0.135621454377191	1.04861092005699	-0.0712582834769238	 0.160136337068727	-0.234570757214574	0.0202545378455998	-0.0399929472164511	 
3.02649704182054 1.7579293660018 1.1321914683677	-0.146104253087632	1.05052689467245	-0.0741757944092011	 0.159996053225503	-0.234233870234681	0.0190566738612767	-0.0375100212988263	 
3.0125970945138 1.7816449551263 1.13982646123975	-0.156876194166618	1.05243209267547	-0.0770911265441291	 0.159656863708238	-0.233646819605039	0.0177693901928162	-0.0348716477776674	 
2.99851131602767 1.80525064399767 1.14760038024261	-0.167938539818105	1.05432426751126	-0.0799989760967154	 0.159110501094409	-0.232796299234734	0.0163903535649955	-0.0320741984023705	 
2.98424057523932 1.82874497650582 1.155514745888	-0.179292215917103	1.05620106250048	-0.0828937194601287	 0.158348476267171	-0.231668311875888	0.0149172368154188	-0.0291140402933896	 
2.96978575243526 1.85212650340967 1.16357098055368	-0.190937782404837	1.05806000499338	-0.0857694019758662	 0.157362070603012	-0.230248156238531	0.0133477221964972	-0.0259875480417435	 
2.95514773925705 1.87539378242649 1.17177039381481	-0.202875401173125	1.05989850044765	-0.0886197266582663	 0.156142328001715	-0.228520415550659	0.0116795049106931	-0.0226911171392372	 
2.9403274386463 1.89854537832092 1.18011416724744	-0.215104801332181	1.06171382644527	-0.0914380429320176	 0.154680046810057	-0.226468947734853	0.00991029690019704	-0.019221178809891	 
2.92532576478895 1.92157986299346 1.18860333869289	-0.227625241764816	1.06350312666455	-0.0942173354506894	 0.152965771695183	-0.224076877389789	0.00803783091303448	-0.0155742163135186	 
2.91014364305891 1.94449581556861 1.19723878597084	-0.240435470880475	1.06526340482555	-0.0969502130744453	 0.15098978552817	-0.22132658978304	0.00605986486832985	-0.0117467827923463	 
2.89478200996097 1.96729182248246 1.20602121002871	-0.253533683494954	1.06699151862833	-0.0996288980959812	 0.148742101342996	-0.218199727080831	0.00397418654407819	-0.00773552073091443	 
2.87924181307301 1.98996647756992 1.21495111751456	-0.266917474776056	1.06868417370554	-0.102245215815388	 0.146212454440891	-0.214677187060734	0.00177861861126914	-0.00353718309815265	 
2.86352401098758 2.01251838215147 1.22402880276114	-0.280583791212273	1.07033791761261	-0.104790584577044	 0.143390294714914	-0.210739124574538	-0.000528975961442829	0.000851343761667528	 
2.84762957325275 2.03494614511941 1.23325432916946	-0.294528878580845	1.07194913388123	-0.107256006394804	 0.140264779274587	-0.206364956050596	-0.00295068810814176	0.00543301542553633	 
2.83155948031232 2.05724838302366 1.24262750998133	-0.308748226913622	1.07351403616375	-0.109632058305626	 0.136824765455443	-0.201533367347697	-0.0054885564467475	0.0102106028165471	 
2.8153147234453 2.07942372015713 1.25214788843232	-0.323236512484222	1.07502866249898	-0.11190888460633	 0.133058804303511	-0.196222325295607	-0.00814456061663496	0.0151866637031586	 
2.79889630470482 2.10147078864059 1.26181471727873	-0.337987536868321	1.07648886973223	-0.114076190143357	 0.128955134629952	-0.190409093280765	-0.0109206141490451	0.0203635122259865	 
2.78230523685628 2.123388228507 1.27162693769555	-0.352994163160739	1.07789032812546	-0.11612323484113	 0.124501677736321	-0.184070251258779	-0.0138185568472581	0.025743186413755	 
2.76554254331492 2.14517468778542 1.28158315754586	-0.368248249468622	1.0792285161964	-0.11803882967075	 0.119686032916212	-0.177181720598068	-0.0168401466544899	0.0313274136603397	 
2.74860925808261 2.16682882258442 1.29168162902709	-0.383740579839657	1.08049871582864	-0.119811334277283	 0.114495473844344	-0.169718794180775	-0.0199870509887806	0.0371175741471088	 
2.73150642568415 2.18834929717497 1.30192022570473	-0.399460792828145	1.08169600769804	-0.121428656500504	 0.108916945969342	-0.161656172207509	-0.0232608375258046	0.043114662209204	 
2.71423510110282 2.20973478407282 1.31229641895073	-0.415397307950137	1.08281526706441	-0.1228782540406	 0.102937065031645	-0.152968004171031	-0.0266629644125769	0.0493192456612047	 
2.69679634971526 2.23098396412041 1.3228072538109	-0.431537250331821	1.08385115998087	-0.124147138536745	 0.0965421168329281	-0.143627937479964	-0.0301947698974954	0.0557314231169789	 
2.67919124722581 2.25209552656823 1.33344932433438	-0.447866373913198	1.08479813997713	-0.12522188234228	 0.0897180583882157	-0.13360917322654	-0.0338574613650835	0.0623507793606336	 
2.66142087960011 2.27306816915564 1.34421874840725	-0.464368983631737	1.08565044527678	-0.126088628295377	 0.0824505205962967	-0.122884529601277	-0.037652103767211	0.0691763388505131	 
2.64348634299814 2.29390059819128 1.35511114214344	-0.481027857078328	1.08640209661229	-0.126733102797938	 0.0747248125681247	-0.111426513461721	-0.041579607446523	0.0762065174663375	 
2.62538874370661 2.31459152863278 1.36612159389733	-0.497824166190251	1.08704689570546	-0.127140632527894	 0.0665259277564374	-0.0992074005609596	-0.04564071535232	0.0834390726409383	 
2.60712919807068 2.3351396841661 1.37724463797575	-0.514737399623058	1.08757842448481	-0.127296165120452	 0.0578385520327498	-0.0861993249336299	-0.049835989654256	0.090871052052783	 
2.58870883242513 2.35554379728421 1.38847422814086	-0.53174528652476	1.08799004511482	-0.127184294161749	 0.0486470738600474	-0.0723743779215322	-0.0541657977649763	0.0984987410936234	 
2.5701287830249 2.3758026093653 1.399803711011	-0.548823722521297	1.08827490091572	-0.126789288843276	 0.0389355967107589	-0.0577047172966784	-0.0586302977892502	0.106317609367212	 
2.55139019597494 2.39591487075041 1.41122579948282	-0.565946698811234	1.08842591825543	-0.126095128626694	 0.0286879538797708	-0.0421626869055062	-0.0632294234242686	0.114322256520046	 
2.53249422715957 2.41587934082053 1.42273254631572	-0.583086235359361	1.08843580949832	-0.125085543265688	 0.0178877258411899	-0.025720947212908	-0.0679628683436246	0.122506357753428	 
2.51344204217116 2.4356947880731 1.43431531803848	-0.600212319272317	1.08829707709774	-0.123744058523561	 0.00651826029505847	-0.00835261706750641	-0.0728300701060573	0.130862609417611	 
2.49423481623822 2.45535999019799 1.44596476935748	-0.617292849533503	1.08800201892125	-0.122054047911702	 -0.00543730495389778	0.00996857306093227	-0.077830193639348	0.139382675143063	 
2.47487373415292 2.47487373415292 1.45767081826681	-0.634293589367889	1.08754273489852	-0.119998790754048	 -0.0179960161493766	0.0292681162060226	-0.0829621143597951	0.148057133020691	 
2.455359990198 2.49423481623822 1.46942262208157	-0.651178127598295	1.08691113508254	-0.117561536855494	 -0.0311750746403709	0.0495705523257672	-0.0882244009984374	0.156875424401495	 
2.4356947880731 2.51344204217116 1.48120855463832	-0.667907850441455	1.08609894921413	-0.114725578017112	 -0.0449918047240051	0.0708992800714924	-0.0936152982166314	0.165825804946156	 
2.41587934082053 2.53249422715957 1.4930161849283	-0.684441925272433	1.08509773787823	-0.111474326597246	 -0.0594636181693138	0.0932763570902929	-0.0991327091056455	0.174895298615471	 
2.39591487075041 2.55139019597494 1.50483225745207	-0.700737297957343	1.08389890533798	-0.107791401264393	 -0.0746079753324152	0.116722289198514	-0.104774177677564	0.18406965535258	 
2.3758026093653 2.5701287830249 1.51664267460633	-0.716748705414175	1.08249371412823	-0.103660720024556	 -0.0904423427919047	0.141255808933892	-0.110536871467891	0.193333313266264	 
2.35554379728421 2.58870883242513 1.5284324814356	-0.732428705106754	1.080873301485	-0.0990666005320084	 -0.106984147454746	0.166893644182223	-0.11641756438373	0.202669366180143	 
2.3351396841661 2.60712919807068 1.54018585310231	-0.747727723204365	1.07902869768007	-0.093993867607562	 -0.124250727107633	0.193650277780445	-0.12241261994508	0.21205953746366	 
2.31459152863278 2.62538874370661 1.55188608544845	-0.762594123145932	1.07695084632118	-0.0884279677923957	 -0.142259277416843	0.221537699221	-0.128517975080604	0.221484161105879	 
2.29390059819128 2.64348634299814 1.56351558903979	-0.776974296329239	1.07463062666752	-0.0823550906580649	 -0.16102679541114	0.250565149820935	-0.13472912465281	0.230922171030367	 
2.27306816915564 2.66142087960011 1.57505588709903	-0.790812776598936	1.07205887799775	-0.0757622964747091	 -0.180570019517247	0.280738862971498	-0.14104110690094	0.240351099676919	 
2.25209552656823 2.67919124722581 1.58648761774678	-0.8040523801283	1.06922642605261	-0.0686376497101625	 -0.200905366255922	0.31206180134741	-0.147448490002517	0.249747086891515	 
2.23098396412041 2.69679634971526 1.59779054097827	-0.816634372175335	1.06612411155777	-0.0609703576933857	 -0.222048863748465	0.344533393226349	-0.153945359966395	0.25908490016745	 
2.20973478407282 2.71423510110282 1.60894355080872	-0.828498662040467	1.06274282081323	-0.0527509136275452	 -0.244016082228567	0.378149270344387	-0.160525310080778	0.268337967265909	 
2.18834929717497 2.73150642568415 1.61992469302002	-0.839584027357692	1.0590735183142	-0.0439712429826764	 -0.266822061802373	0.412901009987577	-0.167181432148881	0.277478422211082	 
2.16682882258442 2.74860925808261 1.63071118893644	-0.849828368611073	1.05510728134549	-0.034624852137147	 -0.290481237750209	0.448775884287886	-0.173906309752204	0.286477165601076	 
2.14517468778542 2.76554254331492 1.64127946564513	-0.859168994481953	1.05083533646538	-0.0247069779734895	 -0.315007363716107	0.485756619947159	-0.180692013786503	0.295303940099429	 
2.123388228507 2.78230523685628 1.65160519305947	-0.867542938297996	1.0462490977681	-0.0142147369704728	 -0.340413433185497	0.523821171848608	-0.187530100518055	0.303927421871019	 
2.10147078864059 2.79889630470482 1.66166332819723	-0.874887305473058	1.04134020678467	-0.00314727217284744	 -0.366711599706519	0.562942514223953	-0.194411612407319	0.312315328599287	 
2.07942372015714 2.8153147234453 1.6714281670126	-0.881139651397766	1.03610057385147	0.0084941037331874	 -0.393913096365533	0.603088453217663	-0.20132708194332	0.320434544567645	 
2.05724838302366 2.83155948031232 1.68087340407922	-0.88623838876695	1.03052242074445	0.0207057711529171	 -0.422028155081641	0.644221464819155	-0.208266538724475	0.328251263106315	 
2.03494614511941 2.84762957325275 1.68997220037092	-0.890123222815311	1.02459832434409	0.0334816741649917	 -0.451065926337394	0.686298562210764	-0.215219520010062	0.33573114649658	 
2.01251838215147 2.86352401098758 1.69869725932805	-0.892735612382288	1.01832126106444	0.0468132010986786	 -0.48103440001209	0.729271196595042	-0.22217508495052	0.342839503188221	 
1.98996647756992 2.87924181307301 1.70702091132883	-0.894019254148	1.01168465174648	0.0606890773332816	 -0.511940328029112	0.773085195511268	-0.229121832684284	0.349541481924379	 
1.96729182248246 2.89478200996097 1.71491520660861	-0.893920586783016	1.00468240668542	0.075095272596373	 -0.543789149568178	0.817680742520181	-0.236047924463511	0.355802282083556	 
1.94449581556861 2.91014364305891 1.72235201658459	-0.892389311146063	0.997308970431281	0.0900149250519093	 -0.576584919625916	0.862992401921261	-0.242941109940872	0.361587379244284	 
1.92157986299346 2.92532576478895 1.72930314345018	-0.889378922057662	0.989559365974969	0.105428284443684	 -0.610330241732524	0.908949191862899	-0.249788757714503	0.36686276465854	 
1.89854537832092 2.9403274386463 1.73574043780306	-0.884847246587671	0.981429237907271	0.121312676489728	 -0.645026205646972	0.955474708808795	-0.256577890188342	0.371595196990436	 
1.87539378242649 2.95514773925705 1.74163592396463	-0.878756983235812	0.972914894117708	0.137642490605722	 -0.680672330857172	1.00248730583229	-0.263295222760634	0.375752464343437	 
1.85212650340967 2.96978575243526 1.74696193253686	-0.871076235872284	0.964013345583875	0.154389192867538	 -0.717266516703452	1.04990032662463	-0.269927207304705	0.379303654269364	 
1.82874497650582 2.98424057523932 1.7516912396285	-0.861779035857185	0.954722343791062	0.171521365903195	 -0.754804999922596	1.09762239642665	-0.276460079853648	0.38221942913369	 
1.80525064399767 2.99851131602767 1.75579721206574	-0.85084584538936	0.94504041531697	0.18900477713233	 -0.793282320374806	1.14555777033283	-0.282879912344982	0.384472303912594	 
1.7816449551263 3.0125970945138 1.75925395778691	-0.838264034863897	0.934966893118053	0.206802476447985	 -0.832691295666612	1.19360673858019	-0.289172668223287	0.386036923226849	 
1.7579293660018 3.02649704182054 1.76203648050719	-0.824028326858344	0.924501944062836	0.224874924063634	 -0.873023005318684	1.24166608753603	-0.295324261639251	0.386890334184887	 
1.73410533951343 3.04021030053367 1.76412083763039	-0.808141199334722	0.913646592273953	0.243180148832258	 -0.914266785048706	1.28962961415212	-0.301320619923396	0.387012251421366	 
1.71017434523934 3.05373602475479 1.7654843002832	-0.790613240749464	0.90240273786495	0.261673936889843	 -0.956410231646342	1.33738869067799	-0.307147748953147	0.386385310586722	 
1.686137859356 3.06707338015352 1.76610551425518	-0.771463450015557	0.89077317069013	0.280310049990635	 -0.99943921881055	1.38483287544241	-0.312791800973896	0.384995306475299	 
1.66199736454708 3.08022154401896 1.76596466054674	-0.750719474666057	0.87876157876593	0.299040472394953	 -1.04333792420025	1.43185056454412	-0.31823914437974	0.382831411981446	 
1.63775434991201 3.09317970531043 1.76504361416158	-0.72841778112779	0.86637255107019	0.317815684652943	 -1.08808886781914	1.47832967836392	-0.323476434908639	0.379886374149619	 
1.61341031087412 3.10594706470749 1.76332609972903	-0.704603751725955	0.853611574480779	0.336584962111199	 -1.13367296171631	1.52415837594649	-0.328490687661293	0.376156683739668	 
1.58896674908841 3.11852283465929 1.76079784250998	-0.679331703897638	0.840485024676701	0.355296695466238	 -1.18006957083817	1.56922578952699	-0.333269349314187	0.371642714963515	 
1.56442517234892 3.13090623943309 1.75744671332702	-0.652664828083491	0.827000150892191	0.37389873021255	 -1.22725658471726	1.6134227708191	-0.337800369866105	0.366348832363768	 
1.5397870944957 3.14309651516215 1.75326286596748	-0.624675041875838	0.813165054486298	0.392338721396637	 -1.27521049953203	1.65664264016136	-0.342072273235048	0.360283462195408	 
1.51505403532145 3.15509290989286 1.74823886563762	-0.595442759207861	0.798988661365883	0.410564499704878	 -1.32390650992214	1.69878192925655	-0.346074226009735	0.35345912613305	 
1.49022752047775 3.16689468363107 1.7423698070976	-0.565056574648077	0.784480688377391	0.428524444594319	 -1.37331860979945	1.73974110805282	-0.349796103657309	0.345892435650751	 
1.465309081381 3.17850110838778 1.73565342117964	-0.533612864189378	0.769651603860734	0.446167859932256	 -1.42341970125853	1.7794252863159	-0.35322855349714	0.337604045998745	 
1.44030025511788 3.18991146822406 1.72809016848603	-0.501215305262595	0.754512582635546	0.463445347451786	 -1.47418171056609	1.8177448806387	-0.356363053769736	0.328618569319947	 
1.41520258435061 3.20112505929515 1.719683319177	-0.467974320029194	0.73907545576433	0.48030917326318	 -1.52557571009868	1.85461623802817	-0.359191968159866	0.318964447094842	 
1.39001761722173 3.21214118989393 1.71043901789031	-0.434006447284399	0.723352655507031	0.496713622689374	 -1.57757204500533	1.88996220779664	-0.36170859517367	0.308673782761477	 
1.36474690725866 3.22295918049359 1.70036633298216	-0.399433649499181	0.707357155945762	0.5126153388198	 -1.63014046329956	1.92371265425701	-0.363907211820286	0.297782136012104	 
1.33939201327781 3.2335783637895 1.68947728943996	-0.364382562617473	0.69110240981538	0.527973640399016	 -1.68325024803436	1.95580490366124	-0.365783111108494	0.286328280903387	 
1.31395449928849 3.24399808474042 1.67778688498906	-0.328983697176624	0.674602282124031	0.542750814981176	 -1.73687035018704	1.98618411991139	-0.367332632937139	0.274353930517473	 
1.28843593439637 3.25421770060888 1.66531308909505	-0.29337060011114	0.657870981186579	0.556912383681467	 -1.79096952087873	2.01480360478431	-0.368553188033243	0.261903431461585	 
1.26283789270675 3.26423658100083 1.6520768247461	-0.257678987213502	0.640922987722148	0.570427334331925	 -1.84551644157617	2.04162501971841	-0.369443274672537	0.249023431980701	 
1.2371619532274 3.27405410790454 1.63810193308467	-0.222045856647712	0.623772982684142	0.583268320389826	 -1.9004798509717	2.06661852757911	-0.3700024880019	0.235762527869524	 
1.21140969977123 3.28366967572869 1.62341512113989	-0.186608594133272	0.606435774496832	0.595411823538702	 -1.95582866730933	2.089762854217	-0.370231521870467	0.222170890696929	 
1.18558272085852 3.29308269133979 1.60804589308858	-0.1515040804376	0.588926226366725	0.606838278549891	 -2.01153210502038	2.11104527102344	-0.370132163164088	0.208299883091363	 
1.159682609619 3.30229257409868 1.59202646564163	-0.116867811637075	0.571259184319768	0.61753215962081	 -2.06755978464797	2.13046150103829	-0.369707278724946	0.194201665975039	 
1.13371096369352 3.31129875589641 1.57539166831026	-0.0828330422405238	0.553449406587372	0.627482028058474	 -2.12388183517448	2.14801555244211	-0.368960795022696	0.179928802676897	 
1.10766938513555 3.32010068118927 1.55817882945119	-0.0495299607282934	0.535511494926167	0.636680541817509	 -2.18046898801689	2.16371948443952	-0.367897670824139	0.165533864800464	 
1.08155948031232 3.32869780703304 1.54042764912005	-0.0170849063641694	0.517459828409063	0.645124428015679	 -2.2372926621173	2.17759311158633	-0.366523863183702	0.151069044577186	 
1.05538285980574 3.3370896031165 1.52218005987613	0.0143803646913735	0.499308500170013	0.652814420123049	 -2.29432503972835	2.18966365350799	-0.364846287145819	0.136585778204916	 
1.02914113831306 3.34527555179416 1.50348007677824	0.0447493568743996	0.481071257522954	0.659755162040981	 -2.35153913267066	2.19996533768466	-0.362872769611583	0.122134384363775	 
1.00283593454729 3.35325514811812 1.48437363789125	0.0739114502420868	0.462761445808297	0.665955081744055	 -2.40890883901832	2.2085389635266	-0.360611997875143	0.107763721727915	 
0.976468871137303 3.3610278998693 1.46490843668466	0.101762448023663	0.444391956249571	0.671426237543727	 -2.46640899034612	2.21543143632776	-0.358073463379562	0.0935208688635205	 
0.950041574527761 3.36859332758777 1.4451337477498	0.128205052788648	0.425975178029801	0.676184140341532	 -2.5240153898437	2.22069527986305	-0.355267401277098	0.0794508294333108	 
0.923555674878805 3.37595096460229 1.42510024729105	0.153149268418904	0.407522954723592	0.680247555468707	 -2.58170484176523	2.22438813639237	-0.352204726404858	0.0655962651286629	 
0.897012805965488 3.38310035705918 1.40485982986058	0.176512726141901	0.389046545148056	0.683638287857687	 -2.63945517283459	2.22657226265978	-0.348896966303775	0.0519972582353596	 
0.870414605076992 3.39004106395021 1.3844654228058	0.198220933907263	0.370556588625001	0.686380954360394	 -2.69724524636312	2.22731403014366	-0.34535619191706	0.0386911052201365	 
0.843762712915635 3.3967726571399 1.36397079988692	0.218207449348451	0.35206307457957	0.6885027470224	 -2.75505496995752	2.22668343734007	-0.341594946604265	0.0257121422143929	 
0.817058773495669 3.40329472139187 1.34343039549894	0.236413977451157	0.33357531633764	0.690033191046223	 -2.81286529779769	2.2247536412666	-0.337626174099389	0.0130916027790854	 
0.790304434041863 3.40960685439447 1.32289912090058	0.25279039483799	0.315101928926924	0.691003901038301	 -2.8706582285468	2.22160051467963	-0.333463146026843	0.000857507870106801	 
0.763501344887899 3.41570866678562 1.30243218381373	0.267294703267233	0.296650810635366	0.691448338940646	 -2.92841680001781	2.21730223472766	-0.329119389568363	-0.0109654125059837	 
0.73665115937457 3.42159978217677 1.28208491271141	0.279892915527025	0.278229128035742	0.691401576808857	 -2.98612508176175	2.21193890794017	-0.32460861584796	-0.022355766844125	 
0.709755533747795 3.42727983717618 1.26191258706362	0.290558877383795	0.259843304147738	0.690900067322557	 -3.04376816676355	2.20559223559926	-0.319944649571646	-0.0332955201413844	 
0.68281612705645 3.43274848141131 1.24197027475746	0.299274029616167	0.241499009378154	0.689981424612146	 -3.10133216343132	2.19834522268293	-0.315141360424777	-0.0437699838802882	 
0.655834601050036 3.43800537755041 1.22231267785393	0.306027114436421	0.223201154856472	0.688684217666533	 -3.15880418904607	2.19028193272514	-0.310212596693447	-0.0537677797726707	 
0.628812620076174 3.44305020132338 1.2029939877891	0.310813830776193	0.204953887766463	0.687047778259613	 -3.21617236580183	2.18148729012852	-0.30517212153801	-0.0632807792352769	 
0.601751850977933 3.44788264154171 1.18406775107177	0.313636442998026	0.186760588264471	0.685112025007145	 -3.27342582051359	2.1720469307089	-0.300033552307579	-0.0723040207126937	 
0.57465396299102 3.45250240011773 1.1655867464762	0.314503347597098	0.168623867571114	0.682917304848468	 -3.33055468900286	2.16204710056072	-0.294810303244702	-0.0808356070604903	 
0.547520627640808 3.45690919208298 1.14760287467545	0.313428602385763	0.150545566824596	0.680504252946067	 -3.38755012609199	2.1515746027224	-0.289515531890186	-0.0888765852545561	 
0.520353518639231 3.46110274560577 1.13016706121008	0.310431422515095	0.132526756290147	0.677913671716492	 -3.44440432204955	2.14071679060103	-0.284162089459674	-0.0964308107049308	 
0.49315431178154 3.46508280200795 1.11332917363873	0.305535647489617	0.114567734530355	0.675186429453662	 -3.5011105262336	2.12956160669294	-0.27876247542673	-0.103504798427698	 
0.465924684842934 3.46884911578091 1.09713795367189	0.298769183080369	0.0966680271545937	0.672363378784151	 -3.55766307857969	2.11819766481757	-0.273328796512145	-0.110107563270738	 
0.438666317475066 3.47240145460067 1.08164096504791	0.29016342174259	0.0788263847815084	0.669485295006898	 -3.61405744947847	2.10671437386751	-0.267872730246526	-0.116250451302307	 
0.411380891102432 3.47573959934224 1.06688455787306	0.27975264480183	0.0610407798657309	0.666592834218986	 -3.67029028848711	2.09520210097017	-0.262405493243171	-0.121946964359383	 
0.384070088818659 3.47886334409313 1.05291385011415	0.267573409288803	0.0433084020577436	0.663726511016226	 -3.72635948222094	2.08375237195372	-0.256937814291204	-0.127212579619206	 
0.356735595282675 3.48177249616604 1.03977272690541	0.253663921880098	0.0256256517833115	0.660926695482856	 -3.78226422168005	2.07245810710973	-0.251479912355199	-0.132064565905637	 
0.3293790966148 3.48446687611078 1.02750385831105	0.238063401938452	0.00798813174525055	0.658233629148809	 -3.83800507918176	2.06141389044306	-0.246041479547347	-0.136521798274835	 
0.302002280292732 3.48694631772529 1.01614873617297	0.220811435140813	-0.00960936393524833	0.6556874595954	 -3.89358409499602	2.05071627089025	-0.240631669121967	-0.140604572244673	 
0.274606835047457 3.48921066806595 1.00574773067129	0.20194731863129	-0.0271728632087477	0.653328293430081	 -3.94900487371929	2.04046409436607	-0.235259088530093	-0.144334418841041	 
0.247194450759084 3.49125978745695 0.996340167234914	0.181509398034024	-0.0447092324817514	0.651196267427333	 -4.00427269037352	2.03075886595672	-0.229931797564348	-0.147733921433122	 
0.219766818352597 3.49309354949895 0.987964424463676	0.159534396001109	-0.06222619615319	0.649331637744647	 -4.05939460618363	2.02170514211097	-0.224657311621788	-0.150826535119403	 
0.192325629693561 3.49471184107688 0.98065805376401	0.136056731244186	-0.0797323595617107	0.647774887269148	 -4.11437959396838	2.01341095328177	-0.219442610115157	-0.153636409206631	 
0.164872577483749 3.4961145623669 0.974457921460804	0.111107826194344	-0.0972372356077472	0.646566851330922	 -4.16923867307786	2.00598825813303	-0.214294150071809	-0.156188213094415	 
0.13740935515674 3.49730162684253 0.969400374231698	0.0847154005406077	-0.114751275325527	0.645748862233199	 -4.22398505382562	1.99955343114588	-0.209217884974751	-0.15850696563725	 
0.109937656773449 3.49827296128006 0.965521428820965	0.0569027468966688	-0.132285902697556	0.645362913297364	 -4.27863429139447	1.99422778622914	-0.204219288922775	-0.160617867801084	 
0.0824591769176361 3.499028505763 0.962856987132585	0.027687983720061	-0.149853554028155	0.645451843403077	 -4.33320444924264	1.99013813975886	-0.199303386217275	-0.162546138159864	 
0.0549756105913723 3.49956821368581 0.961443077981264	-0.00291672066514235	-0.167467722223749	0.646059543321984	 -4.38771627209933	1.98741741733726	-0.194474786522959	-0.164316850484605	 
0.0274886531104897 3.49989205175676 0.961316127001727	-0.0349059605388893	-0.185143006366267	0.647231185500087	 -4.44219336871594	1.98620530947257	-0.189737725799733	-0.16595477235761	 
2.14313189850787e-16 3.5 0.962513256487272	-0.0682819510013777	-0.202895167012624	0.649013479342002	 -4.49666240462837	1.9866489823378	-0.185096113264684	-0.167484203390768	 
-0.0274886531104893 3.49989205175676 0.965072617255879	-0.103055443090743	-0.220741187708284	0.651454954494816	 -4.55115330528619	1.98890385076981	-0.180553584718276	-0.16892881123012	 
-0.0549756105913718 3.49956821368581 0.969033755034823	-0.139246709157882	-0.238699343266856	0.654606275125564	 -4.60569947001238	1.99313442172257	-0.176113562659462	-0.170311463078387	 
-0.0824591769176356 3.499028505763 0.974438014323129	-0.176886614410053	-0.256789275441015	0.658520588742047	 -4.66033799737052	1.9995152174925	-0.171779323723041	-0.171654049948751	 
-0.109937656773449 3.49827296128006 0.98132898324703	-0.216017793519966	-0.275032076693403	0.663253913730317	 -4.71510992263053	2.00823178919306	-0.167554074102017	-0.172977300259965	 
-0.13740935515674 3.49730162684253 0.989752983581128	-0.256695954700853	-0.293450382870082	0.6688655704845	 -4.77006046813408	2.01948183217037	-0.163441033771785	-0.174300578673219	 
-0.164872577483749 3.4961145623669 0.999759610883699	-0.298991337780765	-0.312068475684305	0.675418661798022	 -4.8252393074621	2.03347641632282	-0.159443530515823	-0.175641665228656	 
-0.19232562969356 3.49471184107688 1.01140233060838	-0.342990357706942	-0.330912396035436	0.68298060908438	 -4.88070084438961	2.05044134560938	-0.155565104969683	-0.177016508830568	 
-0.219766818352597 3.49309354949895 1.02473913713004	-0.388797470741018	-0.35001006931748	0.691623752017064	 -4.93650450767068	2.07061866239316	-0.151809628157848	-0.17843894791365	 
-0.247194450759083 3.49125978745695 1.03983328388801	-0.436537307575176	-0.369391444014468	0.701426020340998	 -4.99271506271372	2.09426831364721	-0.148181433304429	-0.179920389645993	 
-0.274606835047457 3.48921066806595 1.05675409433986	-0.486357125964287	-0.389088645036306	0.712471687933218	 -5.04940294117156	2.12166999741242	-0.144685464063405	-0.181469437222337	 
-0.302002280292731 3.48694631772529 1.0755778651732	-0.53842964554672	-0.409136143418798	0.724852220701504	 -5.10664458935938	2.15312520918398	-0.141327441749199	-0.183091452590811	 
-0.3293790966148 3.48446687611078 1.09638887529299	-0.592956339710874	-0.429570944195134	0.738667231631253	 -5.16452283620167	2.18895950902465	-0.13811405466837	-0.18478803923392	 
-0.356735595282675 3.48177249616604 1.11928051654577	-0.650171274144421	-0.450432794442161	0.754025558248368	 -5.22312728106167	2.22952503102502	-0.135053173276447	-0.186556426257786	 
-0.384070088818658 3.47886334409313 1.14435656503329	-0.710345599687704	-0.471764413711052	0.77104647998407	 -5.28255470127751	2.27520325705713	-0.132154095632645	-0.188388730865217	 
-0.411380891102432 3.47573959934224 1.17173261529421	-0.773792829059678	-0.493611749264876	0.789861095427525	 -5.342909478459	2.32640807631184	-0.129427828527281	-0.190271071084786	 
-0.438666317475065 3.47240145460067 1.20153770369924	-0.840875053880226	-0.516024258758718	0.810613882247987	 -5.40430404150755	2.38358915046294	-0.126887410746465	-0.192182494127823	 
-0.465924684842933 3.46884911578091 1.23391615224117	-0.912010291356976	-0.539055223201728	0.833464465659951	 -5.46685932280353	2.44723560087762	-0.124548286258855	-0.194093677599928	 
-0.493154311781539 3.46508280200795 1.2690296696619	-0.987681190512548	-0.562762093219962	0.858589624669361	 -5.53070522192121	2.51788002826266	-0.122428736713062	-0.195965350557288	 
-0.52035351863923 3.46110274560577 1.30705975373047	-1.0684453777411	-0.587206871772003	0.886185568914889	 -5.59598106839224	2.59610286532637	-0.120550384587854	-0.197746368497191	 
-0.547520627640808 3.45690919208298 1.34821044669501	-1.15494778309987	-0.612456536523733	0.916470522583418	 -5.66283607119803	2.6825370477884	-0.118938780723139	-0.199371360068664	 
-0.574653962991021 3.45250240011773 1.39271150574561	-1.24793536492705	-0.638583505017069	0.949687655416733	 -5.73142973749221	2.77787296604564	-0.117624092880704	-0.200757842631049	 
-0.601751850977934 3.44788264154171 1.44082206206681	-1.34827474469287	-0.665666145502084	0.986108403875215	 -5.80193223609268	2.88286362570522	-0.116641915568157	-0.201802677546381	 
-0.628812620076174 3.44305020132338 1.49283485610355	-1.45697338084198	-0.693789335745034	1.0260362275016	 -5.87452467193456	2.99832989537247	-0.116034225767575	-0.202377702677534	 
-0.655834601050036 3.43800537755041 1.54908115345607	-1.57520505518969	-0.723045071136951	1.06981084551658	 -5.94939922513375	3.12516564796862	-0.115850514641062	-0.202324336926057	 
-0.682816127056449 3.43274848141131 1.60993646585844	-1.7043406247842	-0.753533121809644	1.11781299525776	 -6.02675909148168	3.26434249817185	-0.116149131986284	-0.201446897132723	 
-0.709755533747793 3.42727983717618 1.67582722554372	-1.84598521394775	-0.785361735934713	1.17046974506803	 -6.10681813860022	3.41691369020207	-0.11699888849178	-0.199504297868394	 
-0.736651159374569 3.42159978217677 1.7472385895498	-2.00202329473209	-0.818648382533236	1.22826037633776	 -6.18980016162849	3.5840164785167	-0.118480971070131	-0.19619971518672	 
-0.763501344887898 3.41570866678562 1.82472358375695	-2.17467343975564	-0.853520521385129	1.29172281760168	 -6.2759375814763	3.76687204269051	-0.120691239183854	-0.191167680715346	 
-0.790304434041862 3.40960685439447 1.90891383515246	-2.36655494050582	-0.890116379181274	1.36146056034024	 -6.36546937366907	3.96678154940102	-0.12374298567162	-0.183957925490256	 
-0.817058773495669 3.40329472139187 2.00053218521002	-2.58076897727529	-0.928585698746123	1.43814990010071	 -6.4586379416063	4.18511636589503	-0.127770264772665	-0.174015104941975	 
-0.843762712915636 3.3967726571399 2.10040752702402	-2.8209976113516	-0.969090410319158	1.52254721073726	 -6.55568454782987	4.42329956511596	-0.132931913560205	-0.160653296810495	 
-0.870414605076992 3.39004106395021 2.20949226260717	-3.09162454512158	-1.0118051481658	1.61549574853541	 -6.65684278136859	4.68277463579936	-0.139416421601137	-0.143023860111436	 
-0.897012805965488 3.38310035705918 2.32888283137511	-3.39788234335129	-1.05691749884254	1.71793115875207	 -6.76232935581439	4.96495556987078	-0.147447838087065	-0.120074862086616	 
-0.923555674878805 3.37595096460229 2.4598438100045	-3.74603157756568	-1.10462781451017	1.83088436310352	 -6.87233128452371	5.27115003115051	-0.157292946431333	-0.0904998084988284	 
-0.95004157452776 3.36859332758777 2.60383611598325	-4.14357803197286	-1.15514834903503	1.95547975906131	 -6.98698814351534	5.60244381563508	-0.169269983324027	-0.052672842486358	 
-0.976468871137302 3.3610278998693 2.76254984195016	-4.59953447028359	-1.20870136674472	2.09292553671834	 -7.10636767922893	5.95952988298225	-0.18375923119407	-0.00456691309386932	 
-1.00283593454729 3.35325514811812 2.93794217072299	-5.12473309203769	-1.26551572032736	2.24449123553622	 -7.2304324084065	6.34245831400405	-0.201215866312893	0.0563493103283409	 
-1.02914113831306 3.34527555179416 3.13228061400477	-5.73219295858314	-1.32582117712988	2.41146516047877	 -7.35899404211185	6.75027389850272	-0.222185491447054	0.133240696516318	 
-1.05538285980573 3.3370896031165 3.34819138650841	-6.43754204050487	-1.38983946714229	2.59508058607997	 -7.49165148721853	7.18049477113398	-0.247322806427493	0.230066465228465	 
-1.08155948031232 3.32869780703304 3.58871191894996	-7.2594839082824	-1.45777059854828	2.7963942937623	 -7.62770677426192	7.62836756462644	-0.277413843383423	0.351777761605658	 
-1.10766938513555 3.32010068118927 3.85734508563328	-8.22028074794035	-1.52977239705919	3.01609326064656	 -7.76605147825651	8.08581102904082	-0.313402064357607	0.50455561380466	 
-1.13371096369352 3.31129875589641 4.1581102978487	-9.34619129644636	-1.60593042704018	3.25419448961476	 -7.90501403064717	8.53993076933381	-0.35641829910489	0.696088493074514	 
-1.159682609619 3.30229257409868 4.49558262078367	-10.6677449421793	-1.68621440365048	3.50958835782605	 -8.04215587222514	8.97095451747029	-0.407813841932203	0.935879002999171	 
-1.18558272085852 3.29308269133979 4.87490467365857	-12.2196373131059	-1.770415893	3.77935735637151	 -8.17400202832526	9.34940681600489	-0.469194788123601	1.23555006880328	 
-1.21140969977123 3.28366967572869 5.30174612262766	-14.0398782375226	-1.85806059343272	4.057781332487	 -8.29569027018364	9.63233092334648	-0.542453498290567	1.6090856773877	 
-1.2371619532274 3.27405410790454 5.78217066072053	-16.1675859900312	-1.94828706417591	4.33492316292164	 -8.4005243929654	9.75841066001981	-0.629789382458504	2.07287974702713	 
-1.26283789270675 3.26423658100083 6.32234913643182	-18.6384827317291	-2.03968309305902	4.59468991323499	 -8.47942480893521	9.64201756160428	-0.733705260822982	2.64536602327026	 
-1.28843593439637 3.25421770060888 6.92802963509307	-21.4767155452489	-2.13007240979569	4.8123155628169	 -8.52028983398442	9.16663703835454	-0.856956582171222	3.34584946216343	 
-1.31395449928849 3.24399808474042 7.60364390170748	-24.6812059924169	-2.21625087092398	4.95137178070607	 -8.50732366503886	8.17901217347389	-1.00241832475476	4.19195560811635	 
-1.33939201327781 3.2335783637895 8.35090561876774	-28.2046265557712	-2.29368710023347	4.96077902607776	 -8.42046571518095	6.48693742005024	-1.17281950121641	5.19490240709779	 
-1.36474690725866 3.22295918049359 9.16676653117992	-31.9240089476001	-2.35623418840755	4.77298022966418	 -8.23518406352948	3.86609350328038	-1.37028262907497	6.35172501744376	 
-1.39001761722173 3.21214118989393 10.0406926969056	-35.6051349450369	-2.39595241488004	4.30551076797472	 -7.92307298745651	0.0842722535794631	-1.59560755529789	7.6339829860311	 
-1.41520258435061 3.20112505929515 10.9514819726872	-38.8697602001709	-2.40321656974534	3.46941497949453	 -7.45387660418356	-5.04695115606247	-1.84727905096933	8.97391557746716	 
-1.44030025511788 3.18991146822406 11.8643349740754	-41.1857497432979	-2.36735144921139	2.18838267630601	 -6.79961238771658	-11.5867212179115	-2.12028806520977	10.2520607912088	 
-1.465309081381 3.17850110838778 12.7295758797585	-41.9112087739817	-2.27804018415249	0.43017016766347	 -5.94113409456375	-19.3543845271328	-2.40505818050267	11.2947503201347	 
-1.49022752047775 3.16689468363107 13.484974227457	-40.422119591386	-2.12757609749459	-1.755318388993	 -4.87646591570436	-27.8322663272152	-2.68701895124299	11.8929897426906	 
-1.51505403532145 3.15509290989286 14.063343077019	-36.3208934397895	-1.91360134431159	-4.20818954300258	 -3.62857547218135	-36.1516580439346	-2.94749801766923	11.8503309007933	 
-1.5397870944957 3.14309651516215 14.4052505829042	-29.6575890749987	-1.64140196849205	-6.66526883898559	 -2.24874742830197	-43.2306120395809	-3.16634459723058	11.0516044745277	 
-1.56442517234892 3.13090623943309 14.4735108035197	-21.0372324290955	-1.32451836628558	-8.81609573276771	 -0.811982075622986	-48.0629039352395	-3.32591329814707	9.52239367873738	 
-1.58896674908841 3.11852283465929 14.2636053743238	-11.5094220379942	-0.982876100003566	-10.3930864428714	 0.596032234074471	-50.0430191575725	-3.41507283469855	7.44105786385675	 
-1.61341031087412 3.10594706470749 13.8049637161456	-2.26249947292287	-0.638838006259342	-11.2516964024007	 1.89617024555197	-49.1521469762112	-3.43154093157695	5.08800014168803	 
-1.63775434991201 3.09317970531043 13.1524409139241	5.72133598614744	-0.312728210131909	-11.3984730138905	 3.03048563898168	-45.9053238087156	-3.38158132443718	2.75754941885465	 
-1.66199736454708 3.08022154401896 12.3722503841454	11.8785650738639	-0.0195581313377625	-10.9598263060837	 3.96901489976373	-41.1144994001763	-3.27746417200365	0.679592913261098	 
-1.686137859356 3.06707338015352 11.5283840102795	16.0823598980507	0.232177911148714	-10.1194872749515	 4.70810646551992	-35.6161857568252	-3.13404400713076	-1.01678044975163	 
-1.71017434523934 3.05373602475479 10.6736379402404	18.5235506077087	0.439881651699394	-9.06011681243573	 5.26334650724175	-30.0845734126289	-2.9657945342569	-2.29703837909623	 
-1.73410533951343 3.04021030053367 9.84610850748904	19.5530619944217	0.605252174837007	-7.92850645682616	 5.66108166868348	-24.9631486602741	-2.78497664308157	-3.19186006350361	 
-1.7579293660018 3.02649704182054 9.06977512326006	19.5548404803933	0.732529644967662	-6.82489751240067	 5.93130722806387	-20.4827862337029	-2.60093744305403	-3.76484178163365	 
-1.7816449551263 3.0125970945138 8.3571783623965	18.8714074894681	0.827060854418689	-5.80756336634932	 6.10295168977137	-16.718024644967	-2.42018902069188	-4.08819522795388	 
-1.80525064399767 2.99851131602767 7.71262839659883	17.7741587786825	0.894332566404014	-4.9034502955185	 6.20139596166615	-13.646652661756	-2.246876433976	-4.22867596219989	 
-1.82874497650582 2.98424057523932 7.13507537572456	16.4612915535649	0.939423365869625	-4.11906313879902	 6.247588261827	-11.1966085961784	-2.08335354967889	-4.24156417290161	 
-1.85212650340967 2.96978575243526 6.62032299163154	15.0685932489371	0.966756319462642	-3.44911529754679	 6.25810053128088	-9.27707163854815	-1.93071396009297	-4.16956124216674	 
-1.87539378242649 2.95514773925705 6.16257761953161	13.683849462666	0.980037707063886	-2.88249468851829	 6.24563913207167	-7.79644594019301	-1.78921773937194	-4.04409055210163	 
-1.89854537832092 2.9403274386463 5.75545382388516	12.3603078559719	0.982295866414429	-2.40597651592006	 6.21970766356388	-6.67132010059683	-1.65860707998012	-3.88743849405332	 
-1.92157986299346 2.92532576478895 5.39258268645054	11.1275436604207	0.975964656859569	-2.00632558831309	 6.18726087281631	-5.8299330030899	-1.53832658190653	-3.71492682993469	 
-1.94449581556861 2.91014364305891 5.0679506781062	9.9995422985113	0.962979542968879	-1.67135691858967	 6.15327834384992	-5.21263494691095	-1.42767010188564	-3.53677907894265	 
-1.96729182248246 2.89478200996097 4.77606575763494	8.98040617331455	0.944869838023574	-1.39037206969315	 6.12123671280314	-4.77090141029773	-1.32587461272085	-3.35959373691278	 
-1.98996647756992 2.87924181307301 4.51201816910074	8.06823745142593	0.922839926291988	-1.15424769319867	 6.09348373362385	-4.46579029469533	-1.23217749466445	-3.18745003946074	 
-2.01251838215147 2.86352401098758 4.27148051710478	7.25770382550782	0.897837362223886	-0.955346949310602	 6.07152752961071	-4.26630981460832	-1.14584943369401	-3.02271129959901	 
-2.03494614511941 2.84762957325275 4.05067535801696	6.54169039082054	0.870608266695599	-0.787353342725705	 6.05625684970981	-4.14791571597077	-1.06621151989914	-2.86659553105444	 
-2.05724838302366 2.83155948031232 3.84632753004621	5.9123349940011	0.841741515944478	-0.645081782204329	 6.04810717980278	-4.09122041323805	-0.992642412528243	-2.7195740535272	 
-2.07942372015713 2.8153147234453 3.65561131031048	5.36165669538241	0.811703531859113	-0.524294931448477	 6.04718530510502	-4.08092742830388	-0.924579479030241	-2.58164616631869	 
-2.10147078864059 2.79889630470482 3.47609800904207	4.88192080532786	0.780865427232281	-0.421537617651172	 6.05336243617888	-4.10497286835767	-0.861516457889676	-2.45252605055613	 
-2.123388228507 2.78230523685628 3.30570688013787	4.46583660006502	0.749524051310815	-0.333993706712517	 6.06634375314578	-4.15384399264078	-0.802999277252124	-2.33176824698809	 
-2.14517468778542 2.76554254331492 3.14266061257237	4.10665103499112	0.717918229630526	-0.259365558501306	 6.08572034238696	-4.22004315403207	-0.748621051770622	-2.21885052648814	 
-2.16682882258442 2.74860925808261 2.98544574923229	3.79817956448699	0.686241249615812	-0.195774174443438	 6.11100800855474	-4.29766808859779	-0.69801688087524	-2.11322742066825	 
-2.18834929717497 2.73150642568415 2.83277788728911	3.53480036787746	0.654650430766944	-0.141677394851516	 6.14167629637844	-4.38208381915755	-0.650858813382375	-2.01436368990873	 
-2.20973478407282 2.71423510110282 2.68357127552362	3.31142852678159	0.623274440968501	-0.0958033903843646	 6.17717018956497	-4.4696659470082	-0.606851178304706	-1.92175418208269	 
-2.23098396412041 2.69679634971526 2.53691233206453	3.12348034449097	0.592218876899143	-0.0570968822697895	 6.2169263078028	-4.55759921561844	-0.565726377744364	-1.83493455617581	 
-2.25209552656823 2.67919124722581 2.39203659520926	2.96683390518871	0.561570512277149	-0.0246758362174799	 6.26038494567213	-4.6437187252182	-0.527241173483218	-1.75348596618632	 
-2.27306816915564 2.66142087960011 2.24830865085003	2.83778937024687	0.531400527655979	0.00220328916136816	 6.30699894727251	-4.72638403302987	-0.491173460266443	-1.67703584287395	 
-2.29390059819128 2.64348634299814 2.10520462926846	2.73303088558837	0.501766964923377	0.024173342084024	 6.35624015493899	-4.80437864882014	-0.457319496626288	-1.60525624597227	 
-2.31459152863278 2.62538874370661 1.96229691844716	2.64959098588553	0.472716594469959	0.0417786491817221	 6.4076039845963	-4.87682921640488	-0.42549155244732	-1.53786079726231	 
-2.3351396841661 2.60712919807068 1.81924079344358	2.58481780165035	0.444286339843608	0.0554926456840958	 6.46061254533878	-4.94314004823523	-0.395515927472472	-1.4746008827323	 
-2.35554379728421 2.58870883242513 1.67576270831796	2.53634505462183	0.416504370949603	0.0657318537880954	 6.51481662274958	-5.00293973333161	-0.367231294097717	-1.41526158664114	 
-2.3758026093653 2.5701287830249 1.53165003729595	2.50206466708456	0.389390950432403	0.0728669365681431	 6.56979677396425	-5.05603733765158	-0.340487319492533	-1.35965766193939	 
-2.39591487075041 2.55139019597494 1.38674208518801	2.48010174771048	0.362959097192252	0.0772314219376711	 6.62516372997598	-5.10238631725233	-0.315143525271532	-1.30762972983198	 
-2.41587934082053 2.53249422715957 1.24092221413739	2.4687917087048	0.337215114823601	0.0791285824597473	 6.68055826167077	-5.14205471406036	-0.291068346952921	-1.25904082236937	 
-2.4356947880731 2.51344204217116 1.09411095537152	2.46665929004778	0.31215902016878	0.0788368676743255	 6.73565063660798	-5.17520053800415	-0.268138359829411	-1.213773326283	 
-2.45535999019799 2.49423481623822 0.946259991721869	2.47239930011062	0.287784897426985	0.0766142123037999	 6.79013977080268	-5.20205148623961	-0.246237642356556	-1.17172634725834	 
-2.47487373415292 2.47487373415292 0.797346910148657	2.48485891822382	0.264081195772792	0.0727014832052139	 6.84375216173404	-5.22288833242074	-0.225257252541662	-1.13281348688344	 
-2.49423481623822 2.455359990198 0.647370634159503	2.50302143863279	0.241030982766687	0.0673252778831059	 6.89624067412235	-5.23803145356083	-0.205094796969913	-1.09696100638879	 
-2.51344204217116 2.4356947880731 0.496347454514967	2.52599136428174	0.218612161620295	0.0607002459033702	 6.947383237743	-5.24783006203202	-0.185654075955647	-1.06410633967842	 
-2.53249422715957 2.41587934082053 0.344307583509966	2.55298078240411	0.196797657318193	0.0530310701978915	 6.99698150604363	-5.25265378545241	-0.166844791811383	-1.03419691133305	 
-2.55139019597494 2.39591487075041 0.1912921638226	2.58329697240478	0.175555574458125	0.0445142168674086	 7.04485951517218	-5.25288629482346	-0.148582310364477	-1.00718921195831	 
-2.5701287830249 2.3758026093653 0.0373506677372366	2.6163312110064	0.154849328256988	0.0353395387475372	 7.09086237491885	-5.24892072650085	-0.130787468618385	-0.983048082472347	 
-2.58870883242513 2.35554379728421 -0.117461373308558	2.65154875134493	0.134637749321536	0.0256917989399541	 7.13485501581802	-5.24115668003403	-0.113386423862861	-0.961746159911804	 
-2.60712919807068 2.3351396841661 -0.273084365289783	2.68847996291965	0.114875162369806	0.0157521650943378	 7.17672101009067	-5.22999860400977	-0.0963105416050039	-0.943263439482835	 
-2.62538874370661 2.31459152863278 -0.429456427532716	2.72671262921365	0.0955114390059373	0.00569971292244174	 7.21636147809951	-5.21585540728707	-0.0794963214482101	-0.927586910422309	 
-2.64348634299814 2.29390059819128 -0.5865149984918	2.76588541042479	0.0764920248123177	-0.00428703222044395	 7.25369408641208	-5.19914115422691	-0.0628853615203552	-0.914710226388317	 
-2.66142087960011 2.27306816915564 -0.744198319379265	2.80568249091288	0.0577579413613923	-0.0140284942252491	 7.28865213828901	-5.18027672000214	-0.0464243632810802	-0.9046333742724	 
-2.67919124722581 2.25209552656823 -0.90244684152492	2.84582944530619	0.039245764213072	-0.0233423695555571	 7.32118375229716	-5.15969229573476	-0.0300651795573586	-0.897362308278599	 
-2.69679634971526 2.23098396412041 -1.06120460148395	2.88609037415808	0.0208875785133224	-0.0320418627263222	 7.3512511196362	-5.13783064267185	-0.0137649095043702	-0.892908518645773	 
-2.71423510110282 2.20973478407282 -1.22042060627671	2.92626637985817	0.00261091441783137	-0.039933823944451	 7.37882982549808	-5.1151509992635	0.0025139550967047	-0.891288506319012	 
-2.73150642568415 2.18834929717497 -1.38005026966062	2.96619547627017	-0.015661334785475	-0.0468167799355496	 7.40390821417376	-5.09213354403121	0.0188033271722083	-0.892523136023354	 
-2.74860925808261 2.16682882258442 -1.54005693889213	3.0057540512074	-0.0340110082970111	-0.0524788488584687	 7.42648677149283	-5.06928430950847	0.0351292597237853	-0.896636840359004	 
-2.76554254331492 2.14517468778542 -1.70041354988699	3.04486002911411	-0.0525247828895399	-0.0566955290682319	 7.44657749133524	-5.04714042709328	0.0515116130821111	-0.903656646480609	 
-2.78230523685628 2.123388228507 -1.86110444683183	3.08347791175051	-0.071294282403001	-0.0592273494422157	 7.46420318518951	-5.02627555795633	0.0679636473185574	-0.91361099433898	 
-2.79889630470482 2.10147078864059 -2.02212739988236	3.12162590660754	-0.0904161857462997	-0.0598173661672255	 7.47939668485109	-5.00730532951831	0.0844915324341591	-0.92652831095803	 
-2.8153147234453 2.07942372015714 -2.18349585127767	3.1593853852453	-0.109992326529616	-0.0581884874832816	 7.49219987816365	-4.99089254845848	0.10109376817335	-0.942435298286555	 
-2.83155948031232 2.05724838302366 -2.34524141559603	3.19691294542039	-0.130129776293638	-0.0540406041812046	 7.50266250602409	-4.97775189737364	0.117760504371432	-0.961354882160631	 
-2.84762957325275 2.03494614511941 -2.50741665346855	3.23445537989517	-0.150940901871284	-0.0470475001074168	 7.5108406355402	-4.96865374023152	0.134472751593488	-0.983303756037318	 
-2.86352401098758 2.01251838215148 -2.67009812922372	3.27236787864811	-0.172543385590949	-0.0368535142418189	 7.51679470912384	-4.9644265582388	0.151201470417392	-1.00828943444101	 
-2.87924181307301 1.98996647756992 -2.83338975088517	3.31113580626555	-0.195060194644703	-0.0230699251454503	 7.52058705235271	-4.9659574085531	0.16790652602574	-1.03630670635136	 
-2.89478200996097 1.96729182248246 -2.9974263747339	3.35140039759299	-0.218619482785406	-0.00527103129414721	 7.52227870465057	-4.9741896384745	0.184535492794137	-1.06733334674935	 
-2.91014364305891 1.94449581556861 -3.1623776350998	3.39398869520485	-0.243354403306703	0.0170100907096014	 7.52192541635449	-4.99011689150267	0.201022291328146	-1.10132490381097	 
-2.92532576478895 1.92157986299346 -3.32845193172118	3.43994800192112	-0.269402806649082	0.0442861506146815	 7.51957263387406	-5.01477220216075	0.217285638001161	-1.13820832837911	 
-2.9403274386463 1.89854537832092 -3.4959004701256	3.49058502628411	-0.296906788530631	0.0771205014046152	 7.51524927199593	-5.04921068622911	0.233227284667245	-1.17787415012203	 
-2.95514773925705 1.87539378242649 -3.66502120286364	3.54750973856624	-0.326012044700005	0.116132207975439	 7.50896004995119	-5.09448398421134	0.248730024192254	-1.22016683047822	 
-2.96978575243526 1.85212650340967 -3.83616245842568	3.61268370134866	-0.35686697564064	0.162001169095417	 7.50067614726039	-5.15160420154692	0.263655436289355	-1.26487283638923	 
-2.98424057523932 1.82874497650582 -4.00972596713392	3.68847225285253	-0.389621468135725	0.215473018037309	 7.49032391912158	-5.22149460534624	0.277841348669307	-1.31170588306754	 
-2.99851131602767 1.80525064399767 -4.18616889555438	3.77769934943737	-0.424425259815998	0.277363359396122	 7.47777140304503	-5.30492378702392	0.291098991918495	-1.36028869383444	 
-3.0125970945138 1.7816449551263 -4.36600437892854	3.88370304416738	-0.46142576698663	0.348560663082511	 7.46281235428603	-5.40241939882542	0.303209834518198	-1.41013053050012	 
-3.02649704182054 1.7579293660018 -4.54979989055988	4.01038839742234	-0.500765224684115	0.430026811253395	 7.44514757575508	-5.51415695832587	0.313922099422524	-1.46059967651548	 
-3.04021030053367 1.73410533951343 -4.73817260426354	4.16227296571803	-0.542576950996567	0.522793857649109	 7.42436337049902	-5.63981866475095	0.322946988894705	-1.51089003615219	 
-3.05373602475479 1.71017434523934 -4.93178068876037	4.34451775699202	-0.586980505949523	0.62795498923882	 7.39990705837371	-5.77841682033088	0.329954684191063	-1.5599810914603	 
-3.06707338015352 1.686137859356 -5.13130922268975	4.56293352415357	-0.634075470867753	0.746646960304067	 7.37105968611923	-5.92807652480474	0.334570246699892	-1.60659070237711	 
-3.08022154401896 1.66199736454708 -5.33744914384835	4.8239483580144	-0.683933531475434	0.880020397004094	 7.33690635194887	-6.08577316703054	0.336369634004572	-1.64912074126303	 
-3.09317970531043 1.63775434991201 -5.55086736595628	5.13451766717756	-0.736588514936929	1.02919337504961	 7.29630500005298	-6.24702240532171	0.334876165665341	-1.68559645431644	 
-3.10594706470749 1.61341031087412 -5.77216594874234	5.50195188795363	-0.792024020405751	1.19518264026098	 7.24785516197844	-6.40552455834707	0.329557936982268	-1.71360191008119	 
-3.11852283465929 1.58896674908841 -6.0018280581226	5.93363105698106	-0.850158314107985	1.37880595225956	 7.18986897818994	-6.55277261435849	0.319826890571725	-1.73021613160911	 
-3.13090623943309 1.56442517234893 -6.2401485072607	6.43656964937866	-0.910826261859543	1.58054861158341	 7.12034796471428	-6.67764460546972	0.30504051624903	-1.73195771811196	 
-3.14309651516215 1.5397870944957 -6.48714708100754	7.0167916295646	-0.973758282282983	1.80038781007273	 7.03697041155998	-6.76601812085694	0.284507450147393	-1.71475008568598	 
-3.15509290989286 1.51505403532145 -6.74246382739315	7.67847746801261	-1.03855666971587	2.03757080575382	 6.93709597003552	-6.80046812615489	0.257498556676521	-1.67392485109808	 
-3.16689468363107 1.49022752047776 -7.00523731352858	8.4228563976735	-1.10467020724991	2.29034810236236	 6.8177957607707	-6.76013878899638	0.223265345589263	-1.60428691886101	 
-3.17850110838778 1.465309081381 -7.27396977124875	9.24684427691579	-1.17136880855676	2.55567198389855	 6.6759179053962	-6.62091314680288	0.181067704547764	-1.50027041637646	 
-3.18991146822406 1.44030025511788 -7.54638732238127	10.141476530007	-1.23772099996244	2.82888489581405	 6.50819921709098	-6.35603471987432	0.13021276973626	-1.35621768100457	 
-3.20112505929515 1.41520258435061 -7.81930909430175	11.0902615813716	-1.30257831896775	3.10344140288848	 6.31143307551991	-5.93735047883723	0.0701061215019036	-1.16681076867326	 
-3.21214118989393 1.39001761722173 -8.08854561567594	12.0676821192631	-1.36457198115646	3.37073003192688	 6.08270022532272	-5.33732645558938	0.000315167218476534	-0.927672129579971	 
-3.22295918049359 1.36474690725866 -8.34885334883706	13.0381869423951	-1.42212811017559	3.6200823488095	 5.81966229502439	-4.53191285170128	-0.0793576058669414	-0.636123815773139	 
-3.2335783637895 1.33939201327782 -8.59397662628694	13.9561148635074	-1.4735079159615	3.83906726627941	 5.52090652447709	-3.50418436684109	-0.168796864037303	-0.292050564785359	 
-3.24399808474042 1.31395449928849 -8.81680784740033	14.767024048345	-1.51687781636707	4.01415659647984	 5.1863148257842	-2.24844915734064	-0.267501095221959	0.101245503635228	 
-3.25421770060888 1.28843593439637 -9.00968850466643	15.4108033396646	-1.5504110802238	4.13180106455658	 4.81741297275686	-0.774235629045545	-0.374526055309102	0.536369897826138	 
-3.26423658100083 1.26283789270675 -9.16485530451582	15.8266670040113	-1.57241698336235	4.17986914371677	 4.4176407503644	0.890692785329047	-0.488459328860947	1.00154990233506	 
-3.27405410790454 1.2371619532274 -9.27500779951671	15.9596823396765	-1.58148634513247	4.14928458041479	 3.99247747792224	2.69925864696492	-0.607439508943365	1.48093619050518	 
-3.28366967572869 1.21140969977123 -9.33394116581256	15.767939737875	-1.57663526859316	4.03558392834649	 3.54936570613722	4.58673502170583	-0.729228752492046	1.95560784590956	 
-3.29308269133979 1.18558272085852 -9.33715894974005	15.2290281681291	-1.55742432947131	3.84005071581483	 3.09740239599423	6.47547485595104	-0.851338767518121	2.40524406666998	 
-3.30229257409868 1.159682609619 -9.28236674471313	14.3443434975001	-1.52403071576348	3.57011330406189	 2.64680880796337	8.28228467997174	-0.971199201405234	2.81023886077978	 
-3.31129875589641 1.13371096369352 -9.16975737919681	13.1400780351547	-1.47725710158215	3.2388344660543	 2.20823780921033	9.92725060180807	-1.08634697613861	3.15387951273645	 
-3.32010068118927 1.10766938513555 -9.00203254072582	11.6644835859947	-1.41847241864428	2.86353894187946	 1.79201584777875	11.3423243674918	-1.19460889202234	3.42415390123954	 
-3.32869780703304 1.08155948031232 -8.78415659222478	9.98193024582208	-1.34949309280679	2.46384548764533	 1.40743309755156	12.4779759920485	-1.29425026219417	3.61482981630729	 
-3.3370896031165 1.05538285980574 -8.52289046535048	8.16505710538392	-1.27242464433035	2.05950938569846	 1.06218329620579	13.3067392974688	-1.38406957542991	3.72563772499528	 
-3.34527555179416 1.02914113831306 -8.22619119126103	6.28665285309807	-1.1894894523205	1.66849190532262	 0.762018999343277	13.82331273372	-1.46343084197249	3.76161522425193	 
-3.35325514811812 1.00283593454729 -7.90257625598897	4.41273809520964	-1.10286574206189	1.30556398288729	 0.510640926153634	14.0417074674723	-1.53223757257714	3.73185392402897	 
-3.3610278998693 0.976468871137303 -7.56054136028368	2.59778464512887	-1.01455666602662	0.981578130530937	 0.309796519828994	13.9904831573446	-1.59086176766177	3.64797425183663	 
-3.36859332758777 0.95004157452776 -7.20809301163693	0.882350381263149	-0.926299447291549	0.703373996066834	 0.159533616206075	13.7072669099204	-1.64004593477236	3.52263516310589	 
-3.37595096460229 0.923555674878806 -6.85242460128244	-0.707139586691041	-0.839515845502015	0.474168369769204	 0.0585440219370154	13.2335710477223	-1.68079602430978	3.3682970767369	 
-3.38310035705918 0.897012805965488 -6.4997356519427	-2.15705210440682	-0.755298708188681	0.294235576600951	 0.00453628850331611	12.6105650717574	-1.71427967581032	3.19634437558668	 
-3.39004106395021 0.870414605076993 -6.15517407240329	-3.46431387610563	-0.674425835179108	0.161696994236041	 -0.00540898388281119	11.8760752870803	-1.74173917158092	3.01657655648898	 
-3.3967726571399 0.843762712915635 -5.82287155544866	-4.63387062334151	-0.597391521841266	0.073283967594974	 0.0254692959291841	11.0627863923456	-1.76442358914514	2.83701358893159	 
-3.40329472139187 0.817058773495669 -5.50604085497874	-5.67625448878223	-0.524447125605456	0.0249926834726707	 0.0938607321945302	10.1974405716151	-1.78354077898024	2.66393279317196	 
-3.40960685439447 0.790304434041863 -5.2071075759617	-6.60550218007021	-0.455643904244381	0.0125967944321301	 0.196569464043635	9.30076009695779	-1.80022728911146	2.50205299471898	 
-3.41570866678562 0.7635013448879 -4.92785545345569	-7.43752356085482	-0.390873480383727	0.0320169375039069	 0.330644192579335	8.38782546820183	-1.81553310043552	2.35479547652218	 
-3.42159978217677 0.736651159374571 -4.66957081025291	-8.18892318316182	-0.329903150940496	0.0795654922114408	 0.493462013918708	7.46868694355	-1.83041770927568	2.22457073032461	 
-3.42727983717618 0.709755533747793 -4.43317778004834	-8.87622256014779	-0.272404686303456	0.152092975761477	 0.682776917509763	6.54904560103593	-1.84575434642731	2.11305902353124	 
-3.43274848141131 0.68281612705645 -4.21936049117023	-9.51540831165653	-0.217976223566204	0.24706323739662	 0.89674318902219	5.6308942696884	-1.8623396635987	2.0214683682655	 
-3.43800537755041 0.655834601050036 -4.02867171083427	-10.1217290957571	-0.16615741117461	0.362581440105496	 1.13392250032754	4.71305116872003	-1.88090684637032	1.95076485926926	 
-3.44305020132338 0.628812620076175 -3.86162967443505	-10.7096728949782	-0.116438199674969	0.49739407439749	 1.39328174749084	3.79154805171225	-1.90214070795634	1.90187802634139	 
-3.44788264154171 0.601751850977933 -3.71880627668082	-11.2930690480095	-0.0682616815523997	0.650875341475174	 1.67418704437811	2.85985116060334	-1.92669382225683	1.87588882201512	 
-3.45250240011773 0.574653962991021 -3.6009107917241	-11.8852722372547	-0.0210212286847254	0.823009832181285	 1.97639784930701	1.90889939424788	-1.95520314902362	1.87421122412597	 
-3.45690919208298 0.547520627640808 -3.50887409799895	-12.4993960618248	0.0259481009757188	1.01437766280789	 2.30006403008609	0.926941620554409	-1.98830688957171	1.89878118046421	 
-3.46110274560577 0.520353518639231 -3.44393926012713	-13.1485703835455	0.0733843013319137	1.22614491659477	 2.64572771587944	-0.100854973512777	-2.02666149546233	1.95226966072037	 
-3.46508280200795 0.49315431178154 -3.40776550342888	-13.8461980170793	0.122120220578524	1.4600589195027	 3.01433094307286	-1.19307130488611	-2.07095883744028	2.03834077810458	 
-3.46884911578091 0.465924684842934 -3.40255436388153	-14.6061805662787	0.173114013979132	1.71844378318232	 3.40722921929629	-2.37305024596308	-2.12194351581807	2.16198225615526	 
-3.47240145460067 0.438666317475066 -3.43120942504221	-15.4430666039026	0.22749072977106	2.00418552214888	 3.82620996164381	-3.67036965930461	-2.18043011821713	2.32994514888898	 
-3.47573959934224 0.411380891102431 -3.4975449920255	-16.3720409150272	0.286598751235894	2.32068575331165	 4.27351291633976	-5.12294289756069	-2.24731982170485	2.55134431677766	 
-3.47886334409313 0.38407008881866 -3.60656490635584	-17.4086078508104	0.352086569876495	2.67174469679336	 4.75184645940894	-6.77999674894086	-2.32361492766537	2.83849300756735	 
-3.48177249616604 0.356735595282675 -3.76484133390044	-18.5676998471535	0.426007872757112	3.06130091276441	 5.26438790354891	-8.70629427785588	-2.41042839415488	3.20807707774654	 
-3.48446687611078 0.3293790966148 -3.98103594521713	-19.8617164067617	0.510966532498895	3.49289382838232	 5.81474539115528	-10.9881357278789	-2.50898260080281	3.68282061688413	 
-3.48694631772529 0.302002280292732 -4.26662395076114	-21.2965793268803	0.6103182296535	3.96860082631703	 6.40683954903175	-13.7418935740756	-2.62058633451201	4.29385795516324	 
-3.48921066806595 0.274606835047458 -4.63690643702187	-22.8641055290669	0.728452569201499	4.48698623167437	 7.04462715229838	-17.126104709987	-2.74656922245001	5.08410453540134	 
-3.49125978745695 0.247194450759084 -5.1124285377612	-24.5275254359703	0.871188804657653	5.03919517366607	 7.73152214787823	-21.3583621702451	-2.88813458827235	6.11298751057598	 
-3.49309354949895 0.219766818352598 -5.72095488143373	-26.1942108417766	1.04632835326706	5.60156352982034	 8.46924437605978	-26.7380928807169	-3.04605746608998	7.46286923052415	 
-3.49471184107688 0.192325629693561 -6.50016686836247	-27.6645639884923	1.26441222799018	6.12169927453311	 9.2555931379943	-33.67478314483	-3.22009036514585	9.24710526616979	 
-3.49611456236689 0.16487257748375 -7.50116629035518	-28.5369542346045	1.53971188962801	6.49246335982153	 10.080213804635	-42.7155381245112	-3.40782082152749	11.6181661704286	 
-3.49730162684253 0.137409355156741 -8.79249021120036	-28.0342144468716	1.89138173941063	6.50422623039743	 10.9166680866423	-54.5487052181403	-3.60251408136084	14.7696079304526	 
-3.49827296128006 0.109937656773449 -10.4631193013082	-24.7014282785426	2.3443715005767	5.76117636317657	 11.707915792976	-69.9138677059267	-3.78913634306902	18.9129814593069	 
-3.499028505763 0.0824591769176355 -12.6196033247887	-15.937349988354	2.92877960912679	3.55031671562208	 12.3409501271586	-89.2365944031427	-3.93735947533215	24.1798885351024	 
-3.49956821368581 0.0549756105913725 -15.3644535181002	2.5161813615086	3.67412969074733	-1.30479211026815	 12.6069926403654	-111.589148154465	-3.99048728405729	30.3387129157225	 
-3.49989205175676 0.0274886531104899 -18.7283612021846	36.352298904356	4.59097432430571	-10.3955277785779	 12.1547871724576	-132.385060702893	-3.85222916236108	36.158800149313	 
-3.5 4.28626379701574e-16 -22.5191267549442	89.4362136189932	5.62933771817946	-24.8481608348124	 10.4866441881172	-140.035232481138	-3.38478958578277	38.4722286356248	 
