0.3892684949 
-0.0006156672133 
0.9991982109 
-0.0046127253 
0.3316346684 
0.9763843055 
0.2344185317 
0.676458199 
0.9664812451 
-0.1953396483 
0.9971743312 
-0.00707933812 
0.6480278889 
0.9183921142 
0.4448538933 
0.578415733 
0.8759492696 
-0.3357202326 
0.994766561 
-0.007009038016 
0.9429576101 
0.8518605182 
0.6167713519 
0.4511378204 
0.7513571576 
-0.3991850105 
0.9926660185 
-0.005461819396 
1.217200745 
0.7963965371 
0.7459042353 
0.3261091312 
0.6171749109 
-0.3970579534 
0.9911531301 
-0.003643189583 
1.475830778 
0.7582820444 
0.8365891868 
0.2223746196 
0.4910337692 
-0.3554373418 
0.9901948753 
-0.00218888058 
1.724374785 
0.7351280941 
0.8971543265 
0.1454147099 
0.3819516198 
-0.2979554381 
0.9896385812 
-0.001225724375 
1.967022123 
0.7221091034 
0.9362006857 
0.09241384154 
0.2924752251 
-0.2395649205 
0.9893340947 
-0.0006547391865 
2.206429505 
0.7151227015 
0.9607859296 
0.05764655301 
0.2215259611 
-0.1875060842 
0.9891738971 
-0.0003388582974 
2.444121222 
0.7114729861 
0.9760320767 
0.03553933993 
0.1664955208 
-0.1441879854 
0.989091826 
-0.0001716715957 
2.680923165 
0.709593905 
0.9853977003 
0.02175413743 
0.1244345745 
-0.1095624009 
0.9890505377 
-8.568581095e-05 
2.917268672 
0.7086333669 
0.9911184746 
0.01326078918 
0.09260819274 
-0.08256280482 
0.9890300372 
-4.228191892e-05 
3.153381224 
0.7081438015 
0.9946016941 
0.008065339695 
0.06869693204 
-0.06184447863 
0.9890199685 
-2.063969682e-05 
3.389375092 
0.7078944212 
0.9967190512 
0.004900354264 
0.05082606113 
-0.04611730283 
0.9890150813 
-9.936174586e-06 
3.625308487 
0.7077672936 
0.9980052941 
0.002976551041 
0.03752282702 
-0.03426957272 
0.9890127498 
-4.672814645e-06 
3.861211036 
0.7077023857 
0.9987866246 
0.001808357771 
0.02765090202 
-0.02539416433 
0.9890116724 
-2.096626159e-06 
4.097097819 
0.7076691688 
0.9992614063 
0.001099169504 
0.02034399942 
-0.01877374463 
0.9890112077 
-8.419943921e-07 
4.332976524 
0.7076521127 
0.9995500747 
0.0006685398913 
0.01494723019 
-0.01385205009 
0.9890110403 
-2.354437037e-07 
4.568851072 
0.7076433087 
0.9997257083 
0.0004069234502 
0.01096855435 
-0.01020328197 
0.9890110161 
5.398337971e-08 
4.804723467 
0.7076387245 
0.9998326505 
0.0002478793473 
0.00804001654 
-0.007504452661 
0.9890110594 
1.885852729e-07 
5.040594733 
0.7076363017 
0.9998978188 
0.0001511180549 
0.005887472191 
-0.005512185851 
0.9890111336 
2.478544939e-07 
5.276465397 
0.7076349882 
0.9999375628 
9.220159443e-05 
0.004307286357 
-0.004044022889 
0.9890112207 
2.706930211e-07 
5.512335729 
0.7076342458 
0.9999618205 
5.6298776e-05 
0.003148580139 
-0.002963723677 
0.9890113121 
2.761202077e-07 
5.748205868 
0.7076337987 
0.9999766376 
3.440226824e-05 
0.002299803665 
-0.002169891929 
0.9890114038 
2.734185497e-07 
5.984075887 
0.7076335055 
0.9999856948 
2.103730527e-05 
0.001678638368 
-0.001587270184 
0.989011494 
2.671026239e-07 
6.219945822 
0.7076332935 
0.9999912352 
1.287343365e-05 
0.001224436787 
-0.001160131826 
0.9890115817 
2.593528941e-07 
6.455815695 
0.7076331255 
0.9999946265 
7.882898714e-06 
0.0008925826875 
-0.0008472958588 
0.9890116668 
2.51208209e-07 
6.691685517 
0.7076329819 
0.9999967038 
4.830040687e-06 
0.0006502964239 
-0.0006183842723 
0.9890117492 
2.431503042e-07 
6.927555293 
0.7076328528 
0.999997977 
2.961251266e-06 
0.0004735231946 
-0.0004510233925 
0.989011829 
2.353903289e-07 
7.163425028 
0.707632733 
0.9999987577 
1.816544936e-06 
0.0003446297422 
-0.0003287580333 
0.9890119062 
2.280092374e-07 
7.399294724 
0.7076326196 
0.9999992368 
1.114938185e-06 
0.0002507027715 
-0.0002395012552 
0.989011981 
2.210264686e-07 
7.635164383 
0.707632511 
0.9999995309 
6.84663447e-07 
0.0001822940474 
-0.0001743849795 
0.9890120536 
2.144334238e-07 
7.871034006 
0.7076324064 
0.9999997115 
4.206431157e-07 
0.0001324963333 
-0.0001269096036 
0.989012124 
2.082096675e-07 
8.106903596 
0.7076323052 
0.9999998225 
2.585532123e-07 
9.626388228e-05 
-9.231600713e-05 
0.9890121924 
2.023306613e-07 
8.342773152 
0.7076322071 
0.9999998908 
1.589920628e-07 
6.991338389e-05 
-6.712255625e-05 
0.9890122589 
1.96771359e-07 
8.578642676 
0.7076321118 
0.9999999328 
9.780943605e-08 
5.075785625e-05 
-4.878426265e-05 
0.9890123236 
1.915077911e-07 
8.814512168 
0.7076320192 
0.9999999586 
6.01945125e-08 
3.683834565e-05 
-3.544220392e-05 
0.9890123866 
1.865176839e-07 
9.05038163 
0.707631929 
0.9999999745 
3.705915131e-08 
2.672748968e-05 
-2.573952612e-05 
0.989012448 
1.817806247e-07 
9.286251063 
0.7076318412 
0.9999999843 
2.282383236e-08 
1.938582103e-05 
-1.868648625e-05 
0.9890125078 
1.772780217e-07 
9.522120466 
0.7076317556 
0.9999999903 
1.406140754e-08 
1.405673607e-05 
-1.356156446e-05 
0.9890125662 
1.7299298e-07 
9.757989841 
0.707631672 
0.999999994 
8.665810958e-09 
1.018978201e-05 
-9.839073058e-06 
0.9890126232 
1.689101486e-07 
9.993859189 
0.7076315905 
0.9999999963 
5.342238875e-09 
7.384665968e-06 
-7.136207986e-06 
0.9890126788 
1.650155672e-07 
10.22972851 
0.7076315109 
0.9999999977 
3.294314089e-09 
5.350414926e-06 
-5.174351594e-06 
0.9890127332 
1.612965211e-07 
10.4655978 
0.707631433 
0.9999999986 
2.032023046e-09 
3.875604654e-06 
-3.750811736e-06 
0.9890127864 
1.577414102e-07 
10.70146707 
0.707631357 
0.9999999991 
1.253743629e-09 
2.806669808e-06 
-2.718196648e-06 
0.9890128384 
1.543396318e-07 
10.93733632 
0.7076312825 
0.9999999995 
7.737492035e-10 
2.032109924e-06 
-1.969372092e-06 
0.9890128893 
1.510814769e-07 
11.17320554 
0.7076312097 
0.9999999997 
4.776374392e-10 
1.470994358e-06 
-1.426496418e-06 
0.9890129391 
1.479580387e-07 
11.40907473 
0.7076311384 
0.9999999998 
2.949164697e-10 
1.064599932e-06 
-1.033032518e-06 
0.9890129879 
1.449611313e-07 
11.6449439 
0.7076310685 
0.9999999999 
1.82136816e-10 
7.703302327e-07 
-7.479315063e-07 
0.9890130358 
1.420832191e-07 
11.88081305 
0.7076310001 
0.9999999999 
1.125096776e-10 
5.572958354e-07 
-5.41399772e-07 
0.9890130827 
1.393173528e-07 
12.11668218 
0.707630933 
    1 
6.951410209e-11 
4.031030449e-07 
-3.918197826e-07 
0.9890131287 
1.366571139e-07 
12.35255128 
0.7076308672 
    1 
4.295783491e-11 
2.915215701e-07 
-2.835111427e-07 
0.9890131738 
1.340965651e-07 
12.58842037 
0.7076308026 
    1 
2.655162676e-11 
2.107911605e-07 
-2.051032882e-07 
0.9890132181 
1.316302057e-07 
12.82428943 
0.7076307392 
    1 
1.641421178e-11 
1.523925663e-07 
-1.483531882e-07 
0.9890132615 
1.292529326e-07 
13.06015847 
0.707630677 
    1 
1.014909282e-11 
1.101557886e-07 
-1.072866784e-07 
0.9890133042 
1.269600044e-07 
13.29602749 
0.7076306159 
    1 
6.276524576e-12 
7.96132506e-08 
-7.757505609e-08 
0.9890133462 
1.247470108e-07 
13.53189649 
0.7076305559 
    1 
3.882291902e-12 
5.753075847e-08 
-5.608262867e-08 
0.9890133874 
1.226098433e-07 
13.76776547 
0.7076304969 
    1 
2.401761658e-12 
4.15674767e-08 
-4.05384404e-08 
0.9890134279 
1.205446705e-07 
14.00363443 
0.7076304389 
    1 
1.486151076e-12 
3.002949634e-08 
-2.929816662e-08 
0.9890134678 
1.185479146e-07 
14.23950337 
0.7076303819 
    1 
9.19786696e-13 
2.169127927e-08 
-2.117145907e-08 
0.989013507 
1.166162313e-07 
14.47537229 
0.7076303258 
    1 
5.694852016e-13 
1.566631417e-08 
-1.529678507e-08 
0.9890135455 
1.147464904e-07 
14.71124119 
0.7076302706 
    1 
3.528484922e-13 
1.131344258e-08 
-1.105071968e-08 
0.9890135835 
1.129357597e-07 
14.94711008 
0.7076302163 
    1 
2.1902129e-13 
8.169033065e-09 
-7.982223395e-09 
0.9890136208 
1.111812889e-07 
15.18297894 
0.7076301629 
    1 
1.364767857e-13 
5.897881439e-09 
-5.765034601e-09 
0.9890136576 
1.094804961e-07 
15.41884779 
0.7076301103 
    1 
8.626297415e-14 
4.257674281e-09 
-4.163191667e-09 
0.9890136938 
1.07830955e-07 
15.65471663 
0.7076300584 
    1 
5.492098154e-14 
3.073273981e-09 
-3.006069279e-09 
0.9890137295 
1.062303833e-07 
15.89058544 
0.7076300074 
    1 
3.939936471e-14 
2.218114417e-09 
-2.170307299e-09 
0.9890137646 
1.046766324e-07 
16.12645424 
0.7076299571 
    1 
3.407076813e-14 
1.600743466e-09 
-1.566731776e-09 
0.9890137993 
1.031676775e-07 
16.36232302 
0.7076299075 
    1 
3.009389814e-14 
1.155090203e-09 
-1.130890881e-09 
0.9890138334 
1.017016087e-07 
16.59819179 
0.7076298587 
    1 
2.672787466e-14 
8.334270658e-10 
-8.16207901e-10 
0.9890138671 
1.002766234e-07 
16.83406054 
0.7076298105 
    1 
2.37619996e-14 
6.012816046e-10 
-5.890285219e-10 
0.9890139003 
9.889101852e-08 
17.06992927 
0.707629763 
    1 
2.108597933e-14 
4.337583098e-10 
-4.250389327e-10 
0.989013933 
9.754318391e-08 
17.30579799 
0.7076297162 
    1 
1.864377351e-14 
3.128801669e-10 
-3.066757809e-10 
0.9890139653 
9.623159592e-08 
17.54166669 
0.7076296699 
    1 
1.640926914e-14 
2.25667505e-10 
-2.212536285e-10 
0.9890139972 
9.495481182e-08 
17.77753537 
0.7076296244 
    1 
1.436699512e-14 
1.627498552e-10 
-1.596113581e-10 
0.9890140286 
9.371146443e-08 
18.01340405 
0.7076295794 
    1 
1.251327618e-14 
1.173630723e-10 
-1.151338609e-10 
0.9890140596 
9.250025724e-08 
18.2492727 
0.707629535 
    1 
1.084285131e-14 
8.462488769e-11 
-8.304506467e-11 
0.9890140903 
9.131995995e-08 
18.48514134 
0.7076294911 
    1 
9.348804047e-15 
6.101165411e-11 
-5.98971234e-11 
0.9890141205 
9.016940422e-08 
18.72100997 
0.7076294478 
    1 
8.02074554e-15 
4.398044758e-11 
-4.320139592e-11 
0.9890141504 
8.904747989e-08 
18.95687858 
0.7076294051 
    1 
6.851778882e-15 
3.169617073e-11 
-3.116190178e-11 
0.9890141799 
8.795313137e-08 
19.19274718 
0.7076293629 
    1 
5.833014954e-15 
2.283449152e-11 
-2.248283467e-11 
0.989014209 
8.68853543e-08 
19.42861577 
0.7076293212 
    1 
4.953476503e-15 
1.643954086e-11 
-1.622959341e-11 
0.9890142378 
8.584319254e-08 
19.66448434 
0.70762928 
    1 
4.202925994e-15 
1.182113741e-11 
-1.172848986e-11 
0.9890142662 
8.482573528e-08 
19.9003529 
0.7076292393 
    1 
3.572541251e-15 
8.480530964e-12 
-8.494415829e-12 
0.9890142944 
8.383211438e-08 
20.13622144 
0.7076291991 
    1 
3.050327752e-15 
6.056704233e-12 
-6.178733562e-12 
0.9890143221 
8.286150188e-08 
20.37208997 
0.7076291593 
    1 
2.626609778e-15 
4.287472012e-12 
-4.531814319e-12 
0.9890143496 
8.191310777e-08 
20.60795849 
0.70762912 
    1 
2.288960663e-15 
2.981200382e-12 
-3.376215119e-12 
0.9890143767 
8.098617777e-08 
20.84382699 
0.7076290812 
    1 
2.030270649e-15 
1.996105371e-12 
-2.587622298e-12 
0.9890144036 
8.007999137e-08 
21.07969548 
0.7076290428 
    1 
1.843484334e-15 
1.224901752e-12 
-2.081523107e-12 
0.9890144301 
7.919385995e-08 
21.31556396 
0.7076290048 
    1 
1.724556971e-15 
5.831446092e-13 
-1.80418193e-12 
