0.09129954248 
-0.0008207362486 
1.031466729 
0.1117785318 
0.5058206267 
0.7677898894 
0.3431530869 
0.5748199475 
0.8864417469 
-0.375441136 
1.118258715 
0.1983167989 
0.8133120023 
0.3579235911 
0.6158341643 
0.4098408195 
0.6436443652 
-0.4591060628 
1.243203494 
0.2504330059 
0.9279813484 
0.09042593273 
0.7946926469 
0.2467695843 
0.4157954618 
-0.3554586363 
1.388396881 
0.2736268089 
0.9415968704 
-0.02183810091 
0.8966061713 
0.1328718841 
0.2556571411 
-0.2308665261 
1.540910033 
0.2788551254 
0.9179487915 
-0.05640370231 
0.9497278609 
0.06698925066 
0.1551919859 
-0.140892244 
1.693530348 
0.2752125681 
0.8847256859 
-0.0618066628 
0.9760350436 
0.03256855714 
0.09444987633 
-0.08468314513 
1.843011954 
0.2680610824 
0.8515693334 
-0.05805119288 
0.9887019084 
0.01552451913 
0.05792651939 
-0.05103472828 
1.98823325 
0.2599946434 
0.8212332624 
-0.05217558278 
0.9947078457 
0.007319545594 
0.03583474362 
-0.03101819141 
2.129036214 
0.252099181 
0.7941478977 
-0.04641224932 
0.9975309118 
0.003429167643 
0.02234841465 
-0.01903399212 
2.265640414 
0.2447570785 
0.7700495007 
-0.04134952387 
0.9988510378 
0.001600235405 
0.01403762012 
-0.01178589803 
2.398381877 
0.2380540014 
0.7485240304 
-0.03704751786 
0.999466327 
0.0007448069504 
0.008872116171 
-0.007356395945 
2.527607389 
0.231962651 
0.7291747437 
-0.03341711307 
0.9997524588 
0.0003460169598 
0.005637385568 
-0.004623524427 
2.653636784 
0.2264200982 
0.7116638734 
-0.03034354591 
0.9998853029 
0.0001605259382 
0.003598588224 
-0.002923288254 
2.77675305 
0.2213582074 
0.6957145239 
-0.02772296184 
0.9999469019 
7.439045807e-05 
0.002306377294 
-0.001857837585 
2.897202975 
0.2167143789 
0.6811018533 
-0.02547015777 
0.9999754364 
3.444316977e-05 
0.001483394645 
-0.00118600721 
3.015201187 
0.2124344079 
0.6676429199 
-0.02351751041 
0.9999886436 
1.593558628e-05 
0.0009570437978 
-0.0007600921739 
3.130934823 
0.2084724043 
0.6551878582 
-0.02181180714 
0.9999947524 
7.368200952e-06 
0.0006191636394 
-0.000488811495 
3.244567843 
0.204789773 
0.6436128408 
-0.02031108869 
0.9999975763 
3.405038796e-06 
0.0004015603652 
-0.0003153136694 
3.356244709 
0.2013540276 
0.632814634 
-0.01898204466 
0.999998881 
1.57282683e-06 
0.0002610118369 
-0.0002039516282 
3.466093448 
0.1981377054 
0.6227064196 
-0.01779800021 
0.9999994836 
7.262119247e-07 
0.0001699969612 
-0.0001322430676 
3.574228148 
0.1951174559 
0.6132145835 
-0.01673739614 
0.9999997617 
3.351895798e-07 
0.0001109210514 
-8.59361658e-05 
3.680751013 
0.1922732989 
0.6042762309 
-0.01578264813 
0.9999998901 
1.546606957e-07 
7.249522226e-05 
-5.595600839e-05 
3.785754046 
0.1895880298 
0.5958372469 
-0.01491928843 
0.9999999493 
7.134222913e-08 
4.745334325e-05 
-3.650122647e-05 
3.889320439 
0.1870467437 
0.5878507699 
-0.0141353158 
0.9999999766 
3.290056934e-08 
3.110520077e-05 
-2.385010821e-05 
3.991525729 
0.1846364539 
0.5802759769 
-0.01342069887 
0.9999999892 
1.516914692e-08 
2.041554079e-05 
-1.560759226e-05 
4.092438767 
0.1823457834 
0.5730771105 
-0.01276699335 
0.999999995 
6.992450803e-09 
1.341555476e-05 
-1.022802158e-05 
4.19212253 
0.1801647159 
0.5662226909 
-0.01216704411 
0.9999999977 
3.22267446e-09 
8.825492282e-06 
-6.711367076e-06 
4.290634814 
0.1780843917 
0.5596848738 
-0.01161475135 
0.9999999989 
1.485010268e-09 
5.811903087e-06 
-4.409126344e-06 
4.38802882 
0.1760969397 
0.553438923 
-0.01110488538 
0.9999999995 
6.841867787e-10 
3.831041316e-06 
-2.899874671e-06 
4.484353661 
0.1741953389 
0.5474627739 
-0.01063293873 
0.9999999998 
3.151792847e-10 
2.527593357e-06 
-1.909227918e-06 
4.579654792 
0.1723733027 
0.5417366701 
-0.01019500723 
0.9999999999 
1.451724856e-10 
1.66903283e-06 
-1.258224698e-06 
4.673974394 
0.1706251825 
0.5362428592 
-0.009787693619 
    1 
6.685857261e-11 
1.102979678e-06 
-8.299528271e-07 
4.767351694 
0.1689458852 
0.5309653362 
-0.009408028853 
    1 
3.078820053e-11 
7.294486609e-07 
-5.479220713e-07 
4.859823259 
0.167330805 
0.5258896263 
-0.009053407601 
    1 
1.41765262e-11 
4.827562739e-07 
-3.62019523e-07 
4.951423238 
0.1657757641 
0.5210026001 
-0.008721534897 
    1 
6.527225463e-12 
3.197054493e-07 
-2.393715796e-07 
5.042183592 
0.1642769625 
0.5162923152 
-0.008410381853 
    1 
3.005063267e-12 
2.118582586e-07 
-1.583878636e-07 
5.132134284 
0.1628309345 
0.5117478809 
-0.008118148686 
    1 
1.383301384e-12 
1.404751735e-07 
-1.048727868e-07 
5.221303456 
0.161434512 
0.5073593401 
-0.007843233684 
    1 
6.367703545e-13 
9.319642677e-08 
-6.948316004e-08 
5.309717579 
0.1600847915 
0.5031175688 
-0.007584207041 
    1 
2.931293453e-13 
6.186316542e-08 
-4.606357588e-08 
5.397401597 
0.1587791066 
0.4990141867 
-0.007339788702 
    1 
1.351924734e-13 
4.108533185e-08 
-3.055509732e-08 
5.484379043 
0.1575150029 
0.4950414812 
-0.00710882951 
    1 
6.282326767e-14 
2.729937178e-08 
-2.027893908e-08 
5.570672157 
0.1562902171 
0.4911923392 
-0.006890295116 
    1 
2.986794975e-14 
1.814762722e-08 
-1.346575883e-08 
5.65630198 
0.1551026579 
0.4874601882 
-0.006683252181 
    1 
2.099370916e-14 
1.206922025e-08 
-8.946018664e-09 
5.741288447 
0.1539503892 
0.483838944 
-0.006486856496 
    1 
2.098672048e-14 
8.030122664e-09 
-5.946099895e-09 
5.825650469 
0.1528316158 
0.4803229646 
-0.006300342743 
    1 
2.097813251e-14 
5.344914304e-09 
-3.953928195e-09 
5.909406002 
0.1517446699 
0.4769070092 
-0.006123015602 
    1 
2.101064105e-14 
3.558995372e-09 
-2.630333942e-09 
5.992572121 
0.1506880002 
0.4735862021 
-0.005954242044 
    1 
2.105772584e-14 
2.370692297e-09 
-1.750533616e-09 
6.075165074 
0.149660161 
0.4703560001 
-0.005793444594 
    1 
2.11187786e-14 
1.579710307e-09 
-1.165466815e-09 
6.157200342 
0.1486598033 
0.4672121637 
-0.005640095456 
    1 
2.118669992e-14 
1.052999146e-09 
-7.762331177e-10 
6.238692691 
0.1476856665 
0.4641507312 
-0.005493711352 
    1 
2.125466234e-14 
7.021357103e-10 
-5.171786214e-10 
6.319656212 
0.1467365709 
0.4611679957 
-0.005353848988 
    1 
2.131794291e-14 
4.683290395e-10 
-3.446980624e-10 
6.400104372 
0.1458114115 
0.4582604837 
-0.005220101062 
    1 
2.137433706e-14 
3.124733024e-10 
-2.298164494e-10 
6.480050046 
0.1449091513 
0.4554249368 
-0.005092092732 
    1 
2.142352276e-14 
2.085459012e-10 
-1.532716449e-10 
6.559505559 
0.1440288165 
0.4526582948 
-0.004969478489 
    1 
2.14662256e-14 
1.392235449e-10 
-1.022529222e-10 
6.638482715 
0.1431694915 
0.4499576796 
-0.004851939382 
    1 
2.150371792e-14 
9.296974239e-11 
-6.823668085e-11 
6.71699283 
0.142330314 
0.4473203822 
-0.004739180551 
    1 
2.153758018e-14 
6.209896101e-11 
-4.554950262e-11 
6.795046759 
0.1415104719 
0.4447438496 
-0.004630929024 
    1 
2.156952461e-14 
4.148937343e-11 
-3.04136496e-11 
6.872654923 
0.1407091986 
0.4422256731 
-0.004526931752 
    1 
2.160122365e-14 
2.772653022e-11 
-2.031273479e-11 
6.949827334 
0.1399257705 
0.4397635784 
-0.004426953847 
    1 
2.16341589e-14 
1.853346978e-11 
-1.356998113e-11 
7.026573618 
0.1391595034 
0.4373554157 
-0.004330777009 
    1 
2.166951014e-14 
1.239130761e-11 
-9.067703299e-12 
7.102903032 
0.1384097502 
0.4349991508 
-0.0042381981 
    1 
2.170808563e-14 
8.286545714e-12 
-6.060646956e-12 
7.17882449 
0.1376758979 
0.4326928577 
-0.004149027875 
    1 
2.175027818e-14 
5.542718963e-12 
-4.051733671e-12 
7.254346575 
0.1369573656 
0.4304347106 
-0.004063089828 
    1 
2.179601662e-14 
3.70819201e-12 
-2.709316682e-12 
7.32947756 
0.1362536022 
0.4282229779 
-0.00398021915 
    1 
2.184466451e-14 
2.481354537e-12 
-1.812059858e-12 
7.404225423 
0.1355640847 
0.4260560151 
-0.003900261796 
    1 
2.189478229e-14 
1.660733828e-12 
-1.212205506e-12 
7.478597862 
0.1348883157 
0.4239322603 
-0.003823073626 
    1 
2.194359438e-14 
1.111714621e-12 
-8.110882358e-13 
7.552602307 
0.1342258228 
0.4218502277 
-0.003748519636 
    1 
2.198584767e-14 
7.44331262e-13 
-5.428069625e-13 
7.626245934 
0.133576156 
0.419808504 
-0.003676473256 
    1 
2.201142812e-14 
4.984441994e-13 
-3.633336442e-13 
7.69953568 
0.1329388871 
0.4178057428 
-0.003606815707 
    1 
2.202565574e-14 
3.338427614e-13 
-2.43246316e-13 
7.772478249 
0.1323136078 
0.4158406614 
-0.003539435425 
    1 
2.205598331e-14 
2.23635319e-13 
-1.628789797e-13 
7.845080128 
0.1316999288 
0.4139120364 
-0.003474227523 
    1 
2.209554527e-14 
1.498338032e-13 
-1.09083655e-13 
7.917347595 
0.1310974788 
0.4120187004 
-0.00341109331 
    1 
2.215152122e-14 
1.004033599e-13 
-7.306813957e-14 
7.989286727 
0.1305059029 
0.4101595389 
-0.003349939845 
    1 
2.223776915e-14 
6.729051527e-14 
-4.895173523e-14 
8.06090341 
0.1299248624 
0.4083334866 
-0.003290679529 
    1 
2.234974217e-14 
4.510501511e-14 
-3.280030145e-14 
8.132203349 
0.1293540331 
0.4065395253 
-0.003233229736 
    1 
2.245766677e-14 
3.023844538e-14 
-2.198140213e-14 
8.203192074 
0.1287931052 
0.4047766809 
-0.003177512466 
    1 
2.256407547e-14 
2.027477664e-14 
-1.473326315e-14 
8.273874949 
0.1282417819 
0.4030440211 
-0.00312345403 
    1 
2.266660694e-14 
1.359606077e-14 
-9.876583885e-15 
8.344257178 
0.1276997791 
0.4013406526 
-0.003070984765 
    1 
2.276625272e-14 
9.118617129e-15 
-6.62181665e-15 
8.414343811 
0.1271668245 
0.39966572 
-0.003020038763 
    1 
2.286496293e-14 
6.11648974e-15 
-4.440261271e-15 
8.484139753 
0.126642657 
0.3980184026 
-0.002970553624 
    1 
2.296453196e-14 
4.103283064e-15 
-2.977826159e-15 
8.553649766 
0.1261270262 
0.3963979135 
-0.002922470233 
    1 
2.306626033e-14 
2.753057398e-15 
-1.997322211e-15 
8.62287848 
0.1256196916 
0.3948034971 
-0.002875732546 
    1 
2.31709394e-14 
1.847363004e-15 
-1.339841783e-15 
8.691830393 
0.1251204226 
0.3932344282 
-0.002830287398 
    1 
2.327891416e-14 
1.23976968e-15 
-8.989059028e-16 
8.76050988 
0.1246289973 
0.3916900099 
-0.002786084323 
    1 
2.339011722e-14 
8.321087276e-16 
-6.031553747e-16 
8.828921196 
0.1241452026 
0.3901695723 
-0.002743075385 
    1 
2.350402331e-14 
5.585572193e-16 
-4.047601073e-16 
8.897068481 
0.1236688336 
0.3886724713 
-0.002701215028 
    1 
2.361947715e-14 
3.74974181e-16 
-2.716562581e-16 
8.964955765 
0.123199693 
0.3871980872 
-0.002660459928 
    1 
2.373431587e-14 
2.517545185e-16 
-1.823461929e-16 
9.03258697 
0.122737591 
0.3857458235 
-0.002620768863 
    1 
2.384463556e-14 
1.690395243e-16 
-1.224146219e-16 
9.099965917 
0.122282345 
0.384315106 
-0.002582102585 
    1 
2.394341955e-14 
1.13506332e-16 
-8.219416546e-17 
9.167096328 
0.1218337789 
0.3829053813 
-0.002544423711 
    1 
2.401800911e-14 
7.621544638e-17 
-5.52008989e-17 
9.233981831 
0.1213917229 
0.3815161163 
-0.002507696609 
    1 
2.407072994e-14 
5.116740251e-17 
-3.70857827e-17 
9.300625959 
0.1209560136 
0.3801467969 
-0.002471887301 
    1 
2.412751036e-14 
3.433473342e-17 
-2.493180463e-17 
9.367032161 
0.1205264932 
0.3787969274 
-0.00243696337 
    1 
2.417918183e-14 
2.301254353e-17 
-1.678285039e-17 
9.433203798 
0.1201030095 
0.3774660293 
-0.002402893871 
    1 
2.422024134e-14 
1.538263238e-17 
-1.132795363e-17 
9.499144149 
0.1196854154 
0.376153641 
-0.002369649251 
    1 
2.424310342e-14 
1.022071116e-17 
-7.689790657e-18 
9.564856415 
0.1192735693 
0.3748593165 
-0.002337201273 
    1 
2.423970719e-14 
6.699420667e-18 
-5.283187084e-18 
9.630343719 
0.1188673339 
0.3735826252 
-0.002305522942 
    1 
2.419997746e-14 
4.255361905e-18 
-3.720745803e-18 
9.695609109 
0.118466577 
0.372323151 
-0.002274588441 
    1 
2.411073303e-14 
2.498705098e-18 
-2.750331231e-18 
9.760655565 
0.1180711705 
0.3710804916 
-0.002244373069 
    1 
2.395477968e-14 
1.150831249e-18 
-2.214292894e-18 
