0.3266531594 
-0.0006161668202 
0.9988006999 
-0.003833660801 
0.5438733377 
0.9633944873 
0.3866536988 
0.6314127714 
0.912852854 
-0.2946694676 
0.9965562558 
-0.003758728345 
1.05552895 
0.8982701367 
0.6739882072 
0.4088740121 
0.7117215235 
-0.4026969996 
0.9949601115 
-0.002032263392 
1.536329278 
0.8550021342 
0.8430732379 
0.2182731573 
0.4984919454 
-0.3566066392 
0.9942119562 
-0.0008231971246 
2.000502102 
0.8359001854 
0.9285244654 
0.1043639412 
0.3279374989 
-0.2620883117 
0.9939292391 
-0.0002882293517 
2.457982124 
0.8289067299 
0.96828577 
0.04726132592 
0.2083370721 
-0.1762943832 
0.9938336082 
-9.370695181e-05 
2.913103222 
0.8265359612 
0.9860751799 
0.02089730812 
0.1297306438 
-0.1134046086 
0.9938030836 
-2.923337005e-05 
3.367435351 
0.8257532381 
0.9939040054 
0.009157060996 
0.07978893803 
-0.07119196326 
0.9937936896 
-8.805182542e-06 
3.821507853 
0.8254962423 
0.9973300605 
0.004003838967 
0.04866539963 
-0.04404198739 
0.9937909211 
-2.479646832e-06 
4.275495054 
0.8254116333 
0.9988283836 
0.001752127593 
0.02950251558 
-0.02698318196 
0.9937901911 
-5.50770867e-07 
4.729454098 
0.8253835724 
0.9994846231 
0.0007683650818 
0.01780146679 
-0.0164170636 
0.9937900781 
2.482893402e-08 
5.183403754 
0.8253741258 
0.9997727167 
0.0003378102891 
0.0107004645 
-0.009935372353 
0.993790146 
1.870621352e-07 
5.637350213 
0.8253708344 
0.9998995199 
0.0001489056585 
0.006411737574 
-0.005987161698 
0.993790262 
2.243047239e-07 
6.091295526 
0.8253695911 
0.9999554758 
6.580228769e-05 
0.003831603735 
-0.003595242839 
0.9937903863 
2.247296476e-07 
6.545240377 
0.8253690368 
0.9999802285 
2.914683103e-05 
0.00228442249 
-0.002152501979 
0.9937905074 
2.151568064e-07 
6.999185001 
0.8253687203 
0.9999912031 
1.293844053e-05 
0.001359222028 
-0.001285433835 
0.9937906226 
2.036223318e-07 
7.453129478 
0.8253684907 
0.999996079 
5.754828512e-06 
0.0008072838799 
-0.0007659344229 
0.9937907315 
1.924264494e-07 
7.90707384 
0.8253682972 
0.9999982495 
2.564286418e-06 
0.0004787074088 
-0.0004554981094 
0.9937908345 
1.821349248e-07 
8.3610181 
0.825368122 
0.9999992174 
1.144495711e-06 
0.0002834616966 
-0.0002704154847 
0.993790932 
1.728048141e-07 
8.814962268 
0.8253679585 
0.9999996496 
5.115776716e-07 
0.0001676333694 
-0.0001602903969 
0.9937910247 
1.643573276e-07 
9.268906349 
0.8253678041 
0.9999998429 
2.289820439e-07 
9.901959664e-05 
-9.488179474e-05 
0.993791113 
1.566887057e-07 
9.722850347 
0.8253676573 
0.9999999295 
1.026200817e-07 
5.842812988e-05 
-5.609396779e-05 
0.9937911972 
1.497010514e-07 
10.17679427 
0.8253675174 
0.9999999683 
4.604245632e-08 
3.444313166e-05 
-3.312513164e-05 
0.9937912777 
1.433091498e-07 
10.63073811 
0.8253673836 
0.9999999858 
2.067944336e-08 
2.028606542e-05 
-1.954118315e-05 
0.9937913549 
1.374404538e-07 
11.08468188 
0.8253672554 
0.9999999936 
9.296872112e-09 
1.193818066e-05 
-1.151685618e-05 
0.993791429 
1.320334193e-07 
11.53862558 
0.8253671323 
0.9999999971 
4.183307932e-09 
7.02021949e-06 
-6.781726744e-06 
0.9937915002 
1.270356877e-07 
11.99256922 
0.825367014 
0.9999999987 
1.883903058e-09 
4.125338112e-06 
-3.990243269e-06 
0.9937915688 
1.224024966e-07 
12.44651279 
0.8253669001 
0.9999999994 
8.49037485e-10 
2.422625319e-06 
-2.34605054e-06 
0.9937916349 
1.1809537e-07 
12.9004563 
0.8253667903 
0.9999999997 
3.829139354e-10 
1.421837997e-06 
-1.378407316e-06 
0.9937916988 
1.140810592e-07 
13.35439976 
0.8253666842 
0.9999999999 
1.728060592e-10 
8.340047804e-07 
-8.093583573e-07 
0.9937917605 
1.103306864e-07 
13.80834315 
0.8253665817 
0.9999999999 
7.80332287e-11 
4.889418913e-07 
-4.749478969e-07 
0.9937918202 
1.068190495e-07 
14.26228649 
0.8253664826 
    1 
3.525715616e-11 
2.865038749e-07 
-2.785542678e-07 
0.993791878 
1.035240562e-07 
14.71622977 
0.8253663865 
    1 
1.593837071e-11 
1.678035974e-07 
-1.632855294e-07 
0.9937919341 
1.004262583e-07 
15.17017301 
0.8253662933 
    1 
7.208679906e-12 
9.823842304e-08 
-9.566950007e-08 
0.9937919885 
9.750846771e-08 
15.62411619 
0.825366203 
    1 
3.261939595e-12 
5.748859186e-08 
-5.602732434e-08 
0.9937920414 
9.475543766e-08 
16.07805932 
0.8253661151 
    1 
1.476670102e-12 
3.362885349e-08 
-3.279732193e-08 
0.9937920928 
9.215359588e-08 
16.53200241 
0.8253660298 
    1 
6.68849681e-13 
1.96644444e-08 
-1.919108727e-08 
0.9937921428 
8.969082098e-08 
16.98594545 
0.8253659467 
    1 
3.032088913e-13 
1.149473437e-08 
-1.122517661e-08 
0.9937921914 
8.735625361e-08 
17.43988844 
0.8253658659 
    1 
1.378797557e-13 
6.716942124e-09 
-6.563388644e-09 
0.9937922389 
8.514013637e-08 
17.8938314 
0.8253657871 
    1 
6.348383795e-14 
3.923800052e-09 
-3.836300626e-09 
0.9937922851 
8.30336775e-08 
18.3477743 
0.8253657103 
    1 
3.049994936e-14 
2.291455308e-09 
-2.241580441e-09 
0.9937923302 
8.102893429e-08 
18.80171717 
0.8253656353 
    1 
2.214979271e-14 
1.337800537e-09 
-1.309363581e-09 
0.9937923743 
7.911871304e-08 
19.25566 
0.8253655622 
    1 
2.208479e-14 
7.80822921e-10 
-7.646046911e-10 
0.9937924173 
7.729648277e-08 
19.70960278 
0.8253654907 
    1 
2.226773756e-14 
4.556174248e-10 
-4.463653862e-10 
0.9937924593 
7.555630061e-08 
20.16354553 
0.8253654209 
    1 
2.244552347e-14 
2.657906472e-10 
-2.605113027e-10 
0.9937925004 
7.389274711e-08 
20.61748824 
0.8253653527 
    1 
2.257454418e-14 
1.550155806e-10 
-1.52002391e-10 
0.9937925406 
7.23008698e-08 
21.07143091 
0.8253652859 
    1 
2.26328693e-14 
9.038818917e-11 
-8.86680151e-11 
0.9937925799 
7.0776134e-08 
21.52537354 
0.8253652206 
    1 
2.265143683e-14 
5.269298679e-11 
-5.171075569e-11 
0.9937926184 
6.931437963e-08 
21.97931614 
0.8253651566 
    1 
2.263245384e-14 
3.071161181e-11 
-3.015063302e-11 
0.9937926562 
6.791178336e-08 
22.43325871 
0.8253650939 
    1 
2.258866031e-14 
1.789635977e-11 
-1.757590479e-11 
0.9937926932 
6.656482515e-08 
22.88720124 
0.8253650325 
    1 
2.254054717e-14 
1.042659526e-11 
-1.024350215e-11 
0.9937927294 
6.527025883e-08 
23.34114374 
0.8253649723 
    1 
2.250231685e-14 
6.073503381e-12 
-5.96887292e-12 
0.993792765 
6.402508592e-08 
23.7950862 
0.8253649132 
    1 
2.247418831e-14 
3.537187099e-12 
-3.47738418e-12 
0.9937927998 
6.282653248e-08 
24.24902864 
0.8253648553 
    1 
2.245305514e-14 
2.05968903e-12 
-2.025501963e-12 
0.9937928341 
6.167202846e-08 
24.70297104 
0.8253647984 
    1 
2.243846614e-14 
1.199148224e-12 
-1.179601507e-12 
0.9937928677 
6.05591893e-08 
25.15691341 
0.8253647426 
    1 
2.243094584e-14 
6.980302514e-13 
-6.86852468e-13 
0.9937929007 
5.948579952e-08 
25.61085575 
0.8253646877 
    1 
2.243148739e-14 
4.062638915e-13 
-3.998708866e-13 
0.9937929331 
5.844979798e-08 
26.06479806 
0.8253646339 
    1 
2.244087683e-14 
2.364161396e-13 
-2.327591852e-13 
0.993792965 
5.744926466e-08 
26.51874034 
0.8253645809 
    1 
2.245943211e-14 
1.375571387e-13 
-1.354649686e-13 
0.9937929963 
5.648240879e-08 
26.97268259 
0.8253645289 
    1 
2.248701998e-14 
8.002549103e-14 
-7.882837761e-14 
0.9937930271 
5.554755816e-08 
27.42662481 
0.8253644777 
    1 
2.252316396e-14 
4.654947093e-14 
-4.586440483e-14 
0.9937930574 
5.464314947e-08 
27.88056701 
0.8253644274 
    1 
2.256714183e-14 
2.707348903e-14 
-2.668139824e-14 
0.9937930873 
5.376771961e-08 
28.33450917 
0.8253643779 
    1 
2.261804686e-14 
1.574412698e-14 
-1.55196892e-14 
0.9937931166 
5.291989774e-08 
28.78845131 
0.8253643291 
    1 
2.267482204e-14 
9.154603359e-15 
-9.02611649e-15 
0.9937931455 
5.209839814e-08 
29.24239343 
0.8253642812 
    1 
2.273628226e-14 
5.322414713e-15 
-5.248849356e-15 
0.9937931739 
5.130201371e-08 
29.69633552 
0.8253642339 
    1 
2.280113408e-14 
3.094052527e-15 
-3.051927694e-15 
0.9937932019 
5.052961005e-08 
30.15027758 
0.8253641874 
    1 
2.286799358e-14 
1.798448225e-15 
-1.774324087e-15 
0.9937932295 
4.978012005e-08 
30.60421962 
0.8253641416 
    1 
2.293539213e-14 
1.045251766e-15 
-1.031434799e-15 
0.9937932567 
4.905253901e-08 
31.05816163 
0.8253640965 
    1 
2.300174252e-14 
6.074324089e-16 
-5.995179797e-16 
0.9937932834 
4.834592011e-08 
31.51210361 
0.825364052 
    1 
2.306520512e-14 
3.52963986e-16 
-3.484300946e-16 
0.9937933098 
4.76593703e-08 
31.96604558 
0.8253640081 
    1 
2.312333149e-14 
2.050781871e-16 
-2.024806244e-16 
0.9937933359 
4.699204658e-08 
32.41998752 
0.8253639649 
    1 
2.317225046e-14 
1.191424106e-16 
-1.176540672e-16 
0.9937933615 
4.634315248e-08 
32.87392943 
0.8253639223 
    1 
2.320497271e-14 
6.921054768e-17 
-6.83576807e-17 
0.9937933869 
4.571193493e-08 
33.32787132 
0.8253638802 
    1 
2.323330614e-14 
4.020113211e-17 
-3.971236792e-17 
0.9937934118 
4.509768136e-08 
33.78181319 
0.8253638387 
    1 
2.329857366e-14 
2.334884683e-17 
-2.306871895e-17 
0.9937934365 
4.449971696e-08 
34.23575504 
0.8253637978 
    1 
2.339183163e-14 
1.355984617e-17 
-1.339928108e-17 
0.9937934608 
4.391740228e-08 
34.68969686 
0.8253637574 
    1 
2.3483348e-14 
7.874214519e-18 
-7.782173207e-18 
0.9937934848 
4.335013086e-08 
35.14363867 
0.8253637176 
    1 
2.357542687e-14 
4.572185232e-18 
-4.519419691e-18 
0.9937935085 
4.279732723e-08 
35.59758045 
0.8253636782 
    1 
2.366715678e-14 
2.654638519e-18 
-2.624386595e-18 
0.9937935319 
4.225844486e-08 
36.0515222 
0.8253636394 
    1 
2.376081795e-14 
1.541178139e-18 
-1.523832521e-18 
0.9937935549 
4.173296441e-08 
36.50546394 
0.825363601 
    1 
2.385875256e-14 
8.946785009e-19 
-8.847322405e-19 
0.9937935778 
4.122039209e-08 
36.95940566 
0.8253635631 
    1 
2.396265057e-14 
5.193363064e-19 
-5.136325319e-19 
0.9937936003 
4.072025803e-08 
37.41334735 
0.8253635257 
    1 
2.407357582e-14 
3.014384656e-19 
-2.981673455e-19 
0.9937936226 
4.023211492e-08 
37.86728903 
0.8253634887 
    1 
2.419213676e-14 
1.749515157e-19 
-1.730753927e-19 
0.9937936445 
3.975553663e-08 
38.32123068 
0.8253634522 
    1 
2.431859679e-14 
1.015328379e-19 
-1.004567307e-19 
0.9937936663 
3.9290117e-08 
38.77517232 
0.8253634161 
    1 
2.445287527e-14 
5.892041659e-20 
-5.830314436e-20 
0.9937936878 
3.883546864e-08 
39.22911393 
0.8253633804 
    1 
2.459445759e-14 
3.418977252e-20 
-3.383567815e-20 
0.993793709 
3.839122192e-08 
39.68305553 
0.8253633451 
    1 
2.474224733e-14 
1.983801921e-20 
-1.963489302e-20 
0.99379373 
3.795702392e-08 
40.13699711 
0.8253633102 
    1 
2.489437055e-14 
1.150992484e-20 
-1.139341338e-20 
0.9937937508 
3.75325375e-08 
40.59093866 
0.8253632758 
    1 
2.504789635e-14 
6.677573081e-21 
-6.610772485e-21 
0.9937937713 
3.711744043e-08 
41.0448802 
0.8253632417 
    1 
2.519838513e-14 
3.873782489e-21 
-3.835539223e-21 
0.9937937916 
3.67114246e-08 
41.49882172 
0.8253632079 
    1 
2.533911224e-14 
2.247068649e-21 
-2.225275081e-21 
0.9937938117 
3.631419523e-08 
41.95276323 
0.8253631746 
    1 
2.545970091e-14 
1.303296128e-21 
-1.291054046e-21 
0.9937938315 
3.592547014e-08 
42.40670471 
0.8253631416 
    1 
2.55436776e-14 
7.557143647e-22 
-7.491496809e-22 
0.9937938512 
3.554497912e-08 
42.86064617 
0.8253631089 
    1 
2.558930465e-14 
4.379101111e-22 
-4.349458223e-22 
0.9937938706 
3.517246331e-08 
43.31458762 
0.8253630766 
    1 
2.561854459e-14 
2.532772477e-22 
-2.52975666e-22 
0.9937938899 
3.480767454e-08 
43.76852905 
0.8253630447 
    1 
2.561865065e-14 
1.456752852e-22 
-1.479410084e-22 
0.9937939089 
3.445037487e-08 
44.22247046 
0.825363013 
    1 
2.558032861e-14 
8.237304656e-23 
-8.792244587e-23 
0.9937939278 
3.410033601e-08 
44.67641186 
0.8253629817 
    1 
2.548976317e-14 
4.410020111e-23 
-5.468756127e-23 
0.9937939464 
3.375733887e-08 
45.13035324 
0.8253629507 
    1 
2.532839424e-14 
1.91854857e-23 
-3.815707342e-23 
