0.06644660004 
-0.0006126687176 
0.995290002 
-0.01547719196 
0.5285556645 
0.8832750824 
0.3391841684 
0.5719089255 
0.9128940879 
-0.2959889328 
0.9855785091 
-0.0175676924 
0.9520332957 
0.6554766706 
0.6129630554 
0.4156368336 
0.7090308837 
-0.4110835745 
0.9775276343 
-0.01120664484 
1.260784439 
0.4830228199 
0.7953940392 
0.2526381316 
0.4907740484 
-0.364911353 
0.9731303464 
-0.005228544291 
1.499713737 
0.3978159086 
0.8994585411 
0.1347615032 
0.3171786061 
-0.2645972837 
0.971247 
-0.002038545981 
1.707750972 
0.3642373377 
0.9527803995 
0.06619939831 
0.1976055692 
-0.1741628638 
0.9705467607 
-0.0007176552799 
1.904244745 
0.3523818231 
0.9783804888 
0.03103140944 
0.1207840095 
-0.1094572778 
0.9703068652 
-0.0002378302865 
2.096755383 
0.348387799 
0.9902341739 
0.01418583315 
0.07306753773 
-0.0672449806 
0.9702288413 
-7.530796194e-05 
2.287935385 
0.3470643344 
0.9956186236 
0.006401354825 
0.04393087213 
-0.04082000042 
0.9702046865 
-2.234697663e-05 
2.478675343 
0.346627165 
0.9980405958 
0.002869952559 
0.02630537192 
-0.02460660224 
0.9701979033 
-5.497410219e-06 
2.669269809 
0.3464822768 
0.9991248116 
0.001282838241 
0.01570428755 
-0.01476535997 
0.9701965994 
-2.549251074e-07 
2.859815897 
0.3464337935 
0.9996091524 
0.0005727671478 
0.009353181701 
-0.00883064949 
0.9701969772 
1.310791404e-06 
3.050345669 
0.3464171877 
0.9998253797 
0.0002557044488 
0.005559519378 
-0.005267503303 
0.9701978392 
1.725101484e-06 
3.24086974 
0.3464111635 
0.9999219274 
0.0001142078503 
0.00329890466 
-0.003135258862 
0.9701988127 
1.785025993e-06 
3.431391644 
0.3464086756 
0.9999650628 
5.104836242e-05 
0.001954544843 
-0.001862652069 
0.9701997845 
1.740497558e-06 
3.621912566 
0.3464073869 
0.9999843508 
2.283819364e-05 
0.001156472915 
-0.001104789458 
0.9702007226 
1.669188576e-06 
3.812432916 
0.3464065196 
0.9999929836 
1.022736459e-05 
0.000683435503 
-0.0006543281737 
0.9702016201 
1.594723995e-06 
4.002952838 
0.3464058132 
0.9999968511 
4.584514897e-06 
0.000403442042 
-0.0003870301691 
0.9702024774 
1.523856592e-06 
4.193472395 
0.3464051791 
0.9999985855 
2.057042295e-06 
0.0002379187646 
-0.0002286555056 
0.9702032972 
1.458137504e-06 
4.383991615 
0.3464045865 
0.9999993641 
9.238432973e-07 
0.0001401770765 
-0.0001349437682 
0.9702040823 
1.397569517e-06 
4.574510517 
0.3464040235 
0.9999997139 
4.152788176e-07 
8.251983361e-05 
-7.956072921e-05 
0.9702048354 
1.34174159e-06 
4.765029117 
0.3464034849 
0.9999998711 
1.868301439e-07 
4.854016175e-05 
-4.686565978e-05 
0.970205559 
1.290173309e-06 
4.955547427 
0.3464029679 
0.9999999419 
8.411988903e-08 
2.853191368e-05 
-2.758365612e-05 
0.9702062553 
1.242412833e-06 
5.146065457 
0.3464024707 
0.9999999738 
3.790305661e-08 
1.675984233e-05 
-1.622248992e-05 
0.9702069262 
1.198059166e-06 
5.33658322 
0.3464019915 
0.9999999882 
1.70904552e-08 
9.838717396e-06 
-9.534023439e-06 
0.9702075737 
1.156762203e-06 
5.527100723 
0.3464015292 
0.9999999947 
7.711129719e-09 
5.772377492e-06 
-5.599506601e-06 
0.9702081992 
1.118217083e-06 
5.717617977 
0.3464010825 
0.9999999976 
3.481366058e-09 
3.384815685e-06 
-3.286682304e-06 
0.9702088041 
1.082157815e-06 
5.908134989 
0.3464006505 
0.9999999989 
1.572650616e-09 
1.983783261e-06 
-1.928047548e-06 
0.9702093899 
1.048351495e-06 
6.098651767 
0.3464002322 
0.9999999995 
7.108051935e-10 
1.162106129e-06 
-1.130435355e-06 
0.9702099577 
1.016593399e-06 
6.289168318 
0.3463998268 
0.9999999998 
3.21433249e-10 
6.80459085e-07 
-6.624546379e-07 
0.9702105085 
9.867028602e-07 
6.47968465 
0.3463994335 
0.9999999999 
1.454250373e-10 
3.982668126e-07 
-3.880271518e-07 
0.9702110433 
9.585198524e-07 
6.670200769 
0.3463990516 
    1 
6.58239117e-11 
2.330088292e-07 
-2.271828935e-07 
0.9702115631 
9.319021219e-07 
6.860716681 
0.3463986804 
    1 
2.980639748e-11 
1.362718772e-07 
-1.329559067e-07 
0.9702120687 
9.067227893e-07 
7.051232392 
0.3463983194 
    1 
1.350269354e-11 
7.9668088e-08 
-7.77800456e-08 
0.9702125608 
8.828683272e-07 
7.241747906 
0.346397968 
    1 
6.119097465e-12 
4.656020321e-08 
-4.54848259e-08 
0.97021304 
8.602368489e-07 
7.43226323 
0.3463976258 
    1 
2.774060869e-12 
2.720226542e-08 
-2.658956159e-08 
0.9702135072 
8.38736654e-07 
7.622778368 
0.3463972922 
    1 
1.25810739e-12 
1.58877313e-08 
-1.553853148e-08 
0.9702139628 
8.182849861e-07 
7.813293325 
0.3463969669 
    1 
5.708391013e-13 
9.276660938e-09 
-9.077582269e-09 
0.9702144075 
7.988069686e-07 
8.003808105 
0.3463966493 
    1 
2.593624513e-13 
5.415024138e-09 
-5.301497761e-09 
0.9702148417 
7.802346885e-07 
8.194322713 
0.3463963393 
    1 
1.183502861e-13 
3.160047074e-09 
-3.095290388e-09 
0.9702152659 
7.62506405e-07 
8.384837152 
0.3463960364 
    1 
5.523896197e-14 
1.843640776e-09 
-1.806693446e-09 
0.9702156806 
7.455658647e-07 
8.575351426 
0.3463957403 
    1 
2.736661162e-14 
1.075358998e-09 
-1.054273334e-09 
0.9702160861 
7.293617042e-07 
8.765865539 
0.3463954507 
    1 
2.247903916e-14 
6.270895542e-10 
-6.15053261e-10 
0.970216483 
7.138469307e-07 
8.956379495 
0.3463951673 
    1 
2.237451717e-14 
3.656022089e-10 
-3.587300175e-10 
0.9702168715 
6.989784669e-07 
9.146893297 
0.3463948899 
    1 
2.244198063e-14 
2.131057527e-10 
-2.091811945e-10 
0.9702172519 
6.847167508e-07 
9.337406947 
0.3463946182 
    1 
2.248822005e-14 
1.241916455e-10 
-1.219499553e-10 
0.9702176247 
6.710253851e-07 
9.52792045 
0.346394352 
    1 
2.24777484e-14 
7.23608972e-11 
-7.108020078e-11 
0.9702179902 
6.578708265e-07 
9.718433808 
0.3463940911 
    1 
2.242030109e-14 
4.215345368e-11 
-4.142164213e-11 
0.9702183485 
6.452221114e-07 
9.908947023 
0.3463938353 
    1 
2.232041575e-14 
2.45517898e-11 
-2.413354394e-11 
0.9702187 
6.330506127e-07 
10.0994601 
0.3463935843 
    1 
2.221851978e-14 
1.42973935e-11 
-1.405831505e-11 
0.9702190449 
6.213298234e-07 
10.28997304 
0.346393338 
    1 
2.211819934e-14 
8.324479415e-12 
-8.187793795e-12 
0.9702193835 
6.100351639e-07 
10.48048584 
0.3463930962 
    1 
2.202480772e-14 
4.846033703e-12 
-4.767875212e-12 
0.970219716 
5.9914381e-07 
10.67099852 
0.3463928588 
    1 
2.194512344e-14 
2.820638332e-12 
-2.775939315e-12 
0.9702200426 
5.88634539e-07 
10.86151106 
0.3463926255 
    1 
2.18868112e-14 
1.641505598e-12 
-1.615938239e-12 
0.9702203636 
5.784875913e-07 
11.05202348 
0.3463923964 
    1 
2.185874239e-14 
9.55154371e-13 
-9.405279661e-13 
0.970220679 
5.686845471e-07 
11.24253577 
0.3463921711 
    1 
2.187236315e-14 
5.55703501e-13 
-5.473349353e-13 
0.9702209892 
5.59208214e-07 
11.43304794 
0.3463919497 
    1 
2.191856816e-14 
3.232608351e-13 
-3.184720633e-13 
0.9702212942 
5.50042527e-07 
11.62355999 
0.3463917319 
    1 
2.196052101e-14 
1.880205714e-13 
-1.852799124e-13 
0.9702215942 
5.411724574e-07 
11.81407192 
0.3463915176 
    1 
2.200095689e-14 
1.093457232e-13 
-1.077770166e-13 
0.9702218895 
5.325839304e-07 
12.00458373 
0.3463913068 
    1 
2.204115282e-14 
6.358345751e-14 
-6.268544444e-14 
0.9702221801 
5.242637508e-07 
12.19509543 
0.3463910993 
    1 
2.208149834e-14 
3.696868923e-14 
-3.645455556e-14 
0.9702224662 
5.161995354e-07 
12.38560701 
0.346390895 
    1 
2.212176001e-14 
2.149181685e-14 
-2.119742871e-14 
0.970222748 
5.083796512e-07 
12.57611849 
0.3463906938 
    1 
2.216023296e-14 
1.249288944e-14 
-1.232430638e-14 
0.9702230255 
5.007931597e-07 
12.76662985 
0.3463904956 
    1 
2.219235929e-14 
7.261139885e-15 
-7.164589174e-15 
0.9702232989 
4.934297657e-07 
12.9571411 
0.3463903004 
    1 
2.22081931e-14 
4.219881364e-15 
-4.164579022e-15 
0.9702235683 
4.862797708e-07 
13.14765225 
0.3463901081 
    1 
2.221250215e-14 
2.452169811e-15 
-2.420490427e-15 
0.9702238338 
4.793340306e-07 
13.33816329 
0.3463899185 
    1 
2.223108359e-14 
1.424810076e-15 
-1.406661028e-15 
0.9702240956 
4.72583916e-07 
13.52867423 
0.3463897315 
    1 
2.225359469e-14 
8.277911357e-16 
-8.173925646e-16 
0.9702243537 
4.660212771e-07 
13.71918507 
0.3463895472 
    1 
2.228057645e-14 
4.808870625e-16 
-4.749285895e-16 
0.9702246082 
4.596384104e-07 
13.90969581 
0.3463893655 
    1 
2.231385647e-14 
2.793348142e-16 
-2.759202392e-16 
0.9702248593 
4.534280289e-07 
14.10020645 
0.3463891862 
    1 
2.235352862e-14 
1.622436727e-16 
-1.602867321e-16 
0.970225107 
4.473832341e-07 
14.29071699 
0.3463890093 
    1 
2.240276534e-14 
9.422632138e-17 
-9.310467254e-17 
0.9702253515 
4.414974907e-07 
14.48122743 
0.3463888348 
    1 
2.246872132e-14 
5.471916534e-17 
-5.407622091e-17 
0.9702255927 
4.357646027e-07 
14.67173778 
0.3463886626 
    1 
2.256315522e-14 
3.177389155e-17 
-3.140531621e-17 
0.9702258308 
4.301786917e-07 
14.86224803 
0.3463884925 
    1 
2.268125002e-14 
1.844870943e-17 
-1.823740213e-17 
0.9702260659 
4.247341772e-07 
15.05275819 
0.3463883247 
    1 
2.279349422e-14 
1.071092789e-17 
-1.058977404e-17 
0.970226298 
4.194257574e-07 
15.24326826 
0.3463881589 
    1 
2.290452239e-14 
6.218055243e-18 
-6.148585835e-18 
0.9702265273 
4.142483924e-07 
15.43377824 
0.3463879952 
    1 
2.301433655e-14 
3.609518352e-18 
-3.569681703e-18 
0.9702267537 
4.091972882e-07 
15.62428813 
0.3463878335 
    1 
2.312386937e-14 
2.095134565e-18 
-2.072288888e-18 
0.9702269774 
4.042678817e-07 
15.81479793 
0.3463876738 
    1 
2.323314123e-14 
1.216027348e-18 
-1.202924777e-18 
0.9702271984 
3.994558271e-07 
16.00530764 
0.346387516 
    1 
2.334241267e-14 
7.057392178e-19 
-6.982240352e-19 
0.9702274168 
3.94756983e-07 
16.19581727 
0.3463873601 
    1 
2.345249902e-14 
4.095579509e-19 
-4.052472059e-19 
0.9702276327 
3.901674008e-07 
16.38632681 
0.3463872059 
    1 
2.356425849e-14 
2.376606919e-19 
-2.351878624e-19 
0.970227846 
3.856833132e-07 
16.57683627 
0.3463870536 
    1 
2.367827901e-14 
1.379021067e-19 
-1.364834928e-19 
0.9702280569 
3.813011243e-07 
16.76734564 
0.346386903 
    1 
2.379475335e-14 
8.001227695e-20 
-7.919839548e-20 
0.9702282655 
3.770173996e-07 
16.95785493 
0.3463867541 
    1 
2.391338856e-14 
4.642107077e-20 
-4.595410755e-20 
0.9702284717 
3.728288575e-07 
17.14836414 
0.3463866069 
    1 
2.403322541e-14 
2.693066304e-20 
-2.666273219e-20 
0.9702286756 
3.687323603e-07 
17.33887327 
0.3463864613 
    1 
2.415225553e-14 
1.562258173e-20 
-1.546884975e-20 
0.9702288773 
3.647249071e-07 
17.52938232 
0.3463863172 
    1 
2.426667827e-14 
9.062181466e-21 
-8.973983883e-21 
0.9702290768 
3.608036256e-07 
17.7198913 
0.3463861748 
    1 
2.436951681e-14 
5.256379577e-21 
-5.205803224e-21 
0.9702292742 
3.56965766e-07 
17.91040019 
0.3463860339 
    1 
2.444807768e-14 
3.048688647e-21 
-3.019730313e-21 
0.9702294695 
3.532086944e-07 
18.10090901 
0.3463858944 
    1 
2.450457281e-14 
1.76809608e-21 
-1.751594781e-21 
0.9702296627 
3.495298862e-07 
18.29141775 
0.3463857564 
    1 
2.456474939e-14 
1.025288651e-21 
-1.01602526e-21 
0.970229854 
3.459269213e-07 
18.48192641 
0.3463856199 
    1 
2.461917253e-14 
5.943962102e-22 
-5.894414361e-22 
0.9702300432 
3.423974782e-07 
18.672435 
0.3463854847 
    1 
2.466196293e-14 
3.443660732e-22 
-3.421534091e-22 
0.9702302306 
3.389393292e-07 
18.86294352 
0.3463853509 
    1 
2.468494935e-14 
1.991362141e-22 
-1.989662283e-22 
0.9702304161 
3.355503356e-07 
19.05345196 
0.3463852185 
    1 
2.467901165e-14 
1.14514423e-22 
-1.163333745e-22 
0.9702305997 
3.322284436e-07 
19.24396033 
0.3463850874 
    1 
2.463190231e-14 
6.474125608e-23 
-6.912386548e-23 
0.9702307815 
3.289716798e-07 
19.43446863 
0.3463849576 
    1 
2.452570549e-14 
3.465448926e-23 
-4.298526843e-23 
0.9702309616 
3.257781475e-07 
19.62497685 
0.346384829 
    1 
2.435800323e-14 
1.507355571e-23 
-2.998382641e-23 
