0.1314840582 
-0.0006139899412 
0.9962245249 
-0.01231870736 
0.5319046287 
0.9009634487 
0.351332983 
0.5881235414 
0.9128448796 
-0.2957054182 
0.9886275161 
-0.01347915142 
0.9754498963 
0.7119743179 
0.6294996521 
0.4157546186 
0.7097730141 
-0.4084974959 
0.9825758307 
-0.008222339656 
1.325282848 
0.5735906162 
0.8091756155 
0.2442448948 
0.4931431458 
-0.362099619 
0.9794088666 
-0.003680950547 
1.619875924 
0.5072860693 
0.9083383999 
0.1262635592 
0.32063067 
-0.2635900422 
0.9781024189 
-0.001387969034 
1.890667012 
0.4817120486 
0.9577233376 
0.06049194495 
0.2011365394 
-0.174738836 
0.9776309624 
-0.0004762481968 
2.152717633 
0.4727957848 
0.9809129182 
0.02782308426 
0.1237747795 
-0.1107068502 
0.9774730817 
-0.0001548428527 
2.411781893 
0.4698118392 
0.9914715214 
0.01253791353 
0.0753388917 
-0.06854112143 
0.9774225736 
-4.841048915e-05 
2.669853561 
0.4688263172 
0.9962066104 
0.005595483693 
0.04554349517 
-0.04189732671 
0.9774070807 
-1.432762923e-05 
2.927597793 
0.4685012967 
0.9983153355 
0.002486834152 
0.02740099114 
-0.02541026303 
0.977402702 
-3.632408354e-06 
3.185233899 
0.4683936692 
0.9992518369 
0.001103771664 
0.01642647446 
-0.01532836149 
0.9774017854 
-3.403542769e-07 
3.442834078 
0.4683576809 
0.9996674848 
0.000489958827 
0.009819003623 
-0.009209490299 
0.9774019213 
6.357698722e-07 
3.700422152 
0.4683453719 
0.9998520479 
0.0002176718892 
0.005855175026 
-0.005515486094 
0.9774023589 
8.943420106e-07 
3.958006006 
0.4683409228 
0.9999340835 
9.681863966e-05 
0.003484250282 
-0.003294391447 
0.9774028667 
9.341894855e-07 
4.215588263 
0.4683391011 
0.999970593 
4.312146471e-05 
0.002069612477 
-0.001963261677 
0.9774033753 
9.102012346e-07 
4.473169807 
0.468338171 
0.9999868634 
1.92319103e-05 
0.001227353269 
-0.001167672505 
0.9774038652 
8.700598217e-07 
4.73075094 
0.4683375547 
0.9999941242 
8.588877212e-06 
0.0007268179773 
-0.0006932755021 
0.9774043321 
8.281139222e-07 
4.988331772 
0.4683370584 
0.9999973687 
3.840717507e-06 
0.0004298530457 
-0.0004109757492 
0.9774047765 
7.883979142e-07 
5.245912347 
0.4683366163 
0.9999988203 
1.719572662e-06 
0.0002539253729 
-0.0002432887214 
0.9774051999 
7.517987218e-07 
5.503492689 
0.4683362052 
0.9999994705 
7.707763005e-07 
0.0001498407679 
-0.0001438409314 
0.977405604 
7.182808782e-07 
5.761072811 
0.4683358161 
0.9999997621 
3.458620251e-07 
8.833477147e-05 
-8.494710488e-05 
0.9774059905 
6.875709126e-07 
6.018652723 
0.4683354452 
0.999999893 
1.553502964e-07 
5.202908599e-05 
-5.011459971e-05 
0.9774063608 
6.593621638e-07 
6.276232436 
0.4683350901 
0.9999999519 
6.984343349e-08 
3.061993858e-05 
-2.953710278e-05 
0.9774067162 
6.333713179e-07 
6.533811958 
0.4683347495 
0.9999999783 
3.14278708e-08 
1.800666589e-05 
-1.739374568e-05 
0.9774070579 
6.093500225e-07 
6.791391297 
0.468334422 
0.9999999902 
1.415317697e-08 
1.058174797e-05 
-1.023457038e-05 
0.9774073868 
5.870836506e-07 
7.048970458 
0.4683341068 
0.9999999956 
6.378496503e-09 
6.214386977e-06 
-6.017605615e-06 
0.9774077039 
5.663870134e-07 
7.306549449 
0.4683338029 
0.999999998 
2.876642992e-09 
3.647332638e-06 
-3.535728284e-06 
0.9774080101 
5.470998804e-07 
7.564128276 
0.4683335095 
0.9999999991 
1.298185041e-09 
2.139469717e-06 
-2.07613737e-06 
0.977408306 
5.290830423e-07 
7.821706945 
0.4683332259 
0.9999999996 
5.862077584e-10 
1.254314414e-06 
-1.218355931e-06 
0.9774085923 
5.122150149e-07 
8.07928546 
0.4683329516 
0.9999999998 
2.648583555e-10 
7.350053721e-07 
-7.145788669e-07 
0.9774088696 
4.96389319e-07 
8.336863827 
0.4683326858 
0.9999999999 
1.197315002e-10 
4.30498338e-07 
-4.188894516e-07 
0.9774091384 
4.815122376e-07 
8.594442049 
0.4683324281 
    1 
5.415331162e-11 
2.520352001e-07 
-2.454346691e-07 
0.9774093994 
4.675009609e-07 
8.852020132 
0.4683321781 
    1 
2.450452797e-11 
1.474927087e-07 
-1.437382434e-07 
0.9774096528 
4.54282045e-07 
9.10959808 
0.4683319352 
    1 
1.10933063e-11 
8.627987468e-08 
-8.414344718e-08 
0.9774098992 
4.417901242e-07 
9.367175896 
0.4683316991 
    1 
5.024054295e-12 
5.045302731e-08 
-4.923686964e-08 
0.9774101389 
4.2996683e-07 
9.624753583 
0.4683314694 
    1 
2.27628877e-12 
2.949253963e-08 
-2.879999978e-08 
0.9774103723 
4.187598794e-07 
9.882331146 
0.4683312457 
    1 
1.031774822e-12 
1.723423973e-08 
-1.683974158e-08 
0.9774105996 
4.081223022e-07 
10.13990859 
0.4683310279 
    1 
4.679467862e-13 
1.006779401e-08 
-9.843000769e-09 
0.9774108213 
3.980117822e-07 
10.39748591 
0.4683308154 
    1 
2.124758121e-13 
5.879568269e-09 
-5.751437659e-09 
0.9774110375 
3.883900955e-07 
10.65506312 
0.4683306082 
    1 
9.693920235e-14 
3.432667143e-09 
-3.359612529e-09 
0.9774112486 
3.792226269e-07 
10.91264021 
0.4683304059 
    1 
4.520759223e-14 
2.003543939e-09 
-1.961879866e-09 
0.9774114548 
3.704779542e-07 
11.1702172 
0.4683302084 
    1 
2.328061712e-14 
1.169101888e-09 
-1.14533405e-09 
0.9774116562 
3.62127488e-07 
11.42779408 
0.4683300153 
    1 
2.127304294e-14 
6.820201369e-10 
-6.684580506e-10 
0.9774118532 
3.5414516e-07 
11.68537085 
0.4683298266 
    1 
2.107382522e-14 
3.977755485e-10 
-3.900350764e-10 
0.9774120458 
3.465071504e-07 
11.94294752 
0.468329642 
    1 
2.095412542e-14 
2.319420146e-10 
-2.275231763e-10 
0.9774122344 
3.391916515e-07 
12.20052409 
0.4683294613 
    1 
2.085832852e-14 
1.352151501e-10 
-1.326919928e-10 
0.977412419 
3.321786586e-07 
12.45810056 
0.4683292844 
    1 
2.075682686e-14 
7.880971394e-11 
-7.736868659e-11 
0.9774125998 
3.254497883e-07 
12.71567694 
0.4683291111 
    1 
2.064831096e-14 
4.592469308e-11 
-4.510152573e-11 
0.977412777 
3.189881171e-07 
12.97325322 
0.4683289413 
    1 
2.056773522e-14 
2.675643958e-11 
-2.628612481e-11 
0.9774129507 
3.127780394e-07 
13.23082941 
0.4683287748 
    1 
2.051682812e-14 
1.558580244e-11 
-1.531703886e-11 
0.9774131211 
3.068051416e-07 
13.48840551 
0.4683286115 
    1 
2.050442105e-14 
9.077198868e-12 
-8.923584973e-12 
0.9774132883 
3.010560904e-07 
13.74598151 
0.4683284513 
    1 
2.052450143e-14 
5.285660402e-12 
-5.197845959e-12 
0.9774134523 
2.955185336e-07 
14.00355744 
0.4683282941 
    1 
2.054678726e-14 
3.077330308e-12 
-3.027122179e-12 
0.9774136134 
2.901810114e-07 
14.26113327 
0.4683281398 
    1 
2.057421903e-14 
1.791344047e-12 
-1.762632792e-12 
0.9774137715 
2.850328772e-07 
14.51870902 
0.4683279882 
    1 
2.060439605e-14 
1.04259677e-12 
-1.026175834e-12 
0.9774139269 
2.800642269e-07 
14.77628469 
0.4683278393 
    1 
2.06367376e-14 
6.067203278e-13 
-5.973272283e-13 
0.9774140796 
2.752658349e-07 
15.03386028 
0.468327693 
    1 
2.067133259e-14 
3.530187071e-13 
-3.476448885e-13 
0.9774142297 
2.706290975e-07 
15.29143579 
0.4683275491 
    1 
2.07086766e-14 
2.0537425e-13 
-2.022994417e-13 
0.9774143773 
2.661459808e-07 
15.54901122 
0.4683274077 
    1 
2.074905287e-14 
1.194635311e-13 
-1.177039388e-13 
0.9774145225 
2.618089749e-07 
15.80658657 
0.4683272686 
    1 
2.079215601e-14 
6.948126008e-14 
-6.847418198e-14 
0.9774146654 
2.576110513e-07 
16.06416185 
0.4683271317 
    1 
2.083678984e-14 
4.040590237e-14 
-3.982944192e-14 
0.9774148059 
2.535456254e-07 
16.32173705 
0.468326997 
    1 
2.088033598e-14 
2.349462081e-14 
-2.316460905e-14 
0.9774149443 
2.496065215e-07 
16.57931218 
0.4683268644 
    1 
2.091758918e-14 
1.36596703e-14 
-1.347072277e-14 
0.9774150805 
2.457879421e-07 
16.83688723 
0.4683267338 
    1 
2.093827334e-14 
7.940753363e-15 
-7.832559318e-15 
0.9774152147 
2.42084439e-07 
17.09446222 
0.4683266053 
    1 
2.094709913e-14 
4.615666349e-15 
-4.553705933e-15 
0.9774153468 
2.384908876e-07 
17.35203713 
0.4683264786 
    1 
2.096997938e-14 
2.682623649e-15 
-2.647136371e-15 
0.977415477 
2.350024629e-07 
17.60961198 
0.4683263539 
    1 
2.099679772e-14 
1.558974817e-15 
-1.538647639e-15 
0.9774156053 
2.316146184e-07 
17.86718676 
0.4683262309 
    1 
2.102833173e-14 
9.058864649e-16 
-8.942418213e-16 
0.9774157318 
2.283230659e-07 
18.12476147 
0.4683261097 
    1 
2.106657863e-14 
5.263383525e-16 
-5.19666925e-16 
0.9774158565 
2.251237576e-07 
18.38233611 
0.4683259902 
    1 
2.111168946e-14 
3.057834953e-16 
-3.019609416e-16 
0.9774159794 
2.220128695e-07 
18.63991069 
0.4683258724 
    1 
2.116676587e-14 
1.776323232e-16 
-1.754418925e-16 
0.9774161007 
2.189867858e-07 
18.89748521 
0.4683257562 
    1 
2.123877797e-14 
1.031786853e-16 
-1.019233913e-16 
0.9774162203 
2.160420856e-07 
19.15505966 
0.4683256415 
    1 
2.133918094e-14 
5.992652362e-17 
-5.920707418e-17 
0.9774163384 
2.131755294e-07 
19.41263404 
0.4683255284 
    1 
2.146264662e-14 
3.480248876e-17 
-3.43901131e-17 
0.9774164548 
2.103840472e-07 
19.67020837 
0.4683254168 
    1 
2.157875373e-14 
2.02099213e-17 
-1.997353479e-17 
0.9774165698 
2.076647279e-07 
19.92778264 
0.4683253067 
    1 
2.169045437e-14 
1.173499719e-17 
-1.159948189e-17 
0.9774166833 
2.050148091e-07 
20.18535684 
0.4683251979 
    1 
2.179467094e-14 
6.813438065e-18 
-6.735743786e-18 
0.9774167953 
2.024316673e-07 
20.44293099 
0.4683250905 
    1 
2.188664742e-14 
3.955628195e-18 
-3.911080632e-18 
0.977416906 
1.999128099e-07 
20.70050508 
0.4683249845 
    1 
2.195575528e-14 
2.296314063e-18 
-2.270769869e-18 
0.9774170152 
1.974558667e-07 
20.95807911 
0.4683248798 
    1 
2.200737552e-14 
1.332952239e-18 
-1.318303745e-18 
0.9774171232 
1.950585825e-07 
21.21565308 
0.4683247764 
    1 
2.207170009e-14 
7.736885227e-19 
-7.652876284e-19 
0.9774172298 
1.927188106e-07 
21.47322699 
0.4683246742 
    1 
2.21442095e-14 
4.490417657e-19 
-4.44223519e-19 
0.9774173352 
1.904345057e-07 
21.73080085 
0.4683245732 
    1 
2.222347539e-14 
2.606015911e-19 
-2.578379432e-19 
0.9774174393 
1.882037187e-07 
21.98837466 
0.4683244734 
    1 
2.230524211e-14 
1.512299587e-19 
-1.496446798e-19 
0.9774175422 
1.860245905e-07 
22.24594841 
0.4683243748 
    1 
2.238584541e-14 
8.775456618e-20 
-8.684516255e-20 
0.9774176439 
1.838953473e-07 
22.5035221 
0.4683242773 
    1 
2.246352883e-14 
5.091823944e-20 
-5.039652445e-20 
0.9774177445 
1.818142954e-07 
22.76109575 
0.468324181 
    1 
2.253871403e-14 
2.954264706e-20 
-2.924333129e-20 
0.9774178439 
1.797798172e-07 
23.01866934 
0.4683240857 
    1 
2.26125929e-14 
1.713950745e-20 
-1.696778433e-20 
0.9774179423 
1.777903664e-07 
23.27624287 
0.4683239914 
    1 
2.268521304e-14 
9.943070658e-21 
-9.844560485e-21 
0.9774180395 
1.758444646e-07 
23.53381636 
0.4683238983 
    1 
2.275513918e-14 
5.767874837e-21 
-5.711389387e-21 
0.9774181357 
1.739406972e-07 
23.7913898 
0.4683238061 
    1 
2.282012225e-14 
3.345666483e-21 
-3.313326484e-21 
0.9774182308 
1.720777106e-07 
24.04896318 
0.4683237149 
    1 
2.287756582e-14 
1.940506275e-21 
-1.922077407e-21 
0.977418325 
1.702542082e-07 
24.30653652 
0.4683236247 
    1 
2.292468529e-14 
1.125366905e-21 
-1.115018404e-21 
0.9774184181 
1.684689479e-07 
24.5641098 
0.4683235354 
    1 
2.295839151e-14 
6.524722221e-22 
-6.469305751e-22 
0.9774185103 
1.667207392e-07 
24.82168304 
0.4683234471 
    1 
2.297490394e-14 
3.780450844e-22 
-3.755576679e-22 
0.9774186015 
1.650084404e-07 
25.07925623 
0.4683233597 
    1 
2.29691139e-14 
2.186301191e-22 
-2.184104012e-22 
0.9774186918 
1.633309565e-07 
25.33682937 
0.4683232732 
    1 
2.293375738e-14 
1.257348734e-22 
-1.277133721e-22 
0.9774187812 
1.616872362e-07 
25.59440246 
0.4683231875 
    1 
2.285838102e-14 
7.109054711e-23 
-7.589258541e-23 
0.9774188697 
1.600762704e-07 
25.85197551 
0.4683231027 
    1 
2.272788e-14 
3.805615031e-23 
-4.719919744e-23 
0.9774189573 
1.584970897e-07 
26.10954851 
0.4683230188 
    1 
2.254572963e-14 
1.655446749e-23 
-3.292725458e-23 
