0.4254323397 
-0.0006165897743 
1.00000603 
1.814904576e-06 
0.5509844527 
0.9999879401 
0.4038404606 
0.6501871677 
0.912901355 
-0.29416738 
1.000006722 
9.082771354e-07 
1.100967396 
0.9999865557 
0.6937531994 
0.4022160953 
0.7124922028 
-0.4007091605 
1.000007127 
6.057017174e-07 
1.650949764 
0.9999857454 
0.8567470882 
0.2055832628 
0.5003569678 
-0.3549458349 
1.000007415 
4.543452181e-07 
2.200931758 
0.9999851703 
0.9360551672 
0.09527460915 
0.3303519318 
-0.2617594739 
1.000007638 
3.635092873e-07 
2.750913474 
0.9999847242 
0.9720066843 
0.04227273233 
0.2106482325 
-0.1768859175 
1.00000782 
3.02942815e-07 
3.30089497 
0.9999843597 
0.9878199315 
0.01844464875 
0.1316091681 
-0.114302958 
1.000007974 
2.596765482e-07 
3.850876281 
0.9999840515 
0.9947014176 
0.008010499445 
0.08117642892 
-0.0720426444 
1.000008108 
2.272243856e-07 
4.400857434 
0.9999837845 
0.997689909 
0.003480711503 
0.0496308082 
-0.04471763864 
1.000008226 
2.019823549e-07 
4.95083845 
0.999983549 
0.998989766 
0.001516289877 
0.03014833326 
-0.02747304848 
1.000008331 
1.817878104e-07 
5.500819343 
0.9999833383 
0.9995567917 
0.0006626660192 
0.01822191762 
-0.01675339801 
1.000008426 
1.652643927e-07 
6.050800126 
0.9999831477 
0.9998049552 
0.0002905647509 
0.01096890155 
-0.01015825184 
1.000008513 
1.514944596e-07 
6.600780809 
0.9999829738 
0.9999139198 
0.0001278085125 
0.006580649283 
-0.00613128479 
1.000008593 
1.398426804e-07 
7.1507614 
0.9999828137 
0.9999619105 
5.638193832e-05 
0.003936712492 
-0.003686802656 
1.000008667 
1.298552243e-07 
7.700741906 
0.9999826655 
0.9999831061 
2.493844813e-05 
0.002349257967 
-0.002209901075 
1.000008736 
1.211992669e-07 
8.250722334 
0.9999825275 
0.999992491 
1.105700361e-05 
0.00139893456 
-0.001321049671 
1.000008801 
1.136251807e-07 
8.800702689 
0.9999823985 
0.999996656 
4.912945985e-06 
0.0008314683826 
-0.0007878546008 
1.000008861 
1.069420678e-07 
9.350682974 
0.9999822772 
0.9999985082 
2.187212429e-06 
0.0004933649674 
-0.0004689004739 
1.000008919 
1.010014477e-07 
9.900663195 
0.9999821629 
0.9999993335 
9.754439395e-07 
0.000292309317 
-0.0002785655071 
1.000008973 
9.568609586e-08 
10.45064336 
0.9999820548 
0.9999997018 
4.357158157e-07 
0.0001729555342 
-0.0001652239671 
1.000009024 
9.090223063e-08 
11.00062346 
0.9999819523 
0.9999998664 
1.949080304e-07 
0.000102211522 
-9.785681085e-05 
1.000009073 
8.657393195e-08 
11.5506035 
0.9999818547 
0.9999999401 
8.73021195e-08 
6.033748507e-05 
-5.788202401e-05 
1.000009119 
8.263908227e-08 
12.1005835 
0.9999817617 
0.9999999731 
3.915059224e-08 
3.558266675e-05 
-3.419672217e-05 
1.000009164 
7.904636622e-08 
12.65056344 
0.9999816728 
0.9999999879 
1.757624126e-08 
2.09647843e-05 
-2.018178647e-05 
1.000009206 
7.575302035e-08 
13.20054334 
0.9999815877 
0.9999999946 
7.898569794e-09 
1.234170467e-05 
-1.189896903e-05 
1.000009247 
7.272312287e-08 
13.75052319 
0.999981506 
0.9999999975 
3.552799722e-09 
7.259742625e-06 
-7.009207364e-06 
1.000009286 
6.992627801e-08 
14.300503 
0.9999814276 
0.9999999989 
1.599417111e-09 
4.267307169e-06 
-4.125431432e-06 
1.000009324 
6.733659279e-08 
14.85048276 
0.9999813521 
0.9999999995 
7.205991533e-10 
2.506661817e-06 
-2.426264873e-06 
1.00000936 
6.493187299e-08 
15.40046249 
0.9999812794 
0.9999999998 
3.24893526e-10 
1.471522632e-06 
-1.425935453e-06 
1.000009396 
6.269298546e-08 
15.95044217 
0.9999812092 
0.9999999999 
1.465823954e-10 
8.633475705e-07 
-8.374833526e-07 
1.000009429 
6.060334798e-08 
16.50042182 
0.9999811414 
    1 
6.617568275e-11 
5.062538239e-07 
-4.915715634e-07 
1.000009462 
5.864851785e-08 
17.05040143 
0.9999810758 
    1 
2.989310541e-11 
2.967083231e-07 
-2.883694283e-07 
1.000009494 
5.68158576e-08 
17.600381 
0.9999810123 
    1 
1.351108677e-11 
1.738134568e-07 
-1.690750485e-07 
1.000009525 
5.509426149e-08 
18.15036054 
0.9999809508 
    1 
6.110076037e-12 
1.017751171e-07 
-9.908139671e-08 
1.000009555 
5.347393029e-08 
18.70034005 
0.9999808911 
    1 
2.764510242e-12 
5.956835423e-08 
-5.803635939e-08 
1.000009584 
5.194618458e-08 
19.25031952 
0.9999808331 
    1 
1.251501835e-12 
3.485103324e-08 
-3.397939456e-08 
1.000009612 
5.05033093e-08 
19.80029896 
0.9999807768 
    1 
5.669966142e-13 
2.038220812e-08 
-1.988609512e-08 
1.000009639 
4.913842341e-08 
20.35027838 
0.999980722 
    1 
2.573450127e-13 
1.191601447e-08 
-1.163353891e-08 
1.000009666 
4.784537015e-08 
20.90025776 
0.9999806687 
    1 
1.177375809e-13 
6.964068848e-09 
-6.803178778e-09 
1.000009692 
4.661862419e-08 
21.45023711 
0.9999806167 
    1 
5.597155118e-14 
4.068691453e-09 
-3.977023347e-09 
1.000009717 
4.545321271e-08 
22.00021644 
0.9999805661 
    1 
2.976275303e-14 
2.376364195e-09 
-2.324119642e-09 
1.000009742 
4.434464802e-08 
22.55019574 
0.9999805167 
    1 
2.542378036e-14 
1.387535712e-09 
-1.357751158e-09 
1.000009766 
4.328886982e-08 
23.10017501 
0.9999804685 
    1 
2.520753012e-14 
8.099425229e-10 
-7.9295764e-10 
1.000009789 
4.228219548e-08 
23.65015425 
0.9999804215 
    1 
2.501380871e-14 
4.726597512e-10 
-4.629714008e-10 
1.000009812 
4.132127715e-08 
24.20013347 
0.9999803755 
    1 
2.480646548e-14 
2.757608398e-10 
-2.702330978e-10 
1.000009835 
4.040306455e-08 
24.75011267 
0.9999803305 
    1 
2.461735381e-14 
1.608462479e-10 
-1.576915956e-10 
1.000009857 
3.952477265e-08 
25.30009184 
0.9999802866 
    1 
2.448327474e-14 
9.37968294e-11 
-9.19960666e-11 
1.000009878 
3.86838534e-08 
25.85007098 
0.9999802436 
    1 
2.441438867e-14 
5.468503487e-11 
-5.365687994e-11 
1.000009899 
3.787797111e-08 
26.4000501 
0.9999802015 
    1 
2.438772379e-14 
3.187541948e-11 
-3.128826325e-11 
1.00000992 
3.710498074e-08 
26.9500292 
0.9999801602 
    1 
2.441452257e-14 
1.857608263e-11 
-1.82407019e-11 
1.00000994 
3.636290884e-08 
27.50000828 
0.9999801198 
    1 
2.45007735e-14 
1.082347404e-11 
-1.063186838e-11 
1.00000996 
3.564993676e-08 
28.04998734 
0.9999800802 
    1 
2.462409868e-14 
6.305170739e-12 
-6.19568412e-12 
1.000009979 
3.49643857e-08 
28.59996637 
0.9999800414 
    1 
2.472857234e-14 
3.672381307e-12 
-3.609807423e-12 
1.000009998 
3.430470359e-08 
29.14994538 
0.9999800033 
    1 
2.481591186e-14 
2.138564605e-12 
-2.102796034e-12 
1.000010017 
3.366945332e-08 
29.69992437 
0.9999799659 
    1 
2.491297221e-14 
1.245155108e-12 
-1.224705561e-12 
1.000010036 
3.305730229e-08 
30.24990334 
0.9999799292 
    1 
2.501273133e-14 
7.24859177e-13 
-7.131658865e-13 
1.000010054 
3.246701307e-08 
30.7998823 
0.9999798932 
    1 
2.511283175e-14 
4.219057373e-13 
-4.152183223e-13 
1.000010071 
3.189743508e-08 
31.34986123 
0.9999798578 
    1 
2.520983606e-14 
2.455337453e-13 
-2.417086179e-13 
1.000010089 
3.134749709e-08 
31.89984014 
0.999979823 
    1 
2.530178292e-14 
1.428706954e-13 
-1.40682443e-13 
1.000010106 
3.081620048e-08 
32.44981903 
0.9999797888 
    1 
2.538789492e-14 
8.312151946e-14 
-8.186950134e-14 
1.000010123 
3.030261321e-08 
32.99979791 
0.9999797552 
    1 
2.546773388e-14 
4.835308194e-14 
-4.763663586e-14 
1.000010139 
2.980586436e-08 
33.54977677 
0.9999797222 
    1 
2.554071489e-14 
2.812400381e-14 
-2.77139752e-14 
1.000010155 
2.932513919e-08 
34.0997556 
0.9999796896 
    1 
2.560613523e-14 
1.635589346e-14 
-1.612120014e-14 
1.000010171 
2.885967468e-08 
34.64973442 
0.9999796576 
    1 
2.566362686e-14 
9.510805175e-15 
-9.376454008e-15 
1.000010187 
2.840875552e-08 
35.19971323 
0.9999796261 
    1 
2.571331118e-14 
5.529780016e-15 
-5.452860835e-15 
1.000010203 
2.79717104e-08 
35.74969201 
0.9999795951 
    1 
2.57544456e-14 
3.214752732e-15 
-3.170709543e-15 
1.000010218 
2.75479087e-08 
36.29967078 
0.9999795646 
    1 
2.578341781e-14 
1.868693027e-15 
-1.843471451e-15 
1.000010233 
2.713675745e-08 
36.84964953 
0.9999795345 
    1 
2.57927435e-14 
1.08612668e-15 
-1.071681811e-15 
1.000010248 
2.673769856e-08 
37.39962827 
0.9999795049 
    1 
2.57698416e-14 
6.312138453e-16 
-6.229401121e-16 
1.000010262 
2.635020628e-08 
37.94960699 
0.9999794757 
    1 
2.571860339e-14 
3.667983714e-16 
-3.620588487e-16 
1.000010277 
2.597378491e-08 
38.49958569 
0.9999794469 
    1 
2.566840573e-14 
2.131250038e-16 
-2.104097427e-16 
1.000010291 
2.560796668e-08 
39.04956438 
0.9999794186 
    1 
2.561572418e-14 
1.238222679e-16 
-1.222665484e-16 
1.000010305 
2.525230981e-08 
39.59954306 
0.9999793906 
    1 
2.556262345e-14 
7.193191462e-17 
-7.104047388e-17 
1.000010319 
2.490639672e-08 
40.14952171 
0.999979363 
    1 
2.551103927e-14 
4.178343359e-17 
-4.127258281e-17 
1.000010332 
2.45698324e-08 
40.69950036 
0.9999793358 
    1 
2.546525769e-14 
2.426874673e-17 
-2.397597108e-17 
1.000010346 
2.42422429e-08 
41.24947898 
0.999979309 
    1 
2.543086472e-14 
1.40945861e-17 
-1.392677754e-17 
1.000010359 
2.392327397e-08 
41.7994576 
0.9999792825 
    1 
2.541430884e-14 
8.185025832e-18 
-8.088835696e-18 
1.000010372 
2.361258974e-08 
42.34943619 
0.9999792563 
    1 
2.542506092e-14 
4.75282133e-18 
-4.697679232e-18 
1.000010385 
2.330987159e-08 
42.89941478 
0.9999792305 
    1 
2.54785548e-14 
2.759608982e-18 
-2.727995567e-18 
1.000010398 
2.301481701e-08 
43.44939335 
0.999979205 
    1 
2.557508782e-14 
1.602171953e-18 
-1.584046283e-18 
1.00001041 
2.272713862e-08 
43.9993719 
0.9999791799 
    1 
2.569105819e-14 
9.301158953e-19 
-9.197226698e-19 
1.000010423 
2.244656324e-08 
44.54935045 
0.999979155 
    1 
2.583776239e-14 
5.399234577e-19 
-5.339635513e-19 
1.000010435 
2.2172831e-08 
45.09932898 
0.9999791305 
    1 
2.602313001e-14 
3.133973405e-19 
-3.099794317e-19 
1.000010447 
2.190569458e-08 
45.64930749 
0.9999791063 
    1 
2.625766363e-14 
1.818976801e-19 
-1.799374254e-19 
1.000010459 
2.16449184e-08 
46.19928599 
0.9999790823 
    1 
2.655247713e-14 
1.055670755e-19 
-1.044427444e-19 
1.000010471 
2.1390278e-08 
46.74926448 
0.9999790586 
    1 
2.689684788e-14 
6.126324549e-20 
-6.061832939e-20 
1.000010483 
2.114155935e-08 
47.29924296 
0.9999790353 
    1 
2.725304215e-14 
3.555022465e-20 
-3.518028266e-20 
1.000010494 
2.089855824e-08 
47.84922142 
0.9999790121 
    1 
2.762425553e-14 
2.062795245e-20 
-2.04157409e-20 
1.000010506 
2.066107976e-08 
48.39919987 
0.9999789893 
    1 
2.801116834e-14 
1.196855498e-20 
-1.184683529e-20 
1.000010517 
2.042893777e-08 
48.94917831 
0.9999789667 
    1 
2.840952523e-14 
6.943829451e-21 
-6.874044326e-21 
1.000010528 
2.020195439e-08 
49.49915674 
0.9999789443 
    1 
2.880977111e-14 
4.02834398e-21 
-3.988392667e-21 
1.000010539 
1.997995955e-08 
50.04913515 
0.9999789222 
    1 
2.919853256e-14 
2.336782769e-21 
-2.31401569e-21 
1.00001055 
1.976279058e-08 
50.59911355 
0.9999789004 
    1 
2.956047842e-14 
1.355362803e-21 
-1.342572948e-21 
1.000010561 
1.955029182e-08 
51.14909194 
0.9999788788 
    1 
2.987829633e-14 
7.859236742e-22 
-7.790632439e-22 
1.000010571 
1.934231422e-08 
51.69907032 
0.9999788574 
    1 
3.013054599e-14 
4.554258633e-22 
-4.523240927e-22 
1.000010582 
1.913871501e-08 
52.24904868 
0.9999788362 
    1 
3.03127319e-14 
2.634139164e-22 
-2.630895438e-22 
1.000010593 
1.893935737e-08 
52.79902704 
0.9999788153 
    1 
3.044207099e-14 
1.51508864e-22 
-1.538592696e-22 
1.000010603 
1.874411012e-08 
53.34900538 
0.9999787945 
    1 
3.048874133e-14 
8.567354625e-23 
-9.144193692e-23 
1.000010613 
1.855284743e-08 
53.89898371 
0.999978774 
    1 
3.044223653e-14 
4.586817709e-23 
-5.687821244e-23 
1.000010623 
1.836544856e-08 
54.44896203 
0.9999787537 
    1 
3.031855095e-14 
1.995505257e-23 
-3.968686601e-23 
