0.0337947341 
-0.000611844281 
0.994801573 
-0.01714214789 
0.5270002289 
0.875019767 
0.3330176121 
0.5634413362 
0.9129349191 
-0.2961008622 
0.9839517732 
-0.01981836507 
0.9409643686 
0.6283814268 
0.6043253051 
0.415035149 
0.7086512721 
-0.4125201542 
0.9747720191 
-0.0129404857 
1.22973126 
0.4384832804 
0.7879272106 
0.2566805874 
0.4894588812 
-0.3665804283 
0.9696428969 
-0.006174990434 
1.441042715 
0.3431359381 
0.8944731262 
0.1392303334 
0.3151969646 
-0.2652660169 
0.96739991 
-0.002453775063 
1.617599958 
0.3051203825 
0.949919384 
0.06935933098 
0.195537335 
-0.1738862752 
0.9665514804 
-0.0008769526425 
1.781045574 
0.2916028053 
0.9768777105 
0.03287405075 
0.1190084573 
-0.1087516095 
0.9662568805 
-0.000293926735 
1.939941489 
0.2870312158 
0.9894848852 
0.01515881875 
0.07170605682 
-0.06648852313 
0.9661601412 
-9.371044316e-05 
2.09731294 
0.2855133589 
0.9952565813 
0.006887577198 
0.04295718141 
-0.04018089085 
0.9661300755 
-2.774956386e-05 
2.254179476 
0.2850114642 
0.9978690615 
0.003105176983 
0.0256400162 
-0.02412483218 
0.966121726 
-6.579884131e-06 
2.410878933 
0.2848450187 
0.9990445638 
0.001394376551 
0.01526363055 
-0.01442529822 
0.9661202807 
5.095810062e-08 
2.567522799 
0.2847892808 
0.9995719271 
0.0006249769219 
0.00906781526 
-0.008600478223 
0.9661209663 
2.038531097e-06 
2.724147896 
0.2847701594 
0.9998082114 
0.000279933409 
0.005377777257 
-0.005116118458 
0.966122266 
2.561751139e-06 
2.880766421 
0.2847631939 
0.9999140413 
0.0001253855835 
0.003184630991 
-0.00303772651 
0.9661237046 
2.631409393e-06 
3.03738243 
0.2847602903 
0.9999614507 
5.618386373e-05 
0.001883414125 
-0.001800778303 
0.966125137 
2.566580753e-06 
3.193997288 
0.2847587638 
0.9999826998 
2.519077754e-05 
0.001112554815 
-0.001066002676 
0.9661265218 
2.467057637e-06 
3.350611461 
0.284757721 
0.99999223 
1.130284495e-05 
0.0006564990677 
-0.0006302426604 
0.96612785 
2.363408375e-06 
3.507225119 
0.2847568628 
0.9999965075 
5.075434261e-06 
0.0003870123398 
-0.0003721877325 
0.9661291224 
2.264461274e-06 
3.66383833 
0.2847560878 
0.999998429 
2.280889102e-06 
0.0002279443621 
-0.000219566503 
0.9661303422 
2.172296244e-06 
3.820451129 
0.2847553604 
0.9999992928 
1.025833206e-06 
0.0001341458213 
-0.0001294072571 
0.9661315131 
2.086964081e-06 
3.977063537 
0.2847546674 
0.9999996814 
4.617224451e-07 
7.888545934e-05 
-7.620324456e-05 
0.9661326389 
2.007961486e-06 
4.133675573 
0.2847540029 
0.9999998564 
2.079713358e-07 
4.635669797e-05 
-4.483738429e-05 
0.9661337229 
1.934683061e-06 
4.29028725 
0.2847533636 
0.9999999352 
9.374089908e-08 
2.722358788e-05 
-2.636242374e-05 
0.966134768 
1.866552218e-06 
4.446898582 
0.2847527474 
0.9999999708 
4.228069467e-08 
1.597772497e-05 
-1.54893098e-05 
0.9661357769 
1.803052656e-06 
4.603509581 
0.2847521527 
0.9999999868 
1.908212478e-08 
9.372138074e-06 
-9.094972483e-06 
0.9661367521 
1.743730163e-06 
4.760120259 
0.2847515779 
0.999999994 
8.617229263e-09 
5.494552631e-06 
-5.337183154e-06 
0.9661376957 
1.688186512e-06 
4.916730625 
0.2847510216 
0.9999999973 
3.893590107e-09 
3.219661499e-06 
-3.130265459e-06 
0.9661386097 
1.636072041e-06 
5.073340691 
0.2847504829 
0.9999999988 
1.760194353e-09 
1.885755178e-06 
-1.834948647e-06 
0.9661394959 
1.587078774e-06 
5.229950464 
0.2847499605 
0.9999999994 
7.961334755e-10 
1.104001037e-06 
-1.075113378e-06 
0.966140356 
1.540934492e-06 
5.386559955 
0.2847494535 
0.9999999997 
3.602581512e-10 
6.460610815e-07 
-6.296292574e-07 
0.9661411914 
1.497397718e-06 
5.543169171 
0.2847489611 
0.9999999999 
1.630923575e-10 
3.779266815e-07 
-3.685762893e-07 
0.9661420035 
1.45625351e-06 
5.69977812 
0.2847484823 
0.9999999999 
7.386455188e-11 
2.209940338e-07 
-2.156712932e-07 
0.9661427936 
1.417309918e-06 
5.856386809 
0.2847480166 
    1 
3.346627215e-11 
1.291816993e-07 
-1.261506449e-07 
0.9661435629 
1.380394988e-06 
6.012995245 
0.2847475632 
    1 
1.516835456e-11 
7.54877826e-08 
-7.37611605e-08 
0.9661443124 
1.345354227e-06 
6.169603435 
0.2847471214 
    1 
6.877444628e-12 
4.409758199e-08 
-4.311370963e-08 
0.9661450431 
1.31204844e-06 
6.326211386 
0.2847466907 
    1 
3.119245377e-12 
2.575265405e-08 
-2.519184965e-08 
0.9661457559 
1.280351885e-06 
6.482819102 
0.2847462705 
    1 
1.415157488e-12 
1.503503776e-08 
-1.471528888e-08 
0.9661464517 
1.250150682e-06 
6.63942659 
0.2847458603 
    1 
6.422121751e-13 
8.775424528e-09 
-8.593066108e-09 
0.9661471313 
1.22134145e-06 
6.796033855 
0.2847454598 
    1 
2.916742683e-13 
5.120568859e-09 
-5.01653939e-09 
0.9661477954 
1.193830122e-06 
6.952640903 
0.2847450683 
    1 
1.32805907e-13 
2.987168846e-09 
-2.927808604e-09 
0.9661484447 
1.167530921e-06 
7.109247737 
0.2847446856 
    1 
6.100524795e-14 
1.742198011e-09 
-1.708318357e-09 
0.9661490799 
1.142365465e-06 
7.265854364 
0.2847443112 
    1 
2.874801039e-14 
1.015864621e-09 
-9.965234894e-10 
0.9661497015 
1.118261989e-06 
7.422460786 
0.2847439448 
    1 
2.086804273e-14 
5.922142608e-10 
-5.811704173e-10 
0.9661503101 
1.095154657e-06 
7.579067009 
0.284743586 
    1 
2.083381532e-14 
3.451679501e-10 
-3.388605528e-10 
0.9661509063 
1.072982967e-06 
7.735673037 
0.2847432346 
    1 
2.102677646e-14 
2.011380721e-10 
-1.975350406e-10 
0.9661514905 
1.051691219e-06 
7.892278874 
0.2847428903 
    1 
2.124067772e-14 
1.171854652e-10 
-1.151268725e-10 
0.9661520633 
1.031228047e-06 
8.048884523 
0.2847425526 
    1 
2.140273021e-14 
6.826091265e-11 
-6.708451529e-11 
0.966152625 
1.011546008e-06 
8.205489988 
0.2847422216 
    1 
2.148530204e-14 
3.975505492e-11 
-3.908267328e-11 
0.9661531761 
9.926012128e-07 
8.362095273 
0.2847418967 
    1 
2.150281601e-14 
2.314927692e-11 
-2.276490385e-11 
0.966153717 
9.743529989e-07 
8.518700381 
0.2847415779 
    1 
2.146322317e-14 
1.347752144e-11 
-1.325775436e-11 
0.966154248 
9.567636411e-07 
8.675305315 
0.2847412649 
    1 
2.140975295e-14 
7.84535752e-12 
-7.719684427e-12 
0.9661547695 
9.397980897e-07 
8.831910078 
0.2847409575 
    1 
2.13481275e-14 
4.566127116e-12 
-4.494250187e-12 
0.9661552819 
9.234237379e-07 
8.988514674 
0.2847406555 
    1 
2.128428015e-14 
2.657162548e-12 
-2.616047392e-12 
0.9661557854 
9.076102123e-07 
9.145119106 
0.2847403587 
    1 
2.122352733e-14 
1.546056333e-12 
-1.522534163e-12 
0.9661562803 
8.923291853e-07 
9.301723375 
0.284740067 
    1 
2.117014002e-14 
8.994388908e-13 
-8.859798615e-13 
0.966156767 
8.775542053e-07 
9.458327485 
0.2847397801 
    1 
2.112710168e-14 
5.231896625e-13 
-5.154875648e-13 
0.9661572457 
8.632605443e-07 
9.614931439 
0.284739498 
    1 
2.109607994e-14 
3.042914029e-13 
-2.998832025e-13 
0.9661577167 
8.494250594e-07 
9.771535239 
0.2847392204 
    1 
2.107758463e-14 
1.769559006e-13 
-1.744326006e-13 
0.9661581801 
8.360260683e-07 
9.928138888 
0.2847389472 
    1 
2.107122529e-14 
1.028932703e-13 
-1.014487291e-13 
0.9661586363 
8.230432352e-07 
10.08474239 
0.2847386783 
    1 
2.107598503e-14 
5.982147086e-14 
-5.89943998e-14 
0.9661590855 
8.104574684e-07 
10.24134574 
0.2847384135 
    1 
2.109047472e-14 
3.477578663e-14 
-3.430219281e-14 
0.9661595279 
7.982508265e-07 
10.39794895 
0.2847381528 
    1 
2.111315445e-14 
2.021380592e-14 
-1.994258823e-14 
0.9661599637 
7.864064327e-07 
10.55455201 
0.2847378959 
    1 
2.114250523e-14 
1.174821548e-14 
-1.15928776e-14 
0.966160393 
7.749083975e-07 
10.71115494 
0.2847376429 
    1 
2.117714695e-14 
6.827312238e-15 
-6.738334218e-15 
0.9661608161 
7.637417472e-07 
10.86775773 
0.2847373935 
    1 
2.12159187e-14 
3.967189859e-15 
-3.91621773e-15 
0.9661612332 
7.52892359e-07 
11.02436038 
0.2847371477 
    1 
2.12579424e-14 
2.305010017e-15 
-2.275807099e-15 
0.9661616443 
7.423469013e-07 
11.1809629 
0.2847369053 
    1 
2.130268402e-14 
1.339122978e-15 
-1.322390435e-15 
0.9661620498 
7.320927793e-07 
11.33756528 
0.2847366663 
    1 
2.135002304e-14 
7.77905913e-16 
-7.68317677e-16 
0.9661624497 
7.221180843e-07 
11.49416753 
0.2847364306 
    1 
2.140034768e-14 
4.518494462e-16 
-4.463546012e-16 
0.9661628441 
7.124115483e-07 
11.65076966 
0.2847361981 
    1 
2.1454716e-14 
2.624348875e-16 
-2.592856089e-16 
0.9661632333 
7.029625008e-07 
11.80737166 
0.2847359687 
    1 
2.151516426e-14 
1.524093235e-16 
-1.506042096e-16 
0.9661636174 
6.937608301e-07 
11.96397353 
0.2847357423 
    1 
2.158531501e-14 
8.85043536e-17 
-8.746960462e-17 
0.9661639965 
6.847969473e-07 
12.12057528 
0.2847355189 
    1 
2.167156036e-14 
5.13903776e-17 
-5.079717728e-17 
0.9661643707 
6.760617526e-07 
12.27717691 
0.2847352983 
    1 
2.178531549e-14 
2.983760532e-17 
-2.949750833e-17 
0.9661647402 
6.675466046e-07 
12.43377841 
0.2847350806 
    1 
2.192200333e-14 
1.732255608e-17 
-1.712755439e-17 
0.9661651051 
6.59243292e-07 
12.5903798 
0.2847348655 
    1 
2.205195e-14 
1.005603283e-17 
-9.944215969e-18 
0.9661654654 
6.51144007e-07 
12.74698107 
0.2847346531 
    1 
2.217836855e-14 
5.837258076e-18 
-5.773135828e-18 
0.9661658213 
6.432413209e-07 
12.90358223 
0.2847344433 
    1 
2.229855108e-14 
3.388124755e-18 
-3.351350667e-18 
0.966166173 
6.355281611e-07 
13.06018327 
0.2847342361 
    1 
2.241042514e-14 
1.966431991e-18 
-1.945340559e-18 
0.9661665204 
6.279977905e-07 
13.21678419 
0.2847340313 
    1 
2.251006682e-14 
1.141217006e-18 
-1.129119371e-18 
0.9661668638 
6.206437874e-07 
13.37338501 
0.2847338289 
    1 
2.258884585e-14 
6.622592083e-19 
-6.553197682e-19 
0.9661672032 
6.134600274e-07 
13.52998571 
0.2847336289 
    1 
2.265288392e-14 
3.842898559e-19 
-3.803089929e-19 
0.9661675386 
6.064406667e-07 
13.6865863 
0.2847334311 
    1 
2.272914404e-14 
2.229778036e-19 
-2.206940031e-19 
0.9661678703 
5.995801256e-07 
13.84318679 
0.2847332357 
    1 
2.280794666e-14 
1.293709522e-19 
-1.280606654e-19 
0.9661681982 
5.928730742e-07 
13.99978717 
0.2847330424 
    1 
2.288979924e-14 
7.505592014e-20 
-7.430412298e-20 
0.9661685224 
5.863144185e-07 
14.15638744 
0.2847328513 
    1 
2.297530838e-14 
4.354183739e-20 
-4.311045871e-20 
0.9661688431 
5.798992874e-07 
14.31298761 
0.2847326623 
    1 
2.306141169e-14 
2.52582184e-20 
-2.501068473e-20 
0.9661691604 
5.736230207e-07 
14.46958768 
0.2847324753 
    1 
2.314586114e-14 
1.4651204e-20 
-1.450916414e-20 
0.9661694741 
5.674811578e-07 
14.62618764 
0.2847322903 
    1 
2.322837786e-14 
8.498041601e-21 
-8.416545797e-21 
0.9661697846 
5.61469427e-07 
14.7827875 
0.2847321074 
    1 
2.330935334e-14 
4.928776543e-21 
-4.882040209e-21 
0.9661700918 
5.55583736e-07 
14.93938726 
0.2847319263 
    1 
2.338785348e-14 
2.858462472e-21 
-2.831701699e-21 
0.9661703957 
5.498201621e-07 
15.09598693 
0.2847317471 
    1 
2.346123119e-14 
1.657650516e-21 
-1.642401905e-21 
0.9661706966 
5.441749436e-07 
15.25258649 
0.2847315698 
    1 
2.35257989e-14 
9.611731038e-22 
-9.526150672e-22 
0.9661709943 
5.386444721e-07 
15.40918596 
0.2847313943 
    1 
2.357726292e-14 
5.571863584e-22 
-5.526133848e-22 
0.9661712891 
5.33225284e-07 
15.56578533 
0.2847312206 
    1 
2.361073189e-14 
3.227857844e-22 
-3.207524602e-22 
0.9661715809 
5.27914054e-07 
15.72238461 
0.2847310486 
    1 
2.36203063e-14 
1.8664419e-22 
-1.865079402e-22 
0.9661718698 
5.227075879e-07 
15.87898379 
0.2847308783 
    1 
2.359827641e-14 
1.073235833e-22 
-1.090413404e-22 
0.9661721559 
5.176028162e-07 
16.03558288 
0.2847307097 
    1 
2.353393627e-14 
6.067186651e-23 
-6.478624175e-23 
0.9661724392 
5.125967882e-07 
16.19218188 
0.2847305427 
    1 
2.341191089e-14 
3.247412419e-23 
-4.028457271e-23 
0.9661727198 
5.076866663e-07 
16.34878078 
0.2847303774 
    1 
2.323522946e-14 
1.41242611e-23 
-2.809716188e-23 
