0.4573162683 
-0.0006165835697 
1.000006008 
1.996080147e-06 
0.5009808225 
0.9999939917 
0.3708252965 
0.67012911 
0.9271157532 
-0.2740466911 
1.0000067 
9.990378394e-07 
1.000960959 
0.9999932996 
0.6513202369 
0.4466736968 
0.7523738888 
-0.3958999796 
1.000007106 
6.662473637e-07 
1.500940834 
0.9999928945 
0.8226549997 
0.250087921 
0.5552301561 
-0.3759285348 
1.000007393 
4.997689084e-07 
2.000920539 
0.999992607 
0.9139718346 
0.1269276182 
0.3861619783 
-0.2964012639 
1.000007616 
3.998551827e-07 
2.500900119 
0.9999923839 
0.9591943853 
0.06136171607 
0.2592858866 
-0.212945145 
1.000007798 
3.332349204e-07 
3.000879597 
0.9999922017 
0.9808163807 
0.02903026936 
0.1704420452 
-0.1456318532 
1.000007952 
2.856435738e-07 
3.500858992 
0.9999920476 
0.9910016287 
0.01362268455 
0.1105416782 
-0.09686132596 
1.000008086 
2.499470848e-07 
4.000838315 
0.9999919141 
0.9957757359 
0.006381108318 
0.07104020832 
-0.06333880449 
1.000008204 
2.22181383e-07 
4.500817575 
0.9999917963 
0.99801273 
0.002992249803 
0.04535272639 
-0.04095661821 
1.000008309 
1.999677087e-07 
5.00079678 
0.999991691 
0.9990626926 
0.001406333145 
0.02880693038 
-0.02627412807 
1.000008404 
1.817921482e-07 
5.500775935 
0.9999915957 
0.99955674 
0.0006627437564 
0.01822331552 
-0.01675466023 
1.000008491 
1.666453415e-07 
6.000755044 
0.9999915087 
0.9997898432 
0.0003131776678 
0.01148955595 
-0.01063399062 
1.000008571 
1.538284533e-07 
6.500734112 
0.9999914287 
0.9999001235 
0.000148379649 
0.007223557328 
-0.006723386065 
1.000008645 
1.428422867e-07 
7.000713141 
0.9999913546 
0.9999524297 
7.047237999e-05 
0.004530481548 
-0.004237254321 
1.000008714 
1.333207464e-07 
7.500692134 
0.9999912856 
0.9999772972 
3.354586355e-05 
0.00283543585 
-0.002663130662 
1.000008779 
1.249892493e-07 
8.000671094 
0.9999912211 
0.9999891454 
1.600109926e-05 
0.001771283995 
-0.001669834418 
1.00000884 
1.176378125e-07 
8.500650023 
0.9999911604 
0.9999948016 
7.646661682e-06 
0.0011046907 
-0.001044856808 
1.000008897 
1.111031109e-07 
9.000628922 
0.9999911033 
0.9999975066 
3.660430367e-06 
0.0006879448085 
-0.0006526019673 
1.000008951 
1.052562e-07 
9.500607794 
0.9999910492 
0.9999988024 
1.754949353e-06 
0.0004278499043 
-0.000406945303 
1.000009002 
9.999392134e-08 
10.00058664 
0.9999909979 
0.9999994241 
8.425774824e-07 
0.0002657720953 
-0.0002533924063 
1.000009051 
9.523276415e-08 
10.50056546 
0.9999909492 
0.9999997227 
4.050557707e-07 
0.0001649130261 
-0.0001575737149 
1.000009097 
9.090439987e-08 
11.00054426 
0.9999909026 
0.9999998664 
1.949539596e-07 
0.0001022279049 
-9.787242538e-05 
1.000009142 
8.695238219e-08 
11.50052303 
0.9999908582 
0.9999999355 
9.393321155e-08 
6.331242658e-05 
-6.0725317e-05 
1.000009184 
8.332967171e-08 
12.00050178 
0.9999908156 
0.9999999689 
4.530418091e-08 
3.917826329e-05 
-3.764025203e-05 
1.000009225 
7.999675475e-08 
12.50048051 
0.9999907748 
0.999999985 
2.187033866e-08 
2.422513289e-05 
-2.331008974e-05 
1.000009264 
7.692019617e-08 
13.00045922 
0.9999907356 
0.9999999927 
1.056672657e-08 
1.496845013e-05 
-1.442365181e-05 
1.000009302 
7.407151383e-08 
13.50043791 
0.9999906979 
0.9999999965 
5.109353199e-09 
9.242711831e-06 
-8.918133465e-06 
1.000009339 
7.142629417e-08 
14.00041659 
0.9999906615 
0.9999999983 
2.472335289e-09 
5.703662587e-06 
-5.51016619e-06 
1.000009374 
6.896349079e-08 
14.50039524 
0.9999906264 
0.9999999992 
1.197133801e-09 
3.517693517e-06 
-3.402274439e-06 
1.000009408 
6.666486327e-08 
15.00037388 
0.9999905925 
0.9999999996 
5.800320128e-10 
2.168343656e-06 
-2.09945981e-06 
1.00000944 
6.451452466e-08 
15.5003525 
0.9999905597 
0.9999999998 
2.812011363e-10 
1.335915024e-06 
-1.294783248e-06 
1.000009472 
6.249857375e-08 
16.00033111 
0.999990528 
0.9999999999 
1.364021981e-10 
8.226658791e-07 
-7.980936582e-07 
1.000009503 
6.060479422e-08 
16.5003097 
0.9999904972 
    1 
6.619896431e-11 
5.063772804e-07 
-4.916911974e-07 
1.000009533 
5.882240687e-08 
17.00028827 
0.9999904674 
    1 
3.214339201e-11 
3.115603033e-07 
-3.027791614e-07 
1.000009562 
5.714186437e-08 
17.50026683 
0.9999904384 
    1 
1.561434857e-11 
1.916184743e-07 
-1.863659361e-07 
1.00000959 
5.55546801e-08 
18.00024538 
0.9999904102 
    1 
7.588342851e-12 
1.178065235e-07 
-1.146634738e-07 
1.000009617 
5.40532849e-08 
18.50022391 
0.9999903828 
    1 
3.68942098e-12 
7.240134138e-08 
-7.051990993e-08 
1.000009644 
5.26309063e-08 
19.00020243 
0.9999903561 
    1 
1.79449998e-12 
4.448126611e-08 
-4.335465843e-08 
1.00000967 
5.128146642e-08 
19.50018093 
0.9999903302 
    1 
8.731803257e-13 
2.731921852e-08 
-2.66443848e-08 
1.000009695 
4.999949513e-08 
20.00015943 
0.9999903049 
    1 
4.250397153e-13 
1.67736206e-08 
-1.636927407e-08 
1.00000972 
4.878005594e-08 
20.50013791 
0.9999902802 
    1 
2.070343863e-13 
1.029577619e-08 
-1.005342946e-08 
1.000009744 
4.761868249e-08 
21.00011637 
0.9999902561 
    1 
1.011766275e-13 
6.317874332e-09 
-6.172582558e-09 
1.000009768 
4.651132387e-08 
21.50009483 
0.9999902325 
    1 
4.991906881e-14 
3.875858912e-09 
-3.788730582e-09 
1.000009791 
4.545429742e-08 
22.00007327 
0.9999902096 
    1 
2.579008631e-14 
2.377141988e-09 
-2.324879997e-09 
1.000009813 
4.444424781e-08 
22.50005171 
0.9999901871 
    1 
1.747005244e-14 
1.457596172e-09 
-1.42624075e-09 
1.000009835 
4.347811147e-08 
23.00003013 
0.9999901651 
    1 
1.074882477e-14 
8.935495297e-10 
-8.747335865e-10 
1.000009856 
4.255308555e-08 
23.50000854 
0.9999901436 
    1 
5.175893858e-15 
5.476502676e-10 
-5.363575958e-10 
1.000009878 
4.166660075e-08 
23.99998694 
0.9999901225 
    1 
8.79872974e-16 
3.355787915e-10 
-3.28801575e-10 
1.000009898 
4.081629751e-08 
24.49996533 
0.9999901019 
    1 
-2.061973578e-15 
2.055862716e-10 
-2.01520965e-10 
1.000009918 
4.000000502e-08 
24.99994371 
0.9999900817 
    1 
-3.703829405e-15 
1.259217174e-10 
-1.23487371e-10 
1.000009938 
3.921572273e-08 
25.49992208 
0.9999900619 
    1 
-4.312748157e-15 
7.710878745e-11 
-7.565863782e-11 
1.000009958 
3.846160397e-08 
25.99990044 
0.9999900425 
    1 
-4.233518165e-15 
4.720306466e-11 
-4.635212979e-11 
1.000009977 
3.773594143e-08 
26.49987879 
0.9999900235 
    1 
-3.764132545e-15 
2.888036008e-11 
-2.840290333e-11 
1.000009995 
3.703715427e-08 
26.99985713 
0.9999900048 
    1 
-3.139760451e-15 
1.764946594e-11 
-1.741891687e-11 
1.000010014 
3.636377662e-08 
27.49983546 
0.9999899864 
    1 
-2.50233283e-15 
1.075511769e-11 
-1.071039969e-11 
1.000010032 
3.57144473e-08 
27.99981378 
0.9999899684 
    1 
-1.907990557e-15 
6.504303474e-12 
-6.633574105e-12 
1.000010049 
3.508790066e-08 
28.49979209 
0.9999899507 
    1 
-1.416977083e-15 
3.851845298e-12 
-4.189297647e-12 
1.000010067 
3.448295832e-08 
28.9997704 
0.9999899333 
    1 
-1.059882226e-15 
2.144189968e-12 
-2.779034311e-12 
1.000010084 
3.389852179e-08 
29.49974869 
0.9999899162 
    1 
-8.296663589e-16 
9.588262453e-13 
-2.058795114e-12 
