0.2081775106 
-0.0006052525391 
0.992331218 
-0.0279887249 
0.4880424128 
0.92596046 
0.3269790232 
0.6092530996 
0.9281563596 
-0.2712153624 
0.9759057198 
-0.03385625054 
0.9151445986 
0.7818450651 
0.5944210587 
0.4519346095 
0.753810361 
-0.3977776669 
0.9610586971 
-0.02440213938 
1.276432343 
0.6734366878 
0.7772715163 
0.2836637135 
0.5547274724 
-0.3809234402 
0.9515820537 
-0.01406588783 
1.598063904 
0.6207726387 
0.8854141277 
0.1576981685 
0.3834008964 
-0.2999428311 
0.9462817193 
-0.007815518985 
1.902593733 
0.6008782081 
0.9433331788 
0.08128266928 
0.2554181213 
-0.213889488 
0.9432296927 
-0.004782153071 
2.201122813 
0.5945608134 
0.9725697819 
0.04016790386 
0.1665771063 
-0.1448709163 
0.9412299801 
-0.003393240302 
2.497901999 
0.5930213022 
0.9868622295 
0.01942346533 
0.1072595369 
-0.09543240263 
0.9397201308 
-0.002719905629 
2.794371715 
0.5930295584 
0.9937370927 
0.009294435667 
0.06850055239 
-0.06186713383 
0.9384617857 
-0.002344585673 
3.09098587 
0.5935034942 
0.9970191169 
0.004427331236 
0.04349868746 
-0.03970894482 
0.9373546128 
-0.002098422733 
3.387873655 
0.5940936944 
0.9985811865 
0.002105795881 
0.02750482713 
-0.02531467896 
0.9363531912 
-0.001914887959 
3.685060454 
0.5946902812 
0.9993241233 
0.001001678962 
0.01733321674 
-0.01605824683 
0.9354339457 
-0.001766858952 
3.982539672 
0.5952609336 
0.9996776417 
0.0004768942725 
0.01089290305 
-0.01014710258 
0.9345825243 
-0.001642209209 
4.280295962 
0.5957983081 
0.9998460394 
0.0002273323042 
0.006829434604 
-0.006391689145 
0.9337889461 
-0.001534707434 
4.578312642 
0.5963028727 
0.9999263627 
0.000108521144 
0.004273066762 
-0.004015476918 
0.9330456368 
-0.001440630814 
4.87657393 
0.5967772739 
0.9999647309 
5.1879883e-05 
0.002668800804 
-0.002516915326 
0.9323465487 
-0.00135746347 
5.175065498 
0.5972245131 
0.9999830849 
2.483731805e-05 
0.001664184832 
-0.001574475929 
0.9316867103 
-0.001283359754 
5.473774478 
0.5976473937 
0.9999918772 
1.190712034e-05 
0.001036259134 
-0.0009831971617 
0.9310619598 
-0.001216897294 
5.772689324 
0.598048389 
0.9999960947 
5.715751654e-06 
0.0006444330031 
-0.0006130074002 
0.9304687694 
-0.001156947084 
6.071799644 
0.5984296441 
0.9999981203 
2.747071468e-06 
0.00040029674 
-0.0003816639873 
0.9299041191 
-0.001102595817 
6.371096041 
0.5987930144 
0.9999990943 
1.321787438e-06 
0.0002483855615 
-0.0002373265684 
0.9293654027 
-0.001053094603 
6.670569987 
0.5991401095 
0.9999995632 
6.366699759e-07 
0.0001539749022 
-0.0001474049959 
0.9288503553 
-0.001007822801 
6.970213702 
0.5994723321 
0.9999997891 
3.069700135e-07 
9.536461197e-05 
-9.145824092e-05 
0.9283569956 
-0.0009662614243 
7.270020064 
0.5997909114 
0.9999998981 
1.48141312e-07 
5.901584374e-05 
-5.669134804e-05 
0.927883581 
-0.0009279730549 
7.569982527 
0.6000969301 
0.9999999507 
7.155287507e-08 
3.649395698e-05 
-3.510975716e-05 
0.9274285702 
-0.0008925863935 
7.870095057 
0.6003913469 
0.9999999762 
3.458779564e-08 
2.255112453e-05 
-2.172630212e-05 
0.9269905938 
-0.0008597842156 
8.17035207 
0.6006750145 
0.9999999885 
1.673169405e-08 
1.392617306e-05 
-1.343436787e-05 
0.9265684295 
-0.0008292938735 
8.470748385 
0.6009486948 
0.9999999944 
8.099468485e-09 
8.594704532e-06 
-8.301292283e-06 
0.9261609817 
-0.0008008797338 
8.771279183 
0.6012130713 
0.9999999973 
3.923312531e-09 
5.301308031e-06 
-5.126162438e-06 
0.9257672647 
-0.0007743371055 
9.071939969 
0.6014687596 
0.9999999987 
1.901564216e-09 
3.268163273e-06 
-3.163561036e-06 
0.9253863884 
-0.0007494873244 
9.372726539 
0.6017163158 
0.9999999994 
9.221771907e-10 
2.013758147e-06 
-1.951256728e-06 
0.9250175465 
-0.0007261737462 
9.673634956 
0.6019562445 
0.9999999997 
4.474536214e-10 
1.240242761e-06 
-1.202880469e-06 
0.924660006 
-0.0007042584572 
9.974661524 
0.6021890044 
0.9999999998 
2.172190202e-10 
7.635082851e-07 
-7.411643041e-07 
0.9243130988 
-0.0006836195573 
10.27580276 
0.602415014 
0.9999999999 
1.054998403e-10 
4.698284441e-07 
-4.564606231e-07 
0.9239762145 
-0.0006641489028 
10.5770554 
0.6026346562 
    1 
5.126220058e-11 
2.889969785e-07 
-2.809963479e-07 
0.9236487935 
-0.0006457502199 
10.87841633 
0.6028482821 
    1 
2.491900291e-11 
1.776989622e-07 
-1.729088842e-07 
0.9233303216 
-0.0006283375207 
11.17988263 
0.6030562144 
    1 
1.211823027e-11 
1.092251148e-07 
-1.063562659e-07 
0.9230203255 
-0.000611833766 
11.48145154 
0.6032587507 
    1 
5.895379616e-12 
6.711412807e-08 
-6.539538076e-08 
0.9227183683 
-0.0005961697313 
11.78312042 
0.6034561655 
    1 
2.869079297e-12 
4.122554789e-08 
-4.019552054e-08 
0.9224240461 
-0.0005812830408 
12.08488678 
0.6036487131 
    1 
1.396726204e-12 
2.53155086e-08 
-2.469804486e-08 
0.9221369845 
-0.0005671173417 
12.38674824 
0.6038366292 
    1 
6.802164819e-13 
1.554106715e-08 
-1.517081792e-08 
0.921856836 
-0.0005536215945 
12.68870255 
0.6040201326 
    1 
3.314767171e-13 
9.537944028e-09 
-9.315873307e-09 
0.9215832774 
-0.0005407494614 
12.99074754 
0.6041994272 
    1 
1.618121892e-13 
5.852128525e-09 
-5.718899897e-09 
0.9213160077 
-0.000528458778 
13.29288116 
0.6043747028 
    1 
7.941462337e-14 
3.589741183e-09 
-3.509793167e-09 
0.9210547458 
-0.0005167110932 
13.59510146 
0.6045461368 
    1 
3.97299087e-14 
2.201442385e-09 
-2.153456223e-09 
0.9207992292 
-0.0005054712703 
13.89740654 
0.604713895 
    1 
2.38580618e-14 
1.349742131e-09 
-1.320934003e-09 
0.9205492121 
-0.000494707137 
14.19979461 
0.6048781326 
    1 
2.035276975e-14 
8.273659376e-10 
-8.100681034e-10 
0.9203044642 
-0.0004843891797 
14.50226395 
0.6050389953 
    1 
1.771454657e-14 
5.07050802e-10 
-4.966631548e-10 
0.9200647693 
-0.0004744902746 
14.8048129 
0.6051966198 
    1 
1.531086466e-14 
3.106814404e-10 
-3.044438322e-10 
0.9198299241 
-0.0004649854505 
15.10743987 
0.6053511348 
    1 
1.309455374e-14 
1.903227803e-10 
-1.865791119e-10 
0.9195997375 
-0.0004558516799 
15.41014335 
0.6055026613 
    1 
1.106083788e-14 
1.165671443e-10 
-1.143242271e-10 
0.9193740293 
-0.0004470676933 
15.71292187 
0.6056513134 
    1 
9.214289738e-15 
7.137745129e-11 
-7.004068554e-11 
0.9191526297 
-0.0004386138146 
16.01577402 
0.6057971988 
    1 
7.561975693e-15 
4.36929731e-11 
-4.290823774e-11 
0.9189353781 
-0.0004304718152 
16.31869843 
0.6059404193 
    1 
6.105461312e-15 
2.673195111e-11 
-2.629151398e-11 
0.9187221231 
-0.0004226247828 
16.62169381 
0.6060810711 
    1 
4.854987897e-15 
1.633610508e-11 
-1.612346732e-11 
0.9185127209 
-0.0004150570051 
16.92475889 
0.6062192452 
    1 
3.810744627e-15 
9.954583306e-12 
-9.913562943e-12 
0.9183070358 
-0.0004077538652 
17.22789245 
0.606355028 
    1 
2.979031107e-15 
6.020070557e-12 
-6.139890392e-12 
0.9181049388 
-0.0004007017479 
17.53109332 
0.6064885013 
    1 
2.346119455e-15 
3.565038275e-12 
-3.877440197e-12 
0.9179063077 
-0.0003938879552 
17.83436036 
0.6066197429 
    1 
1.896033201e-15 
1.984516419e-12 
-2.572114832e-12 
0.9177110262 
-0.0003873006306 
18.13769248 
0.6067488266 
    1 
1.61905326e-15 
8.874189845e-13 
-1.905477582e-12 
