-0.03250659534 
-0.0005430553252 
0.9793273095 
-0.07801197246 
0.4819715301 
0.8902510926 
0.282274754 
0.5380026401 
0.9349649875 
-0.2476860882 
0.9292378914 
-0.114232303 
0.8707000426 
0.6593147251 
0.5280072009 
0.4370699393 
0.7723493268 
-0.3787277018 
0.8718157096 
-0.1109248622 
1.147827837 
0.463373637 
0.7148932744 
0.309618795 
0.5785216093 
-0.3788181459 
0.8206482941 
-0.0931671037 
1.349586658 
0.3578525822 
0.8397496843 
0.1942492822 
0.4053260167 
-0.3078558853 
0.778313274 
-0.07698572319 
1.516681332 
0.3183577163 
0.9146143364 
0.1110121139 
0.2726796841 
-0.2236829883 
0.7428135986 
-0.06577979979 
1.673191995 
0.3109927507 
0.9560993281 
0.05955234963 
0.179261888 
-0.153134864 
0.7119293365 
-0.05821779673 
1.829726826 
0.3163773983 
0.9779280239 
0.03070626749 
0.1163382737 
-0.1016154179 
0.6842584557 
-0.05271654268 
1.990292976 
0.3263255489 
0.9890532342 
0.01545922864 
0.07494039641 
-0.0663185381 
0.6590282268 
-0.0483489865 
2.156289434 
0.3378196079 
0.9946156366 
0.007672752371 
0.0480494953 
-0.04288374887 
0.6357982944 
-0.04466557045 
2.328180396 
0.3498082935 
0.9973649396 
0.003775578345 
0.03070949409 
-0.02757592148 
0.6142860952 
-0.04145363129 
2.506107325 
0.3619314207 
0.9987144005 
0.001848179695 
0.0195795619 
-0.01766669022 
0.5942858998 
-0.03860392499 
2.690101225 
0.3740657576 
0.999373955 
0.0009018038177 
0.01245855518 
-0.01128729776 
0.575634016 
-0.03605149923 
2.880155365 
0.3861694313 
0.9996954754 
0.0004391666574 
0.007913718991 
-0.007195586487 
0.5581935645 
-0.03375164213 
3.076250357 
0.3982288295 
0.9998519629 
0.0002136186779 
0.005019005015 
-0.004578479218 
0.5418471283 
-0.03167022548 
3.27836291 
0.4102402686 
0.9999280566 
0.0001038397543 
0.003178588125 
-0.002908335996 
0.5264926173 
-0.02977962876 
3.48646892 
0.422203557 
0.9999650396 
5.046016285e-05 
0.002010363584 
-0.00184459213 
0.5120405494 
-0.02805681035 
3.700544535 
0.434119701 
0.9999830102 
2.451834684e-05 
0.001269918283 
-0.001168257619 
0.4984120509 
-0.02648223788 
3.920566522 
0.4459900788 
0.9999917422 
1.191395169e-05 
0.0008012538811 
-0.000738926011 
0.4855372859 
-0.02503919657 
4.146512363 
0.4578161438 
0.9999959854 
5.790090449e-06 
0.000504994522 
-0.000466791912 
0.4733541779 
-0.02371328952 
4.378360258 
0.4695993195 
0.9999980478 
2.814540947e-06 
0.0003179446892 
-0.0002945355175 
0.4618073514 
-0.02249205268 
4.616089108 
0.4813409667 
0.9999990504 
1.368485133e-06 
0.0001999810561 
-0.0001856405412 
0.4508472445 
-0.0213646475 
4.859678474 
0.4930423742 
0.999999538 
6.655694183e-07 
0.0001256668036 
-0.0001168839911 
0.4404293615 
-0.02032161109 
5.109108544 
0.5047047606 
0.9999997751 
3.237970981e-07 
7.88981944e-05 
-7.352048338e-05 
0.4305136374 
-0.01935465082 
5.3643601 
0.5163292774 
0.9999998905 
1.575727187e-07 
4.949338866e-05 
-4.620137909e-05 
0.4210638971 
-0.01845647407 
5.625414481 
0.527917014 
0.9999999467 
7.670389786e-08 
3.1022617e-05 
-2.90078301e-05 
0.4120473915 
-0.01762064641 
5.892253559 
0.5394690024 
0.999999974 
3.734912713e-08 
1.943019008e-05 
-1.819735233e-05 
0.4034343995 
-0.0168414727 
6.164859707 
0.550986221 
0.9999999873 
1.81914518e-08 
1.216068928e-05 
-1.140647346e-05 
0.3951978838 
-0.01611389718 
6.443215774 
0.5624695989 
0.9999999938 
8.86287767e-09 
7.605644022e-06 
-7.144324191e-06 
0.3873131929 
-0.0154334188 
6.727305064 
0.5739200195 
0.999999997 
4.319155747e-09 
4.753611328e-06 
-4.47149449e-06 
0.3797578022 
-0.0147960196 
7.017111311 
0.5853383234 
0.9999999985 
2.105405514e-09 
2.969159878e-06 
-2.796663617e-06 
0.3725110883 
-0.01419810349 
7.312618658 
0.5967253116 
0.9999999993 
1.02655304e-09 
1.853434871e-06 
-1.747982256e-06 
0.3655541312 
-0.01363644406 
7.61381164 
0.6080817484 
0.9999999997 
5.006473453e-10 
1.156287393e-06 
-1.091831149e-06 
0.3588695413 
-0.01310813968 
7.920675167 
0.6194083632 
0.9999999998 
2.442210044e-10 
7.209567203e-07 
-6.815649571e-07 
0.3524413067 
-0.01261057497 
8.233194503 
0.6307058536 
0.9999999999 
1.19160057e-10 
4.49280084e-07 
-4.252097961e-07 
0.3462546586 
-0.01214138735 
8.551355254 
0.6419748867 
    1 
5.815310967e-11 
2.798329037e-07 
-2.651268862e-07 
0.3402959523 
-0.01169843825 
8.875143354 
0.6532161013 
    1 
2.838592219e-11 
1.7420579e-07 
-1.652222159e-07 
0.3345525616 
-0.01127978797 
9.204545047 
0.6644301097 
    1 
1.385837753e-11 
1.083968511e-07 
-1.02909715e-07 
0.3290127853 
-0.0108836738 
9.53954688 
0.6756174993 
    1 
6.767042825e-12 
6.74168816e-08 
-6.406578532e-08 
0.323665763 
-0.01050849096 
9.880135684 
0.6867788338 
    1 
3.305169457e-12 
4.191078504e-08 
-3.986445979e-08 
0.3185014008 
-0.01015277578 
10.22629857 
0.6979146549 
    1 
1.614571937e-12 
2.604323446e-08 
-2.47938075e-08 
0.3135103046 
-0.009815191115 
10.57802291 
0.7090254833 
    1 
7.888248777e-13 
1.617642422e-08 
-1.541364774e-08 
0.3086837197 
-0.009494513297 
10.93529634 
0.72011182 
    1 
3.855341651e-13 
1.004372417e-08 
-9.578099975e-09 
0.3040134775 
-0.009189620793 
11.29810672 
0.7311741475 
    1 
1.88646376e-13 
6.23357974e-09 
-5.949377814e-09 
0.2994919465 
-0.008899484076 
11.66644219 
0.7422129304 
    1 
9.264259038e-14 
3.867375198e-09 
-3.693925845e-09 
0.295111989 
-0.008623156692 
12.04029107 
0.7532286166 
    1 
4.610030195e-14 
2.398481678e-09 
-2.292636172e-09 
0.2908669214 
-0.008359767307 
12.41964192 
0.7642216385 
    1 
2.457757053e-14 
1.486971916e-09 
-1.422388162e-09 
0.2867504783 
-0.008108512639 
12.80448352 
0.7751924131 
    1 
2.143740238e-14 
9.215522265e-10 
-8.821505616e-10 
0.2827567805 
-0.007868651158 
13.19480485 
0.7861413432 
    1 
1.997468743e-14 
5.709418593e-10 
-5.46908504e-10 
0.2788803051 
-0.007639497449 
13.59059509 
0.7970688181 
    1 
1.843458727e-14 
3.536072237e-10 
-3.389540282e-10 
0.2751158591 
-0.007420417175 
13.99184359 
0.8079752143 
    1 
1.694561885e-14 
2.189308355e-10 
-2.10005675e-10 
0.2714585547 
-0.007210822562 
14.39853991 
0.8188608957 
    1 
1.554763493e-14 
1.355001828e-10 
-1.300781356e-10 
0.2679037871 
-0.007010168336 
14.8106738 
0.8297262148 
    1 
1.426367601e-14 
8.38276433e-11 
-8.055719752e-11 
0.2644472146 
-0.006817948078 
15.22823514 
0.8405715128 
    1 
1.310218112e-14 
5.182665853e-11 
-4.98933418e-11 
0.2610847393 
-0.006633690935 
15.65121401 
0.8513971203 
    1 
1.206764944e-14 
3.200146456e-11 
-3.092532647e-11 
0.2578124908 
-0.006456958649 
16.07960065 
0.8622033576 
    1 
1.116397893e-14 
1.970143675e-11 
-1.921811611e-11 
0.25462681 
-0.006287342883 
16.51338545 
0.8729905354 
    1 
1.039541383e-14 
1.203619346e-11 
-1.203215929e-11 
0.2515242351 
-0.006124462787 
16.95255896 
0.8837589552 
    1 
9.766394928e-15 
7.199979573e-12 
-7.686133182e-12 
0.2485014882 
-0.005967962801 
17.39711187 
0.8945089095 
    1 
9.281847138e-15 
4.04835771e-12 
-5.165935112e-12 
0.2455554634 
-0.00581751066 
17.84703502 
0.9052406822 
    1 
8.947771665e-15 
1.828524696e-12 
-3.889621356e-12 
