0.2831196034 
-0.0006028073287 
0.9959660372 
-0.02324276777 
0.3299802082 
0.9618727682 
0.2187853894 
0.6354991191 
0.9671380052 
-0.1917703807 
0.9855796263 
-0.03705574014 
0.635960885 
0.8682373249 
0.4188235741 
0.5580173104 
0.8779559339 
-0.3318159845 
0.9726085162 
-0.03899887751 
0.907350066 
0.7613350317 
0.5875293592 
0.4514193947 
0.7543050159 
-0.3977088607 
0.9604639413 
-0.03304077799 
1.145717316 
0.6736278415 
0.7191590052 
0.3392590011 
0.6201494403 
-0.3982420728 
0.9508448608 
-0.02463864331 
1.359732953 
0.6153041686 
0.8151357925 
0.2397594579 
0.4933474816 
-0.3579812748 
0.9439190312 
-0.01723304815 
1.558660947 
0.5817284179 
0.8813878857 
0.161556182 
0.3833782187 
-0.3005806835 
0.9391201523 
-0.01191538938 
1.749316515 
0.5642805936 
0.9252723837 
0.1051577487 
0.2931145658 
-0.2416139446 
0.9357643558 
-0.008491177295 
1.935828661 
0.5559221901 
0.9535005454 
0.06683154942 
0.2216039901 
-0.1888369941 
0.9333119204 
-0.006399717972 
2.120427058 
0.5522591385 
0.9712994201 
0.04180400144 
0.1662366872 
-0.1449120712 
0.931406687 
-0.005136626009 
2.304234263 
0.5508956734 
0.982375991 
0.0258814112 
0.1240112033 
-0.1098598599 
0.9298346071 
-0.004355770976 
2.48779105 
0.5506192008 
0.989211457 
0.01591985607 
0.09213407805 
-0.08259687278 
0.9284730191 
-0.003847601821 
2.671349607 
0.5508405444 
0.9934076161 
0.009753510553 
0.06823839146 
-0.06173575805 
0.9272527503 
-0.003493429327 
2.855023398 
0.5512796591 
0.9959754059 
0.005961645598 
0.05041636572 
-0.04594493123 
0.9261343972 
-0.003228283994 
3.038860354 
0.5518051307 
0.99754389 
0.003639306781 
0.03717449925 
-0.03408083749 
0.9250947388 
-0.003017018693 
3.2228778 
0.5523560148 
0.998501078 
0.002220341746 
0.02736459949 
-0.02521463097 
0.9241193227 
-0.002840487494 
3.407078977 
0.5529046109 
0.9990850067 
0.001354456066 
0.0201143394 
-0.01861531365 
0.9231985198 
-0.002687997732 
3.591460826 
0.5534388771 
0.9994412351 
0.0008263802384 
0.01476633585 
-0.01371861223 
0.9223254434 
-0.002553317722 
3.776017655 
0.5539541238 
0.999658609 
0.0005043653104 
0.01082806192 
-0.01009439562 
0.9214948465 
-0.002432599241 
3.96074285 
0.5544490775 
0.9997913061 
0.0003079718265 
0.007932109124 
-0.007417599168 
0.9207025255 
-0.002323301505 
4.145629665 
0.5549240101 
0.9998723521 
0.0001881513599 
0.005805331677 
-0.005444077626 
0.9199449883 
-0.002223630792 
4.330671571 
0.5553798487 
0.9999218788 
0.0001150140618 
0.004245217449 
-0.003991313051 
0.9192192597 
-0.002132243916 
4.515862393 
0.5558177552 
0.9999521619 
7.034759656e-05 
0.003101963646 
-0.002923354239 
0.9185227608 
-0.002048086943 
4.701196355 
0.5562389318 
0.9999706894 
4.305303365e-05 
0.002264972054 
-0.002139233387 
0.917853229 
-0.001970303917 
4.886668076 
0.5566445347 
0.9999820314 
2.636402755e-05 
0.001652725922 
-0.001564147411 
0.9172086619 
-0.001898182486 
5.072272546 
0.5570356404 
0.9999889786 
1.615354635e-05 
0.001205231928 
-0.001142793071 
0.9165872756 
-0.001831119554 
5.258005101 
0.5574132356 
0.9999932363 
9.902959617e-06 
0.0008783954209 
-0.0008343575922 
0.9159874723 
-0.001768598222 
5.443861388 
0.557778219 
0.9999958472 
6.074281676e-06 
0.0006398456206 
-0.0006087698175 
0.9154078144 
-0.001710171419 
5.629837344 
0.5581314073 
0.999997449 
3.727767521e-06 
0.0004658440625 
-0.0004439044844 
0.9148470035 
-0.00165544973 
5.815929161 
0.5584735426 
0.9999984322 
2.288851334e-06 
0.0003389997176 
-0.0003235033573 
0.9143038628 
-0.001604091999 
6.00213327 
0.5588053002 
0.9999990361 
1.406021843e-06 
0.0002465832282 
-0.0002356332216 
0.913777322 
-0.001555797886 
6.188446317 
0.5591272961 
0.9999994071 
8.640984367e-07 
0.000179285078 
-0.0001715445363 
0.9132664053 
-0.001510301837 
6.374865142 
0.5594400929 
0.9999996352 
5.312784597e-07 
0.0001303020483 
-0.0001248282253 
0.9127702199 
-0.001467368147 
6.561386766 
0.5597442064 
0.9999997754 
3.26783778e-07 
9.466601406e-05 
-9.079376221e-05 
0.9122879475 
-0.001426786852 
6.748008376 
0.5600401097 
0.9999998617 
2.010804518e-07 
6.87513495e-05 
-6.601115342e-05 
0.9118188358 
-0.001388370306 
6.934727308 
0.5603282385 
0.9999999148 
1.237777106e-07 
4.991378849e-05 
-4.797407658e-05 
0.9113621918 
-0.001351950279 
7.121541038 
0.5606089946 
0.9999999475 
7.622032427e-08 
3.62259104e-05 
-3.485242783e-05 
0.9109173757 
-0.001317375514 
7.308447172 
0.5608827492 
0.9999999676 
4.695131802e-08 
2.628356746e-05 
-2.53107477e-05 
0.9104837955 
-0.001284509637 
7.495443435 
0.5611498464 
0.9999999801 
2.893121696e-08 
1.906434179e-05 
-1.837512201e-05 
0.9100609026 
-0.001253229372 
7.682527661 
0.5614106051 
0.9999999877 
1.783286709e-08 
1.382412458e-05 
-1.333570711e-05 
0.9096481873 
-0.001223423005 
7.869697787 
0.5616653219 
0.9999999924 
1.099525177e-08 
1.002160232e-05 
-9.675405905e-06 
0.9092451756 
-0.00119498906 
8.056951846 
0.5619142732 
0.9999999953 
6.781301013e-09 
7.263155486e-06 
-7.017720156e-06 
0.9088514256 
-0.001167835155 
8.24428796 
0.5621577164 
0.9999999971 
4.183496014e-09 
5.262676053e-06 
-5.088651596e-06 
0.9084665249 
-0.001141877007 
8.431704333 
0.5623958924 
0.9999999982 
2.581541574e-09 
3.812281249e-06 
-3.688886037e-06 
0.9080900881 
-0.001117037561 
8.619199248 
0.5626290262 
0.9999999989 
1.593410221e-09 
2.760980043e-06 
-2.673498137e-06 
0.907721754 
-0.001093246235 
8.80677106 
0.562857329 
0.9999999993 
9.837401365e-10 
1.999140553e-06 
-1.93715234e-06 
0.9073611845 
-0.001070438254 
8.994418191 
0.5630809988 
0.9999999996 
6.074819136e-10 
1.447186266e-06 
-1.403317676e-06 
0.9070080616 
-0.001048554065 
9.182139129 
0.5633002215 
0.9999999997 
3.752173752e-10 
1.047373316e-06 
-1.016411979e-06 
0.9066620868 
-0.00102753882 
9.369932421 
0.5635151722 
0.9999999998 
2.318070747e-10 
7.57811413e-07 
-7.360828238e-07 
0.9063229791 
-0.001007341926 
9.55779667 
0.5637260158 
0.9999999999 
1.432397307e-10 
5.481177743e-07 
-5.330461054e-07 
0.9059904734 
-0.0009879166341 
9.745730535 
0.5639329077 
0.9999999999 
8.853135205e-11 
3.962589942e-07 
-3.860596174e-07 
0.90566432 
-0.0009692196857 
9.933732722 
0.5641359947 
    1 
5.473205608e-11 
2.862566318e-07 
-2.797233188e-07 
0.9053442828 
-0.0009512109919 
10.12180199 
0.5643354155 
    1 
3.384927891e-11 
2.065203816e-07 
-2.028815948e-07 
0.9050301387 
-0.0009338533482 
10.30993713 
0.5645313014 
    1 
2.09479891e-11 
1.486368842e-07 
-1.474638875e-07 
0.9047216765 
-0.0009171121805 
10.49813699 
0.5647237766 
    1 
1.298218452e-11 
1.064889506e-07 
-1.076446844e-07 
0.9044186963 
-0.0009009553167 
10.68640046 
0.5649129591 
    1 
8.072711893e-12 
7.561392042e-08 
-7.923646593e-08 
0.9041210081 
-0.0008853527815 
10.87472645 
0.5650989606 
    1 
5.061539456e-12 
5.273449314e-08 
-5.925306532e-08 
0.9038284321 
-0.0008702766127 
11.06311392 
0.5652818874 
    1 
3.238590564e-12 
3.541315138e-08 
-4.559841311e-08 
0.9035407971 
-0.000855700695 
11.25156186 
0.5654618403 
    1 
2.173689342e-12 
2.179403914e-08 
-3.684857581e-08 
0.9032579406 
-0.0008416006098 
11.44006931 
0.5656389155 
    1 
1.614789817e-12 
1.040516701e-08 
-3.210467639e-08 
