0.5249345553 
-0.0006165809496 
1.000005758 
2.991189228e-06 
0.3343150748 
0.9999942419 
0.2541685736 
0.7269768815 
0.9664630293 
-0.195274822 
1.00000645 
1.497835791e-06 
0.6676296938 
0.9999935503 
0.4768019381 
0.6001002781 
0.8761575707 
-0.3342262612 
1.000006855 
9.990564029e-07 
1.000944139 
0.9999931453 
0.6513123426 
0.4466818191 
0.752380649 
-0.3958986406 
1.000007142 
7.494797095e-07 
1.33425847 
0.9999928579 
0.7762825136 
0.30776669 
0.6194376953 
-0.393186886 
1.000007365 
5.996737893e-07 
1.667572718 
0.9999926349 
0.8601256706 
0.2010765699 
0.494481197 
-0.3523972787 
1.000007547 
4.997781991e-07 
2.000886898 
0.9999924527 
0.9139674881 
0.1269337818 
0.3861719892 
-0.2964071553 
1.000007701 
4.284119666e-07 
2.334201023 
0.9999922986 
0.9475964984 
0.07845289885 
0.2969674436 
-0.2394390461 
1.000007835 
3.748805961e-07 
2.6675151 
0.9999921651 
0.9682510765 
0.04788996434 
0.2258796486 
-0.1883922453 
1.000007953 
3.332411163e-07 
3.000829135 
0.9999920474 
0.9808149031 
0.02903249778 
0.1704493902 
-0.1456376767 
1.000008058 
2.999270309e-07 
3.334143133 
0.9999919421 
0.9884176923 
0.01753921913 
0.1278626367 
-0.1112236847 
1.000008153 
2.726683977e-07 
3.667457098 
0.9999918468 
0.9930071243 
0.01058079654 
0.09548124053 
-0.084206135 
1.00000824 
2.499517325e-07 
4.000771032 
0.9999917598 
0.9957753047 
0.006381762088 
0.07104445793 
-0.06334246902 
1.00000832 
2.307291308e-07 
4.334084939 
0.9999916798 
0.9974452391 
0.003851101426 
0.05270732814 
-0.04741383604 
1.000008394 
2.142520254e-07 
4.66739882 
0.9999916057 
0.9984533629 
0.002326070708 
0.03900782208 
-0.03535263692 
1.000008463 
1.999714271e-07 
5.000712677 
0.9999915367 
0.9990625741 
0.001406511734 
0.02880913093 
-0.02627609637 
1.000008528 
1.874755681e-07 
5.334026512 
0.9999914722 
0.9994311489 
0.000851501684 
0.02123868528 
-0.01947832594 
1.000008589 
1.764495501e-07 
5.667340326 
0.9999914116 
0.9996544092 
0.0005161299251 
0.01563290643 
-0.01440674769 
1.000008646 
1.666484404e-07 
6.00065412 
0.9999913544 
0.9997898116 
0.0003132249659 
0.01149062378 
-0.01063496597 
1.0000087 
1.578788632e-07 
6.333967896 
0.9999913004 
0.9998720278 
0.0001903093737 
0.00843534378 
-0.007837302504 
1.000008751 
1.499861117e-07 
6.667281654 
0.9999912491 
0.9999220065 
0.0001157571892 
0.006185438386 
-0.005766893396 
1.0000088 
1.428449431e-07 
7.000595396 
0.9999912003 
0.9999524214 
7.048470088e-05 
0.004530977646 
-0.004237713852 
1.000008846 
1.363528828e-07 
7.333909121 
0.9999911538 
0.9999709496 
4.296108491e-05 
0.003315934793 
-0.003110240726 
1.000008891 
1.304252756e-07 
7.667222832 
0.9999911093 
0.9999822477 
2.620980475e-05 
0.002424635496 
-0.002280229404 
1.000008933 
1.249915736e-07 
8.000536528 
0.9999910668 
0.9999891433 
1.600427585e-05 
0.001771507328 
-0.001670043405 
1.000008974 
1.199925155e-07 
8.33385021 
0.999991026 
0.9999933555 
9.780671405e-06 
0.001293366437 
-0.00122202063 
1.000009013 
1.153779558e-07 
8.667163879 
0.9999909867 
0.9999959306 
5.981908018e-06 
0.0009436382879 
-0.0008934353642 
1.000009051 
1.111051771e-07 
9.000477535 
0.999990949 
0.9999975061 
3.661243534e-06 
0.0006880429675 
-0.000652694538 
1.000009087 
1.071375641e-07 
9.333791179 
0.9999909126 
0.9999984707 
2.242415589e-06 
0.0005013836613 
-0.0004764795222 
1.000009123 
1.034435511e-07 
9.667104811 
0.9999908776 
0.9999990617 
1.374308695e-06 
0.0003651624681 
-0.0003476068815 
1.000009156 
9.999578093e-08 
10.00041843 
0.9999908437 
0.9999994239 
8.427845425e-07 
0.0002658144314 
-0.0002534325789 
1.000009189 
9.67704259e-08 
10.33373204 
0.9999908109 
0.9999996462 
5.171273097e-07 
0.000193402092 
-0.0001846649768 
1.000009221 
9.374663656e-08 
10.66704564 
0.9999907791 
0.9999997826 
3.174773271e-07 
0.0001406521784 
-0.0001344841023 
1.000009252 
9.090609043e-08 
11.00035923 
0.9999907484 
0.9999998663 
1.950064656e-07 
0.0001022458872 
-9.78895764e-05 
1.000009282 
8.823262043e-08 
11.3336728 
0.9999907185 
0.9999999178 
1.198378604e-07 
7.429674085e-05 
-7.121876858e-05 
1.000009311 
8.571190697e-08 
11.66698637 
0.9999906895 
0.9999999494 
7.367775736e-08 
5.396693975e-05 
-5.179134835e-05 
1.000009339 
8.333122141e-08 
12.00029993 
0.9999906614 
0.9999999689 
4.531744986e-08 
3.918580268e-05 
-3.76474799e-05 
1.000009366 
8.107921107e-08 
12.33361348 
0.999990634 
0.9999999808 
2.788504779e-08 
2.844335046e-05 
-2.735525689e-05 
1.000009393 
7.894571816e-08 
12.66692702 
0.9999906073 
0.9999999882 
1.716504875e-08 
2.063912602e-05 
-1.986924291e-05 
1.000009419 
7.692162669e-08 
13.00024055 
0.9999905813 
0.9999999927 
1.057007064e-08 
1.497156907e-05 
-1.442667311e-05 
1.000009444 
7.499873214e-08 
13.33355408 
0.999990556 
0.9999999955 
6.511214537e-09 
1.08571335e-05 
-1.047136995e-05 
1.000009469 
7.316963042e-08 
13.66686759 
0.9999905313 
0.9999999972 
4.012268824e-09 
7.871196061e-06 
-7.598026864e-06 
1.000009493 
7.142762252e-08 
14.0001811 
0.9999905072 
0.9999999983 
2.473175943e-09 
5.704916098e-06 
-5.511443266e-06 
1.000009516 
6.976663255e-08 
14.3334946 
0.9999904837 
0.9999999989 
1.52493233e-09 
4.133761297e-06 
-3.996723043e-06 
1.000009539 
6.818113694e-08 
14.66680809 
0.9999904607 
0.9999999994 
9.405259631e-10 
2.994558808e-06 
-2.897504507e-06 
1.000009562 
6.666610307e-08 
15.00012157 
0.9999904382 
0.9999999996 
5.802430415e-10 
2.168772124e-06 
-2.100068471e-06 
1.000009584 
6.521693591e-08 
15.33343505 
0.9999904163 
0.9999999998 
3.580660074e-10 
1.570321236e-06 
-1.52174497e-06 
1.000009605 
6.382943147e-08 
15.66674851 
0.9999903948 
0.9999999998 
2.210171784e-10 
1.136716169e-06 
-1.102461109e-06 
1.000009626 
6.249973607e-08 
16.00006198 
0.9999903737 
0.9999999999 
1.364568354e-10 
8.226054768e-07 
-7.985826102e-07 
1.000009647 
6.122431061e-08 
16.33337543 
0.9999903531 
0.9999999999 
8.426939419e-11 
5.950838558e-07 
-5.784292068e-07 
1.000009667 
5.999989908e-08 
16.66668888 
0.9999903329 
    1 
5.205378275e-11 
4.302803991e-07 
-4.190108282e-07 
1.000009687 
5.882350083e-08 
17.00000232 
0.9999903131 
    1 
3.216313732e-11 
3.108786121e-07 
-3.036537626e-07 
1.000009706 
5.769234605e-08 
17.33331575 
0.9999902937 
    1 
1.988093039e-11 
2.243138809e-07 
-2.202754119e-07 
1.000009725 
5.660387391e-08 
17.66662918 
0.9999902746 
    1 
1.229732683e-11 
1.614630748e-07 
-1.601317003e-07 
1.000009744 
5.555571329e-08 
17.9999426 
0.9999902559 
    1 
7.617296421e-12 
1.156912167e-07 
-1.169090615e-07 
1.000009763 
5.454566551e-08 
18.33325602 
0.9999902376 
    1 
4.734233853e-12 
8.215670391e-08 
-8.606793918e-08 
1.000009781 
5.357168892e-08 
18.66656943 
0.9999902196 
    1 
2.966737517e-12 
5.730308674e-08 
-6.437039217e-08 
1.000009798 
5.263188512e-08 
18.99988283 
0.9999902019 
    1 
1.897096586e-12 
3.848458187e-08 
-4.954323809e-08 
1.000009816 
5.172448666e-08 
19.33319623 
0.9999901845 
    1 
1.272255207e-12 
2.368624494e-08 
-4.004211002e-08 
1.000009833 
5.08478459e-08 
19.66650962 
0.9999901674 
    1 
9.440683723e-13 
1.130945028e-08 
-3.489223412e-08 

