0.2332253645 
-0.0005958159584 
0.9949227026 
-0.02934067841 
0.3293374259 
0.9561777329 
0.2113588837 
0.6155588534 
0.9674957366 
-0.1898183121 
0.9816932438 
-0.04764995781 
0.6311218253 
0.8475766963 
0.4060783459 
0.5465764247 
0.8790563252 
-0.3296500249 
0.9647791434 
-0.0516406 
0.8924771925 
0.7216085727 
0.5725839006 
0.4494709399 
0.7559278897 
-0.3968939443 
0.9484023448 
-0.04548649337 
1.114566038 
0.6162823699 
0.7048210478 
0.3442471129 
0.6217739458 
-0.3989722114 
0.9348635667 
-0.03558422908 
1.30715786 
0.5449723521 
0.8030898485 
0.2479237054 
0.4945688707 
-0.3595227675 
0.9245968378 
-0.0263382466 
1.481181153 
0.5033733114 
0.8721623033 
0.1699428531 
0.3840622564 
-0.3021616713 
0.9170428158 
-0.01940246499 
1.644924726 
0.4816558856 
0.9186497702 
0.1122449505 
0.2933272597 
-0.2428244164 
0.9114066475 
-0.0147529106 
1.803526261 
0.4713623862 
0.9489552519 
0.07220166066 
0.2214901283 
-0.1895896659 
0.9070206337 
-0.0117915219 
1.959805922 
0.467048075 
0.9682750399 
0.04560941997 
0.1659387768 
-0.1452825942 
0.9034259686 
-0.009916882263 
2.115198488 
0.465683479 
0.9804062341 
0.02846464342 
0.1236368567 
-0.1099678058 
0.9003378625 
-0.008694441267 
2.270398309 
0.465714497 
0.9879475337 
0.01762443958 
0.09175227139 
-0.0825492043 
0.8975881408 
-0.007852191252 
2.425728352 
0.4663795927 
0.9926050476 
0.01085700768 
0.06788720082 
-0.06161016163 
0.8950789 
-0.007232078539 
2.58133187 
0.4673151449 
0.9954695715 
0.00666667809 
0.05011279201 
-0.04579110043 
0.8927522882 
-0.006745613039 
2.73726696 
0.4683503604 
0.9972267838 
0.004085619758 
0.0369227142 
-0.03392730125 
0.8905727186 
-0.006343819477 
2.893551984 
0.4694062988 
0.9983030602 
0.002501022565 
0.02716180134 
-0.02507576429 
0.8885169617 
-0.005999322528 
3.050187132 
0.4704474508 
0.9989617085 
0.001530134944 
0.01995450742 
-0.01849682224 
0.8865687781 
-0.005696354487 
3.207164589 
0.4714587679 
0.999364625 
0.0009359559073 
0.01464244558 
-0.01362131675 
0.8847160389 
-0.005425383128 
3.364473325 
0.4724347882 
0.9996110832 
0.0005725351065 
0.01073327931 
-0.010016642 
0.88294917 
-0.005180276793 
3.522101323 
0.4733744785 
0.9997618576 
0.0003503010414 
0.007860353775 
-0.007356697211 
0.8812602928 
-0.004956816269 
3.680036597 
0.4742787836 
0.9998541207 
0.0002143977942 
0.005751474639 
-0.005397103504 
0.8796427322 
-0.004751908541 
3.838267632 
0.4751494615 
0.9999105991 
0.0001312710551 
0.004205082597 
-0.003955518323 
0.8780907181 
-0.004563163617 
3.996783555 
0.4759885363 
0.9999451865 
8.040924753e-05 
0.003072234848 
-0.00289634366 
0.8765991942 
-0.004388659503 
4.155574172 
0.4767980453 
0.9999663771 
4.927672882e-05 
0.00224306467 
-0.002119014328 
0.8751636868 
-0.00422680575 
4.314629957 
0.4775799301 
0.9999793661 
3.021213601e-05 
0.001636654134 
-0.001549113378 
0.873780209 
-0.004076259725 
4.473942005 
0.478335995 
0.9999873315 
1.853213994e-05 
0.001193487219 
-0.001131677732 
0.8724451881 
-0.003935872017 
4.633501991 
0.4790678968 
0.9999922185 
1.13729317e-05 
0.0008698423315 
-0.0008261794875 
0.8711554077 
-0.003804648623 
4.793302118 
0.47977715 
0.9999952182 
6.982617642e-06 
0.0006336359422 
-0.0006027781943 
0.8699079609 
-0.003681723366 
4.95333507 
0.4804651365 
0.9999970604 
4.28901967e-06 
0.0004613481796 
-0.0004395310414 
0.868700211 
-0.003566336877 
5.113593971 
0.4811331181 
0.9999981921 
2.635638889e-06 
0.0003357527907 
-0.0003203215547 
0.8675297589 
-0.003457820075 
5.27407235 
0.4817822489 
0.9999988877 
1.620300283e-06 
0.0002442436631 
-0.0002333251734 
0.8663944156 
-0.003355580864 
5.434764101 
0.4824135857 
0.9999993154 
9.965066675e-07 
0.0001776028634 
-0.0001698747397 
0.865292178 
-0.003259093243 
5.595663458 
0.483028099 
0.9999995785 
6.131027664e-07 
0.0001290948536 
-0.0001236230958 
0.8642212087 
-0.003167888273 
5.756764963 
0.4836266817 
0.9999997404 
3.773531629e-07 
9.380128812e-05 
-8.992591616e-05 
0.8631798179 
-0.003081546522 
5.918063446 
0.4842101571 
0.9999998401 
2.323366684e-07 
6.81330032e-05 
-6.538747011e-05 
0.8621664486 
-0.002999691693 
6.079554 
0.4847792857 
0.9999999014 
1.430988437e-07 
4.947234367e-05 
-4.752671367e-05 
0.8611796627 
-0.002921985218 
6.241231962 
0.4853347718 
0.9999999392 
8.816513194e-08 
3.591124773e-05 
-3.453210897e-05 
0.860218129 
-0.002848121647 
6.403092894 
0.4858772687 
0.9999999625 
5.433678936e-08 
2.605961015e-05 
-2.50817792e-05 
0.8592806137 
-0.002777824707 
6.56513257 
0.4864073835 
0.9999999769 
3.349821841e-08 
1.890517279e-05 
-1.821171275e-05 
0.8583659701 
-0.002710843897 
6.727346957 
0.4869256815 
0.9999999857 
2.065734864e-08 
1.371115994e-05 
-1.321926338e-05 
0.8574731317 
-0.002646951564 
6.889732205 
0.4874326898 
0.9999999912 
1.27422856e-08 
9.941539553e-06 
-9.592550745e-06 
0.856601104 
-0.002585940354 
7.052284636 
0.4879289007 
0.9999999946 
7.862035469e-09 
7.206488213e-06 
-6.95884829e-06 
0.8557489586 
-0.002527621011 
7.215000727 
0.4884147749 
0.9999999966 
4.852134415e-09 
5.222621359e-06 
-5.046878425e-06 
0.8549158277 
-0.002471820439 
7.377877105 
0.4888907439 
0.9999999979 
2.995272539e-09 
3.784006674e-06 
-3.659285374e-06 
0.8541008986 
-0.002418380027 
7.540910537 
0.4893572126 
0.9999999987 
1.849444883e-09 
2.741047687e-06 
-2.652550762e-06 
0.853303409 
-0.002367154158 
7.704097922 
0.4898145614 
0.9999999992 
1.142205025e-09 
1.985108052e-06 
-1.922347992e-06 
0.8525226436 
-0.002318008915 
7.867436278 
0.490263148 
0.9999999995 
7.055708623e-10 
1.437320881e-06 
-1.392868393e-06 
0.8517579296 
-0.002270820927 
8.030922742 
0.4907033096 
0.9999999997 
4.359409814e-10 
1.040447409e-06 
-1.009046049e-06 
0.8510086338 
-0.002225476357 
8.19455456 
0.4911353638 
0.9999999998 
2.694033708e-10 
7.529563786e-07 
-7.308969385e-07 
0.8502741597 
-0.002181869995 
8.358329079 
0.4915596108 
0.9999999999 
1.665201937e-10 
5.447198715e-07 
-5.293994665e-07 
0.8495539443 
-0.002139904463 
8.522243746 
0.4919763339 
0.9999999999 
1.02949295e-10 
3.938851776e-07 
-3.83498202e-07 
0.8488474558 
-0.002099489497 
8.686296097 
0.4923858016 
    1 
6.366327869e-11 
2.846018142e-07 
-2.779258005e-07 
0.8481541917 
-0.002060541314 
8.850483756 
0.4927882679 
    1 
3.938323395e-11 
2.053699928e-07 
-2.016207796e-07 
0.847473676 
-0.002022982036 
9.014804431 
0.4931839735 
    1 
2.437916917e-11 
1.478403323e-07 
-1.465792457e-07 
0.8468054582 
-0.001986739188 
9.179255907 
0.4935731471 
    1 
1.511257726e-11 
1.059408431e-07 
-1.070228077e-07 
0.8461491107 
-0.00195174523 
9.343836042 
0.4939560058 
    1 
9.399806647e-12 
7.524080492e-08 
-7.879717189e-08 
0.845504228 
-0.001917937151 
9.508542767 
0.4943327557 
    1 
5.895207796e-12 
5.248552248e-08 
-5.893952067e-08 
0.8448704247 
-0.001885256094 
9.673374078 
0.4947035934 
    1 
3.773206862e-12 
3.525353756e-08 
-4.537011003e-08 
0.8442473344 
-0.001853647018 
9.838328036 
0.4950687056 
    1 
2.533706088e-12 
2.17004925e-08 
-3.667632909e-08 
0.8436346084 
-0.001823058399 
10.00340276 
0.4954282705 
    1 
1.883577563e-12 
1.036275102e-08 
-3.196704873e-08 
