0.5422706694 
-0.0006165854109 
1.000005506 
3.984473569e-06 
0.2509727362 
0.9999889883 
0.1926493618 
0.7484049146 
0.9808770893 
-0.150072816 
1.000006197 
1.996215074e-06 
0.500944791 
0.999987606 
0.3707996097 
0.6701428304 
0.9271250949 
-0.2740320098 
1.000006602 
1.3316967e-06 
0.7509165848 
0.9999867964 
0.5252162429 
0.5622853095 
0.8473435691 
-0.356827904 
1.000006889 
9.991054362e-07 
1.000888209 
0.9999862217 
0.6512878968 
0.4467060022 
0.7524007754 
-0.3958945543 
1.000007112 
7.994442719e-07 
1.250859707 
0.9999857758 
0.7492938083 
0.3398115133 
0.6524656308 
-0.3984914529 
1.000007294 
6.66292458e-07 
1.500831104 
0.9999854115 
0.8226284437 
0.2501217239 
0.5552682766 
-0.3759412168 
1.000007448 
5.711622746e-07 
1.750802418 
0.9999851034 
0.8759598903 
0.1797240551 
0.4656941617 
-0.3391338098 
1.000007582 
4.998027403e-07 
2.00077366 
0.9999848365 
0.9139540898 
0.1269527107 
0.3862018949 
-0.2964248538 
1.0000077 
4.442938278e-07 
2.25074484 
0.999984601 
0.9406335814 
0.08862404955 
0.3175232957 
-0.2533164682 
1.000007805 
3.998822535e-07 
2.500715964 
0.9999843904 
0.9591837502 
0.06137745548 
0.2593216044 
-0.2129710511 
1.0000079 
3.635425718e-07 
2.750687037 
0.9999841998 
0.9719970954 
0.04228709972 
0.210688098 
-0.1769164609 
1.000007987 
3.332574825e-07 
3.000658066 
0.9999840259 
0.9808103782 
0.0290393175 
0.1704712344 
-0.1456552675 
1.000008067 
3.076302022e-07 
3.250629052 
0.9999838658 
0.9868565806 
0.0199032858 
0.1374744785 
-0.1191042274 
1.000008141 
2.856629145e-07 
3.5006 
0.9999837177 
0.9909983573 
0.01362764561 
0.1105641709 
-0.0968805745 
1.00000821 
2.666238162e-07 
3.750570913 
0.9999835797 
0.9938335569 
0.009327051774 
0.08872077806 
-0.07847566998 
1.000008275 
2.499640092e-07 
4.000541792 
0.9999834507 
0.9957739912 
0.006383755781 
0.07105677263 
-0.06335388828 
1.000008335 
2.352637174e-07 
4.25051264 
0.9999833295 
0.9971022498 
0.004370546101 
0.05681610154 
-0.05100490671 
1.000008393 
2.221964277e-07 
4.500483458 
0.9999832152 
0.9980118129 
0.00299363974 
0.04536435921 
-0.04096826567 
1.000008447 
2.10504352e-07 
4.750454249 
0.9999831071 
0.9986349903 
0.002051707546 
0.03617499052 
-0.03284210935 
1.000008498 
1.999812495e-07 
5.000425013 
0.9999830045 
0.9990622158 
0.001407055601 
0.02881449615 
-0.02628334226 
1.000008547 
1.904601559e-07 
5.250395752 
0.9999829069 
0.9993552984 
0.0009656087878 
0.02292820471 
-0.0210034699 
1.000008593 
1.818044584e-07 
5.500366467 
0.9999828139 
0.9995564948 
0.0006631174757 
0.01822735547 
-0.01676257253 
1.000008638 
1.739012991e-07 
5.75033716 
0.999982725 
0.999694708 
0.0004556991682 
0.01447777127 
-0.01336277106 
1.00000868 
1.666566263e-07 
6.000307831 
0.9999826399 
0.9997897194 
0.0003133718331 
0.01149014898 
-0.0106419019 
1.000008721 
1.599914343e-07 
6.250278481 
0.9999825583 
0.9998550765 
0.000215639916 
0.00911186629 
-0.008467746792 
1.00000876 
1.538388703e-07 
6.500249111 
0.9999824799 
0.9999000642 
0.0001484837951 
0.007220145854 
-0.006732953562 
1.000008798 
1.48141984e-07 
6.750219722 
0.9999824044 
0.9999310508 
0.0001023068416 
0.005716399881 
-0.005350668565 
1.000008834 
1.428519598e-07 
7.000190315 
0.9999823317 
0.9999524072 
7.053521882e-05 
0.004521581141 
-0.004250842481 
1.000008869 
1.379267144e-07 
7.250160889 
0.9999822615 
0.9999671359 
4.866245635e-05 
0.003572379999 
-0.003377143457 
1.000008903 
1.333297748e-07 
7.500131447 
0.9999821937 
0.9999773006 
3.359713058e-05 
0.002818125006 
-0.002684402296 
1.000008936 
1.290293735e-07 
7.750101987 
0.9999821282 
0.9999843213 
2.321719299e-05 
0.002218263456 
-0.002136514868 
1.000008968 
1.249977135e-07 
8.000072512 
0.9999820647 
0.9999891758 
1.606527522e-05 
0.001740316445 
-0.001704732453 
1.000008999 
1.212103669e-07 
8.250043021 
0.9999820031 
0.9999925379 
1.114024903e-05 
0.001358219296 
-0.001366278584 
1.000009028 
1.17645779e-07 
8.500013514 
0.9999819434 
0.999994873 
7.754573198e-06 
0.001050972523 
-0.001103239566 
1.000009057 
1.142848585e-07 
8.749983993 
0.9999818855 
0.9999965033 
5.436662807e-06 
0.0008015406342 
-0.0009016843866 
1.000009086 
1.111106349e-07 
8.999954458 
0.9999818291 
0.9999976529 
3.86412711e-06 
0.0005959461108 
-0.000750977805 
1.000009113 
1.081079724e-07 
9.249924909 
0.9999817743 
0.9999984789 
2.818233851e-06 
0.000422514023 
-0.0006432578869 
1.00000914 
1.052633281e-07 
9.499895346 
0.999981721 
0.9999990935 
2.153043961e-06 
0.0002712290337 
-0.0005730561688 
1.000009166 
1.025645478e-07 
9.749865771 
0.9999816691 
0.9999995791 
1.774781383e-06 
0.0001331711937 
-0.0005370450596 
