0.05982086197 
-0.0005825906494 
0.9859146042 
-0.05240424501 
0.4829706967 
0.8963797839 
0.2996899755 
0.5667975879 
0.9305415663 
-0.2633479416 
0.9535521613 
-0.07068089976 
0.8791369913 
0.68498921 
0.5549531689 
0.445748744 
0.7595759023 
-0.393702445 
0.9200889102 
-0.0603599729 
1.175481984 
0.5142245543 
0.7415695846 
0.3013927901 
0.560756889 
-0.3834254424 
0.8942047219 
-0.04346251888 
1.407476299 
0.4259520809 
0.8603140921 
0.1797811563 
0.387492171 
-0.3044104084 
0.8758100405 
-0.03111198358 
1.610460049 
0.3921223965 
0.9281314869 
0.09809533859 
0.257490848 
-0.217255161 
0.8622129253 
-0.02398078634 
1.803552497 
0.382650287 
0.9641334018 
0.05060948988 
0.1673647249 
-0.146695506 
0.8513098361 
-0.01999766704 
1.994538384 
0.3821252504 
0.9824128158 
0.02527352529 
0.1074200342 
-0.09621338712 
0.8419606196 
-0.01757363392 
2.186131256 
0.3845162947 
0.9914599763 
0.0123934182 
0.06842216773 
-0.06211011336 
0.8336148399 
-0.01589572601 
2.379172268 
0.3877309061 
0.9958747905 
0.006017176082 
0.04336474858 
-0.03972470233 
0.8260024842 
-0.01460175966 
2.573870018 
0.3910838292 
0.9980126297 
0.002905938309 
0.02738541612 
-0.02525721365 
0.8189762775 
-0.01353410508 
2.770229781 
0.3943615143 
0.9990436886 
0.001399614145 
0.01724624151 
-0.015992087 
0.8124434294 
-0.01261991146 
2.968195777 
0.3975049641 
0.9995399783 
0.0006732977654 
0.01083620832 
-0.01009369709 
0.8063376398 
-0.01182106149 
3.167697527 
0.400505043 
0.9997786747 
0.0003237862465 
0.006795348684 
-0.006354493948 
0.8006074309 
-0.01111442556 
3.368664598 
0.4033679917 
0.9998934675 
0.0001557331398 
0.00425404055 
-0.003991795471 
0.7952108901 
-0.01048408736 
3.571030927 
0.4061040584 
0.9999486901 
7.493803419e-05 
0.002659054351 
-0.002502845634 
0.7901129759 
-0.00991813657 
3.77473574 
0.4087238168 
0.9999752699 
3.608229035e-05 
0.001659791285 
-0.00156664716 
0.7852839231 
-0.00940721223 
3.979723374 
0.4112370619 
0.9999880719 
1.738579058e-05 
0.001034748498 
-0.0009791610101 
0.780698175 
-0.0089437469 
4.18594281 
0.4136525655 
0.9999942424 
8.383400956e-06 
0.0006443439281 
-0.000611145491 
0.7763336078 
-0.008521516442 
4.393347163 
0.4159781069 
0.9999972188 
4.045527877e-06 
0.0004008138726 
-0.0003809739174 
0.7721709383 
-0.00813534044 
4.601893211 
0.4182205801 
0.9999986556 
1.953686477e-06 
0.0002490837264 
-0.0002372200642 
0.7681932586 
-0.007780867627 
4.811540982 
0.4203861095 
0.9999993497 
9.441692352e-07 
0.000154652531 
-0.0001475546282 
0.7643856632 
-0.007454415152 
5.022253397 
0.4224801563 
0.9999996852 
4.566125583e-07 
9.594134536e-05 
-9.169264286e-05 
0.7607349475 
-0.007152844882 
5.23399596 
0.4245076096 
0.9999998475 
2.209709206e-07 
5.94725779e-05 
-5.692819815e-05 
0.7572293603 
-0.006873466532 
5.446736493 
0.426472864 
0.9999999261 
1.070033306e-07 
3.683939391e-05 
-3.531501425e-05 
0.7538583998 
-0.006613960835 
5.660444905 
0.4283798841 
0.9999999642 
5.184656214e-08 
2.280411974e-05 
-2.189047422e-05 
0.7506126443 
-0.006372318009 
5.875092992 
0.4302322594 
0.9999999826 
2.513558901e-08 
1.410709942e-05 
-1.355929605e-05 
0.74748361 
-0.006146788056 
6.090654261 
0.4320332507 
0.9999999916 
1.219245254e-08 
8.721727062e-06 
-8.39315993e-06 
0.7444636319 
-0.005935840316 
6.307103775 
0.4337858293 
0.9999999959 
5.917157594e-09 
5.389182566e-06 
-5.19204611e-06 
0.7415457622 
-0.005738130323 
6.524418016 
0.4354927104 
0.999999998 
2.873049921e-09 
3.328226828e-06 
-3.20991043e-06 
0.7387236849 
-0.005552472482 
6.742574769 
0.4371563827 
0.999999999 
1.395628355e-09 
2.054401693e-06 
-1.983370263e-06 
0.7359916417 
-0.005377817395 
6.961553008 
0.4387791322 
0.9999999995 
6.782381005e-10 
1.267511791e-06 
-1.224856112e-06 
0.733344369 
-0.005213232957 
7.181332806 
0.4403630648 
0.9999999998 
3.297392156e-10 
7.816704385e-07 
-7.560481756e-07 
0.7307770431 
-0.0050578885 
7.401895249 
0.4419101242 
0.9999999999 
1.603711283e-10 
4.818483864e-07 
-4.664538529e-07 
0.7282852333 
-0.004911041435 
7.623222355 
0.4434221087 
0.9999999999 
7.802608809e-11 
2.969076755e-07 
-2.876560387e-07 
0.7258648605 
-0.004772025943 
7.84529701 
0.4449006853 
    1 
3.797582117e-11 
1.828796204e-07 
-1.773184198e-07 
0.7235121613 
-0.004640243353 
8.068102902 
0.4463474025 
    1 
1.848910792e-11 
1.126030183e-07 
-1.092594376e-07 
0.7212236566 
-0.004515153938 
8.291624465 
0.4477637012 
    1 
9.004553385e-12 
6.930794033e-08 
-6.729725552e-08 
0.718996124 
-0.004396269872 
8.515846832 
0.4491509247 
    1 
4.386806215e-12 
4.26452923e-08 
-4.143591716e-08 
0.716826573 
-0.004283149168 
8.740755782 
0.4505103271 
    1 
2.137631902e-12 
2.623135837e-08 
-2.550381457e-08 
0.7147122241 
-0.004175390455 
8.966337701 
0.4518430817 
    1 
1.041869229e-12 
1.613013749e-08 
-1.569237879e-08 
0.7126504891 
-0.004072628437 
9.192579545 
0.4531502873 
    1 
5.079516499e-13 
9.915819124e-09 
-9.652377381e-09 
0.7106389544 
-0.003974529951 
9.419468798 
0.4544329746 
    1 
2.477576728e-13 
6.093932556e-09 
-5.935368287e-09 
0.7086753653 
-0.003880790535 
9.646993447 
0.4556921119 
    1 
1.209670741e-13 
3.744123508e-09 
-3.648669599e-09 
0.7067576133 
-0.003791131415 
9.875141947 
0.4569286101 
    1 
5.956062419e-14 
2.299803947e-09 
-2.242333312e-09 
0.704883723 
-0.003705296867 
10.1039032 
0.4581433269 
    1 
2.909999299e-14 
1.412290194e-09 
-1.377683768e-09 
0.7030518418 
-0.003623051901 
10.33326651 
0.4593370712 
    1 
1.98919686e-14 
8.670688741e-10 
-8.462280125e-10 
0.7012602298 
-0.003544180205 
10.56322159 
0.4605106067 
    1 
1.89814079e-14 
5.322104854e-10 
-5.19658899e-10 
0.6995072509 
-0.003468482346 
10.79375852 
0.4616646554 
    1 
1.745483246e-14 
3.266002013e-10 
-3.190415736e-10 
0.6977913649 
-0.003395774154 
11.02486772 
0.4627999 
    1 
1.581241653e-14 
2.00379976e-10 
-1.958303154e-10 
0.6961111201 
-0.003325885306 
11.25653996 
0.4639169876 
    1 
1.417979829e-14 
1.229123097e-10 
-1.201780519e-10 
0.6944651469 
-0.00325865805 
11.48876632 
0.4650165316 
    1 
1.261969705e-14 
7.53753358e-11 
-7.373956126e-11 
0.6928521515 
-0.003193946078 
11.72153817 
0.4660991139 
    1 
1.116683191e-14 
4.620853752e-11 
-4.524261067e-11 
0.6912709108 
-0.003131613507 
11.95484716 
0.4671652877 
    1 
9.843412245e-15 
2.831243326e-11 
-2.776345776e-11 
0.689720267 
-0.003071533979 
12.18868524 
0.4682155786 
    1 
8.666256784e-15 
1.732705049e-11 
-1.705152148e-11 
0.6881991233 
-0.003013589836 
12.42304457 
0.4692504872 
    1 
7.650143109e-15 
1.057359669e-11 
-1.049980351e-11 
0.68670644 
-0.0029576714 
12.6579176 
0.4702704898 
    1 
6.801372872e-15 
6.403526128e-12 
-6.512830181e-12 
0.68524123 
-0.0029036763 
12.89329698 
0.4712760408 
    1 
6.116274343e-15 
3.797475127e-12 
-4.119558373e-12 
0.6838025559 
-0.002851508885 
13.12917559 
0.4722675736 
    1 
5.604941908e-15 
2.116873488e-12 
-2.737733501e-12 
0.6823895265 
-0.002801079682 
13.36554654 
0.4732455018 
    1 
5.268120441e-15 
9.479296486e-13 
-2.032759222e-12 
