0.3362195497 
-0.0006127197069 
0.9964811444 
-0.01266119669 
0.494158001 
0.9611427384 
0.349835855 
0.6421936265 
0.9274504248 
-0.273225768 
0.9893169297 
-0.01417115575 
0.9564675907 
0.8885162425 
0.62506324 
0.4512798995 
0.752681852 
-0.3970114023 
0.983397889 
-0.009160864448 
1.386499879 
0.8369544697 
0.802553625 
0.266516271 
0.5546395681 
-0.3780388444 
0.9800464335 
-0.004589575539 
1.798093471 
0.813072793 
0.9017520923 
0.1408282128 
0.3846690051 
-0.2977260575 
0.9784482507 
-0.002112599921 
2.202014537 
0.8042128256 
0.9525801273 
0.06995790175 
0.2574173916 
-0.2131645602 
0.9777036658 
-0.001023786183 
2.603239467 
0.8012923102 
0.9774410731 
0.03369589661 
0.1686536931 
-0.1451766498 
0.977319087 
-0.0005806762873 
3.003608773 
0.8004207273 
0.9893304082 
0.01600402867 
0.1090546851 
-0.09616890399 
0.9770808064 
-0.000398016167 
3.403740414 
0.8002176299 
0.9949611044 
0.007559942683 
0.06990271768 
-0.06266032425 
0.9769049701 
-0.0003150834575 
3.80383356 
0.8002264126 
0.9976188497 
0.003566721446 
0.04452770473 
-0.04039341201 
0.9767595102 
-0.0002706439384 
4.203950297 
0.8002989387 
0.9988730298 
0.001684017875 
0.02822964261 
-0.02584565301 
0.9766317579 
-0.0002420875414 
4.604108305 
0.8003873 
0.9994655877 
0.0007964159149 
0.01782946092 
-0.01644546677 
0.9765162141 
-0.0002209818732 
5.004310959 
0.8004762194 
0.9997460654 
0.0003774003942 
0.01122576892 
-0.01041850871 
0.9764101033 
-0.0002040121328 
5.404557159 
0.8005611415 
0.9998790979 
0.0001792138397 
0.007049328256 
-0.006576819479 
0.9763117636 
-0.0001897345786 
5.804844571 
0.800641033 
0.9999423274 
8.527641875e-05 
0.004416639356 
-0.004139313445 
0.9762200492 
-0.0001774212277 
6.205170679 
0.800715982 
0.9999724402 
4.065649984e-05 
0.002761683782 
-0.002598552384 
0.9761340933 
-0.0001666424513 
6.605533106 
0.8007863929 
0.9999868085 
1.941866526e-05 
0.001723833027 
-0.001627693731 
0.976053205 
-0.0001571098578 
7.005929698 
0.8008527205 
0.9999936763 
9.290498373e-06 
0.001074334405 
-0.001017583731 
0.9759768164 
-0.0001486125574 
7.406358522 
0.8009153893 
0.9999969643 
4.451761836e-06 
0.0006686165467 
-0.0006350687589 
0.9759044521 
-0.0001409882385 
7.806817843 
0.8009747732 
0.9999985409 
2.136211248e-06 
0.0004155926069 
-0.0003957356559 
0.975835709 
-0.0001341081216 
8.207306103 
0.8010311964 
0.9999992978 
1.026421729e-06 
0.000258025585 
-0.0002462586883 
0.9757702419 
-0.0001278680344 
8.607821892 
0.8010849391 
0.9999996617 
4.937771764e-07 
0.0001600317966 
-0.0001530516335 
0.9757077529 
-0.0001221825466 
9.008363933 
0.8011362443 
0.9999998369 
2.378033725e-07 
9.916009166e-05 
-9.501548166e-05 
0.9756479828 
-0.0001169808435 
9.408931061 
0.8011853233 
0.9999999213 
1.146433917e-07 
6.13887099e-05 
-5.892561181e-05 
0.9755907052 
-0.0001122036947 
9.80952221 
0.8012323614 
0.999999962 
5.532098165e-08 
3.797439474e-05 
-3.650942237e-05 
0.9755357205 
-0.0001078011665 
10.2101364 
0.8012775217 
0.9999999816 
2.671835335e-08 
2.34730978e-05 
-2.26011306e-05 
0.9754828523 
-0.0001037308624 
10.61077273 
0.8013209485 
0.9999999911 
1.291458838e-08 
1.449942175e-05 
-1.398005979e-05 
0.9754319438 
-9.995655118e-05 
11.01143037 
0.8013627701 
0.9999999957 
6.247083541e-09 
8.950611981e-06 
-8.641070954e-06 
0.975382855 
-9.644708498e-05 
11.41210854 
0.8014031008 
0.9999999979 
3.023967697e-09 
5.52198792e-06 
-5.337390591e-06 
0.9753354603 
-9.317553787e-05 
11.81280653 
0.8014420436 
0.999999999 
1.464736014e-09 
3.404833538e-06 
-3.294686044e-06 
0.9752896468 
-9.011851394e-05 
12.21352366 
0.8014796907 
0.9999999995 
7.099132161e-10 
2.098308962e-06 
-2.032550692e-06 
0.9752453124 
-8.725558716e-05 
12.6142593 
0.8015161257 
0.9999999998 
3.442693055e-10 
1.292498627e-06 
-1.253221593e-06 
0.9752023648 
-8.456884464e-05 
13.01501288 
0.8015514243 
0.9999999999 
1.670408177e-10 
7.957755233e-07 
-7.723047841e-07 
0.9751607197 
-8.204251171e-05 
13.41578383 
0.8015856553 
0.9999999999 
8.108952699e-11 
4.897365472e-07 
-4.757050828e-07 
0.9751203006 
-7.96626421e-05 
13.81657164 
0.8016188813 
    1 
3.938291416e-11 
3.012704531e-07 
-2.92878622e-07 
0.9750810374 
-7.741686053e-05 
14.21737583 
0.8016511598 
    1 
1.913564047e-11 
1.852603216e-07 
-1.802394606e-07 
0.9750428658 
-7.529414758e-05 
14.61819593 
0.8016825433 
    1 
9.301600541e-12 
1.138804336e-07 
-1.108753371e-07 
0.9750057269 
-7.328465894e-05 
15.01903151 
0.8017130802 
    1 
4.522980862e-12 
6.997854581e-08 
-6.817930576e-08 
0.9749695662 
-7.137957286e-05 
15.41988216 
0.8017428149 
    1 
2.200077186e-12 
4.298703244e-08 
-4.190941992e-08 
0.9749343336 
-6.957096077e-05 
15.82074747 
0.8017717887 
    1 
1.070597126e-12 
2.639817161e-08 
-2.575255917e-08 
0.9748999827 
-6.785167697e-05 
16.2216271 
0.8018000394 
    1 
5.21232473e-13 
1.62061789e-08 
-1.581926859e-08 
0.9748664704 
-6.621526443e-05 
16.62252067 
0.8018276023 
    1 
2.539543773e-13 
9.94635399e-09 
-9.714416086e-09 
0.9748337568 
-6.46558737e-05 
17.02342786 
0.8018545101 
    1 
1.240043099e-13 
6.102803361e-09 
-5.963727959e-09 
0.9748018047 
-6.316819314e-05 
17.42434835 
0.8018807933 
    1 
6.139001917e-14 
3.743538625e-09 
-3.660124349e-09 
0.9747705795 
-6.174738848e-05 
17.82528183 
0.8019064802 
    1 
3.093019791e-14 
2.295766284e-09 
-2.245724155e-09 
0.974740049 
-6.038905041e-05 
18.22622801 
0.8019315974 
    1 
2.196888977e-14 
1.407570117e-09 
-1.377541964e-09 
0.9747101828 
-5.908914885e-05 
18.6271866 
0.8019561694 
    1 
1.804485516e-14 
8.628069965e-10 
-8.447848936e-10 
0.9746809527 
-5.784399305e-05 
19.02815736 
0.8019802196 
    1 
1.457956514e-14 
5.287645798e-10 
-5.179468274e-10 
0.9746523321 
-5.665019664e-05 
19.42914001 
0.8020037696 
    1 
1.148936749e-14 
3.239808055e-10 
-3.174877439e-10 
0.9746242963 
-5.550464684e-05 
19.83013431 
0.8020268399 
    1 
8.763481911e-15 
1.984660398e-10 
-1.94570703e-10 
0.9745968218 
-5.440447745e-05 
20.23114004 
0.8020494496 
    1 
6.412803556e-15 
1.215518427e-10 
-1.192190307e-10 
0.9745698865 
-5.334704483e-05 
20.63215695 
0.8020716167 
    1 
4.442935674e-15 
7.442776955e-11 
-7.303801622e-11 
0.9745434698 
-5.232990676e-05 
21.03318485 
0.8020933583 
    1 
2.830308873e-15 
4.555886233e-11 
-4.474340506e-11 
0.974517552 
-5.135080361e-05 
21.43422351 
0.8021146903 
    1 
1.554256535e-15 
2.787263737e-11 
-2.741525735e-11 
0.9744921147 
-5.040764158e-05 
21.83527273 
0.8021356281 
    1 
5.779067404e-16 
1.703260126e-11 
-1.681210985e-11 
0.9744671404 
-4.949847778e-05 
22.23633233 
0.8021561857 
    1 
-1.424518339e-16 
1.037862002e-11 
-1.033663621e-11 
0.9744426125 
-4.862150683e-05 
22.63740212 
0.802176377 
    1 
-6.464945473e-16 
6.276264959e-12 
-6.401682886e-12 
0.9744185154 
-4.777504898e-05 
23.03848191 
0.8021962146 
    1 
-9.80183953e-16 
3.716603461e-12 
-4.04259571e-12 
0.9743948343 
-4.695753931e-05 
23.43957154 
0.8022157107 
    1 
-1.18301349e-15 
2.068799165e-12 
-2.681531487e-12 
0.9743715549 
-4.61675181e-05 
23.84067083 
0.802234877 
    1 
-1.278887694e-15 
9.250672322e-13 
-1.986398871e-12 
