0.5038381515 
-0.0006165863605 
1.000005894 
2.493831923e-06 
0.4009860728 
0.9999882131 
0.3019622208 
0.7062495241 
0.952311133 
-0.2288195829 
1.000006585 
1.248473559e-06 
0.8009710498 
0.9999868293 
0.5527829303 
0.5391242445 
0.8291948591 
-0.3680253883 
1.00000699 
8.326625605e-07 
1.200955609 
0.9999860192 
0.7318362666 
0.3599407823 
0.6724032264 
-0.4003588304 
1.000007278 
6.246271251e-07 
1.600939896 
0.9999854443 
0.8461169922 
0.2196500994 
0.5182954516 
-0.3623775938 
1.000007501 
4.997642444e-07 
2.000923981 
0.9999849982 
0.913973188 
0.1269256402 
0.3861574045 
-0.2963986028 
1.000007683 
4.165049717e-07 
2.400907906 
0.9999846338 
0.9525825661 
0.07112777271 
0.2813537975 
-0.2286222006 
1.000007837 
3.570255596e-07 
2.800891696 
0.9999843256 
0.9740422242 
0.03922097262 
0.2019742373 
-0.1702495707 
1.000007971 
3.124113487e-07 
3.200875372 
0.9999840586 
0.9858280609 
0.02145977149 
0.1435224383 
-0.1240289663 
1.000008089 
2.777086491e-07 
3.600858948 
0.9999838231 
0.9922658631 
0.01170525848 
0.1012476743 
-0.08906993897 
1.000008194 
2.499447517e-07 
4.000842434 
0.9999836125 
0.9957759069 
0.00638084803 
0.07103814837 
-0.06333704245 
1.000008289 
2.272276863e-07 
4.40082584 
0.9999834219 
0.9976897997 
0.00348087686 
0.04963217794 
-0.04471884114 
1.000008376 
2.082960081e-07 
4.800809174 
0.9999832479 
0.9987344729 
0.001901494966 
0.03455863773 
-0.03140379653 
1.000008456 
1.922763344e-07 
5.200792441 
0.9999830879 
0.9993055644 
0.001040455899 
0.02399518782 
-0.02195990487 
1.00000853 
1.785447759e-07 
5.600775646 
0.9999829397 
0.9996182992 
0.0005703146072 
0.01662081315 
-0.01530309827 
1.000008599 
1.666437858e-07 
6.000758794 
0.9999828017 
0.9997898567 
0.0003131573625 
0.01148902888 
-0.01063351089 
1.000008664 
1.562301865e-07 
6.400741889 
0.9999826727 
0.9998841301 
0.0001722423107 
0.007927376278 
-0.007370685139 
1.000008724 
1.470415357e-07 
6.800724934 
0.9999825514 
0.9999360198 
9.488704532e-05 
0.005461115282 
-0.005098194434 
1.000008782 
1.388737039e-07 
7.200707932 
0.9999824371 
0.9999646248 
5.235044534e-05 
0.00375676194 
-0.003519787262 
1.000008836 
1.315655303e-07 
7.600690885 
0.999982329 
0.9999804166 
2.892251922e-05 
0.002581006707 
-0.002426055762 
1.000008887 
1.249880824e-07 
8.000673796 
0.9999822264 
0.9999891464 
1.59996827e-05 
0.001771172943 
-0.001669730701 
1.000008936 
1.190369833e-07 
8.400656667 
0.9999821289 
0.9999939782 
8.861467942e-06 
0.001214157232 
-0.001147672814 
1.000008982 
1.136268314e-07 
8.8006395 
0.9999820359 
0.9999966557 
4.913390539e-06 
0.0008315161289 
-0.0007878995674 
1.000009027 
1.086870761e-07 
9.200622297 
0.999981947 
0.999998141 
2.72711426e-06 
0.0005689614671 
-0.0005403213362 
1.000009069 
1.041589241e-07 
9.600605058 
0.9999818619 
0.9999989658 
1.515094604e-06 
0.0003889931289 
-0.0003701714791 
1.00000911 
9.999298781e-08 
10.00058779 
0.9999817802 
0.9999994242 
8.424830134e-07 
0.0002657509669 
-0.0002533723825 
1.000009149 
9.61474772e-08 
10.40057048 
0.9999817018 
0.9999996791 
4.688572797e-07 
0.0001814285316 
-0.0001732816785 
1.000009187 
9.258679272e-08 
10.80055315 
0.9999816263 
0.9999998211 
2.611281698e-07 
0.0001237814401 
-0.0001184161614 
1.000009223 
8.928042002e-08 
11.20053579 
0.9999815536 
0.9999999002 
1.455385023e-07 
8.440028072e-05 
-8.086471847e-05 
1.000009258 
8.620205325e-08 
11.60051839 
0.9999814834 
0.9999999443 
8.116946649e-08 
5.751590507e-05 
-5.518475174e-05 
1.000009292 
8.332889374e-08 
12.00050097 
0.9999814156 
0.9999999689 
4.529803429e-08 
3.917449096e-05 
-3.763664288e-05 
1.000009325 
8.064108431e-08 
12.40048353 
0.99998135 
0.9999999826 
2.52941886e-08 
2.666884922e-05 
-2.565383557e-05 
1.000009357 
7.812124978e-08 
12.80046605 
0.9999812866 
0.9999999903 
1.413191977e-08 
1.814694799e-05 
-1.747670371e-05 
1.000009388 
7.575412084e-08 
13.20044856 
0.999981225 
0.9999999946 
7.899619809e-09 
1.234278266e-05 
-1.190000548e-05 
1.000009417 
7.352622448e-08 
13.60043103 
0.9999811653 
0.999999997 
4.417968342e-09 
8.391575376e-06 
-8.09894639e-06 
1.000009446 
7.142562732e-08 
14.00041349 
0.9999811073 
0.9999999983 
2.471941975e-09 
5.703017719e-06 
-5.509545112e-06 
1.000009475 
6.944172185e-08 
14.40039592 
0.999981051 
0.999999999 
1.383700066e-09 
3.87441218e-06 
-3.746449747e-06 
1.000009502 
6.756504721e-08 
14.80037833 
0.9999809962 
0.9999999995 
7.748600644e-10 
2.631207909e-06 
-2.546544078e-06 
1.000009529 
6.578713838e-08 
15.20036072 
0.9999809429 
0.9999999997 
4.340833558e-10 
1.786325016e-06 
-1.730290196e-06 
1.000009555 
6.410039847e-08 
15.60034308 
0.9999808909 
0.9999999998 
2.432666039e-10 
1.212352505e-06 
-1.17525408e-06 
1.00000958 
6.249799024e-08 
16.00032543 
0.9999808403 
0.9999999999 
1.363777637e-10 
8.225590746e-07 
-7.97990288e-07 
1.000009605 
6.097374347e-08 
16.40030776 
0.9999807909 
0.9999999999 
7.648004061e-11 
5.579318968e-07 
-5.416563165e-07 
1.000009629 
5.952207551e-08 
16.80029006 
0.9999807427 
    1 
4.290312908e-11 
3.783353526e-07 
-3.675506536e-07 
1.000009652 
5.813792304e-08 
17.20027235 
0.9999806957 
    1 
2.407455024e-11 
2.564836256e-07 
-2.493354871e-07 
1.000009675 
5.681668299e-08 
17.60025462 
0.9999806497 
    1 
1.351310958e-11 
1.73833846e-07 
-1.690948508e-07 
1.000009698 
5.555416142e-08 
18.00023687 
0.9999806048 
    1 
7.587060151e-12 
1.17789255e-07 
-1.146466974e-07 
1.00000972 
5.434652909e-08 
18.40021911 
0.9999805608 
    1 
4.260935923e-12 
7.979543057e-08 
-7.771103811e-08 
1.000009741 
5.319028261e-08 
18.80020132 
0.9999805178 
    1 
2.393682148e-12 
5.404499493e-08 
-5.26621582e-08 
1.000009762 
5.208221053e-08 
19.20018352 
0.9999804757 
    1 
1.344970713e-12 
3.659669762e-08 
-3.567909721e-08 
1.000009783 
5.101936356e-08 
19.6001657 
0.9999804345 
    1 
7.559274718e-13 
2.477655347e-08 
-2.416754414e-08 
1.000009803 
4.999902831e-08 
20.00014787 
0.9999803941 
    1 
4.250221577e-13 
1.677088097e-08 
-1.636660446e-08 
1.000009823 
4.901870424e-08 
20.40013002 
0.9999803545 
    1 
2.391819442e-13 
1.134984834e-08 
-1.108142883e-08 
1.000009842 
4.80760831e-08 
20.80011215 
0.9999803156 
    1 
1.349047409e-13 
7.679739168e-09 
-7.501489967e-09 
1.000009861 
4.716903088e-08 
21.20009427 
0.9999802775 
    1 
7.677138717e-14 
5.195507498e-09 
-5.077117183e-09 
1.00000988 
4.629557161e-08 
21.60007638 
0.9999802401 
    1 
4.369471996e-14 
3.514287472e-09 
-3.435641386e-09 
1.000009898 
4.545387304e-08 
22.00005846 
0.9999802034 
    1 
2.867144165e-14 
2.376714192e-09 
-2.3244616e-09 
1.000009916 
4.464223377e-08 
22.40004054 
0.9999801674 
    1 
2.706868832e-14 
1.607124165e-09 
-1.572402072e-09 
1.000009934 
4.385907181e-08 
22.8000226 
0.999980132 
    1 
2.651740222e-14 
1.086568234e-09 
-1.063491785e-09 
1.000009952 
4.310291426e-08 
23.20000464 
0.9999800972 
    1 
2.679885561e-14 
7.345170257e-10 
-7.191781018e-10 
1.000009969 
4.237238808e-08 
23.59998668 
0.999980063 
    1 
2.756349119e-14 
4.964620984e-10 
-4.86264884e-10 
1.000009985 
4.166621173e-08 
23.9999687 
0.9999800294 
    1 
2.842404193e-14 
3.355147957e-10 
-3.287348384e-10 
1.000010002 
4.098318775e-08 
24.3999507 
0.9999799964 
    1 
2.915314157e-14 
2.267151194e-10 
-2.222066488e-10 
1.000010018 
4.03221959e-08 
24.79993269 
0.9999799639 
    1 
2.965638541e-14 
1.531772657e-10 
-1.501788863e-10 
1.000010034 
3.968218708e-08 
25.19991467 
0.9999799319 
    1 
2.991700709e-14 
1.034796315e-10 
-1.014853002e-10 
1.00001005 
3.906217774e-08 
25.59989664 
0.9999799004 
    1 
2.994257831e-14 
6.989784662e-11 
-6.857118638e-11 
1.000010065 
3.846124487e-08 
25.99987859 
0.9999798694 
    1 
2.97528681e-14 
4.720876498e-11 
-4.632614797e-11 
1.000010081 
3.787852139e-08 
26.39986054 
0.9999798388 
    1 
2.935430279e-14 
3.188107002e-11 
-3.129380581e-11 
1.000010096 
3.731319198e-08 
26.79984246 
0.9999798088 
    1 
2.874607146e-14 
2.152761753e-11 
-2.113682882e-11 
1.000010111 
3.676448929e-08 
27.19982438 
0.9999797791 
    1 
2.809086902e-14 
1.453493987e-11 
-1.427486621e-11 
1.000010125 
3.623169043e-08 
27.59980629 
0.9999797499 
    1 
2.756051924e-14 
9.812643104e-12 
-9.639543812e-12 
1.00001014 
3.571411386e-08 
27.99978818 
0.9999797212 
    1 
2.730439493e-14 
6.623926559e-12 
-6.508703996e-12 
1.000010154 
3.521111638e-08 
28.39977007 
0.9999796928 
    1 
2.701196811e-14 
4.47098231e-12 
-4.394277627e-12 
1.000010168 
3.472209056e-08 
28.79975194 
0.9999796648 
    1 
2.673599743e-14 
3.017515288e-12 
-2.966447483e-12 
1.000010182 
3.424646225e-08 
29.1997338 
0.9999796372 
    1 
2.644379088e-14 
2.036367666e-12 
-2.002365047e-12 
1.000010195 
3.378368831e-08 
29.59971565 
0.99997961 
    1 
2.614943889e-14 
1.374118379e-12 
-1.351476299e-12 
1.000010209 
3.33332546e-08 
29.99969749 
0.9999795832 
    1 
2.58727371e-14 
9.271593079e-13 
-9.120808115e-13 
1.000010222 
3.2894674e-08 
30.39967931 
0.9999795567 
    1 
2.564233611e-14 
6.255295212e-13 
-6.154871452e-13 
1.000010235 
3.246748474e-08 
30.79966113 
0.9999795305 
    1 
2.549187667e-14 
4.219931782e-13 
-4.153043413e-13 
1.000010248 
3.205124869e-08 
31.19964294 
0.9999795047 
    1 
2.544959283e-14 
2.846611002e-13 
-2.802055709e-13 
1.000010261 
3.164554992e-08 
31.59962474 
0.9999794793 
    1 
2.55261839e-14 
1.920068647e-13 
-1.890387463e-13 
1.000010273 
3.12499933e-08 
31.99960652 
0.9999794541 
    1 
2.573674612e-14 
1.295007123e-13 
-1.275233129e-13 
1.000010286 
3.086420321e-08 
32.3995883 
0.9999794293 
    1 
2.609911526e-14 
8.733636562e-14 
-8.601891141e-14 
1.000010298 
3.048782233e-08 
32.79957007 
0.9999794047 
    1 
2.660681158e-14 
5.889607709e-14 
-5.80182717e-14 
1.00001031 
3.01205106e-08 
33.19955182 
0.9999793805 
    1 
2.724526559e-14 
3.971426936e-14 
-3.912938614e-14 
1.000010322 
2.976194412e-08 
33.59953357 
0.9999793565 
    1 
2.799014421e-14 
2.677788456e-14 
-2.638819469e-14 
1.000010334 
2.941181425e-08 
33.99951531 
0.9999793329 
    1 
2.880889768e-14 
1.805409346e-14 
-1.779450623e-14 
1.000010345 
2.906982669e-08 
34.39949704 
0.9999793095 
    1 
2.96706904e-14 
1.217151185e-14 
-1.199868281e-14 
1.000010357 
2.873570069e-08 
34.79947876 
0.9999792864 
    1 
3.055515352e-14 
8.205050041e-15 
-8.090130893e-15 
1.000010368 
2.840916824e-08 
35.19946047 
0.9999792635 
    1 
3.1437702e-14 
5.530718262e-15 
-5.454533234e-15 
1.00001038 
2.808997338e-08 
35.59944217 
0.9999792409 
    1 
3.229282259e-14 
3.727649961e-15 
-3.677490675e-15 
1.000010391 
2.777787155e-08 
35.99942386 
0.9999792186 
    1 
3.309528399e-14 
2.511992164e-15 
-2.479494211e-15 
1.000010402 
2.74726289e-08 
36.39940554 
0.9999791965 
    1 
3.382074821e-14 
1.69230031e-15 
-1.672046095e-15 
1.000010413 
2.717402178e-08 
36.79938722 
0.9999791746 
    1 
3.445333077e-14 
1.139442603e-15 
-1.12805664e-15 
1.000010424 
2.688183614e-08 
37.19936889 
0.999979153 
    1 
3.498592001e-14 
7.662921956e-16 
-7.618774914e-16 
1.000010434 
2.659586705e-08 
37.59935054 
0.9999791316 
    1 
3.540276134e-14 
5.140197587e-16 
-5.158409728e-16 
1.000010445 
2.63159182e-08 
37.99933219 
0.9999791104 
    1 
3.57072332e-14 
3.428339679e-16 
-3.511942985e-16 
1.000010455 
2.604180147e-08 
38.39931383 
0.9999790895 
    1 
3.589563039e-14 
2.257151958e-16 
-2.420062638e-16 
1.000010466 
2.577333647e-08 
38.79929546 
0.9999790688 
    1 
3.595571493e-14 
1.441573636e-16 
-1.710902049e-16 
1.000010476 
2.551035021e-08 
39.19927709 
0.9999790482 
    1 
3.589397487e-14 
8.524804711e-17 
-1.273034519e-16 
1.000010486 
2.525267667e-08 
39.5992587 
0.9999790279 
    1 
3.571848714e-14 
3.962688919e-17 
-1.037997685e-16 
