0.09899773012 
-0.0006133786609 
0.9957636183 
-0.01387180641 
0.5301905725 
0.8919240999 
0.3452872554 
0.5801336779 
0.9128647306 
-0.29585527 
0.9871344649 
-0.01545927026 
0.9635312214 
0.6833502406 
0.62135008 
0.4158692106 
0.709405768 
-0.4097444706 
0.9801230992 
-0.009640592627 
1.292644177 
0.5280705545 
0.8024671009 
0.2484830603 
0.4920003788 
-0.3634253493 
0.976376211 
-0.004403343331 
1.559338592 
0.4525363672 
0.9040671186 
0.1304374127 
0.3189836779 
-0.2640458815 
0.9748022634 
-0.001687156964 
1.798786653 
0.4230963882 
0.9553696738 
0.06324865667 
0.1994630119 
-0.1744497571 
0.9742261313 
-0.0005859848676 
2.028144638 
0.4127699334 
0.9797169007 
0.02935426774 
0.1223634912 
-0.1101078613 
0.9740311092 
-0.0001922469004 
2.254038842 
0.4093031443 
0.9908909954 
0.01331734208 
0.07427041242 
-0.06792622037 
0.9739682279 
-6.047607845e-05 
2.478779005 
0.4081563889 
0.9959322285 
0.005973980155 
0.04478666432 
-0.0413888911 
0.9739488486 
-1.793575137e-05 
2.703138033 
0.4077779183 
0.9981877012 
0.002665765996 
0.0268877443 
-0.02503224439 
0.973943379 
-4.501265804e-06 
2.927371132 
0.407652546 
0.9991930471 
0.001187017668 
0.01608867091 
-0.01506417737 
0.9739422675 
-3.451792596e-07 
3.151562376 
0.4076106135 
0.999640574 
0.0005283068704 
0.009601388838 
-0.009032051798 
0.973942487 
8.916594402e-07 
3.375739513 
0.4075962654 
0.9998397791 
0.0002352266994 
0.005717203916 
-0.005399511906 
0.9739430889 
1.219586329e-06 
3.59991173 
0.4075910735 
0.9999285045 
0.0001048223142 
0.003397837143 
-0.003220062779 
0.9739437798 
1.269210431e-06 
3.824082082 
0.4075889418 
0.9999680604 
4.676095265e-05 
0.002016008668 
-0.001916318252 
0.9739444708 
1.237219857e-06 
4.048251597 
0.4075878482 
0.9999857149 
2.088407551e-05 
0.001194357837 
-0.001138358901 
0.9739451371 
1.184427368e-06 
4.272420628 
0.4075871195 
0.9999936037 
9.338080899e-06 
0.0007066361095 
-0.0006751344251 
0.9739457733 
1.129224448e-06 
4.496589302 
0.4075865303 
0.9999971329 
4.180236165e-06 
0.0004175735841 
-0.0003998302194 
0.9739463797 
1.076823482e-06 
4.720757671 
0.4075860038 
0.9999987135 
1.873377856e-06 
0.0002464872182 
-0.0002364819939 
0.9739469585 
1.028396139e-06 
4.94492576 
0.4075855131 
0.9999994221 
8.404404232e-07 
0.000145352269 
-0.0001397047335 
0.9739475117 
9.839211623e-07 
5.169093588 
0.407585048 
0.9999997402 
3.774148652e-07 
8.563508528e-05 
-8.24443327e-05 
0.9739480414 
9.430641712e-07 
5.393261165 
0.4075846039 
0.9999998831 
1.696425423e-07 
5.040994168e-05 
-4.860569552e-05 
0.9739485496 
9.05442743e-07 
5.617428504 
0.4075841784 
0.9999999474 
7.631819508e-08 
2.965128322e-05 
-2.863025478e-05 
0.9739490379 
8.707006381e-07 
5.841595613 
0.4075837696 
0.9999999763 
3.436165181e-08 
1.742844951e-05 
-1.685022878e-05 
0.9739495079 
8.385238407e-07 
6.065762502 
0.4075833763 
0.9999999893 
1.548278863e-08 
1.023727538e-05 
-9.909602482e-06 
0.9739499607 
8.086397463e-07 
6.289929178 
0.4075829972 
0.9999999952 
6.981227355e-09 
6.009529487e-06 
-5.823724177e-06 
0.9739503977 
7.80812196e-07 
6.514095649 
0.4075826315 
0.9999999978 
3.149935688e-09 
3.52569764e-06 
-3.420276373e-06 
0.9739508199 
7.548361096e-07 
6.738261923 
0.4075822781 
0.999999999 
1.42213378e-09 
2.067352198e-06 
-2.007506296e-06 
0.9739512283 
7.305327072e-07 
6.962428006 
0.4075819363 
0.9999999996 
6.424380155e-10 
1.21161168e-06 
-1.177620846e-06 
0.9739516238 
7.077454794e-07 
7.186593903 
0.4075816053 
0.9999999998 
2.903745439e-10 
7.097500367e-07 
-6.904349392e-07 
0.9739520071 
6.863368421e-07 
7.410759622 
0.4075812845 
0.9999999999 
1.313128385e-10 
4.155780629e-07 
-4.045974296e-07 
0.973952379 
6.661853662e-07 
7.634925166 
0.4075809732 
    1 
5.941050604e-11 
2.432294721e-07 
-2.369843343e-07 
0.9739527401 
6.471834757e-07 
7.859090542 
0.407580671 
    1 
2.689147781e-11 
1.42300495e-07 
-1.387472062e-07 
0.973953091 
6.292355278e-07 
8.083255754 
0.4075803772 
    1 
1.217732149e-11 
8.32209484e-08 
-8.119847224e-08 
0.9739534324 
6.122562028e-07 
8.307420807 
0.4075800915 
    1 
5.51626498e-12 
4.865232581e-08 
-4.75007514e-08 
0.9739537647 
5.961691482e-07 
8.531585705 
0.4075798134 
    1 
2.499729514e-12 
2.843329814e-08 
-2.777738208e-08 
0.9739540883 
5.809058311e-07 
8.755750452 
0.4075795425 
    1 
1.133316555e-12 
1.661158022e-08 
-1.623786156e-08 
0.9739544038 
5.664045613e-07 
8.979915051 
0.4075792785 
    1 
5.14151333e-13 
9.702006918e-09 
-9.489009345e-09 
0.9739547115 
5.52609659e-07 
9.204079508 
0.407579021 
    1 
2.336531169e-13 
5.664811873e-09 
-5.543380327e-09 
0.9739550118 
5.394707397e-07 
9.428243824 
0.4075787697 
    1 
1.068674674e-13 
3.306652784e-09 
-3.237404432e-09 
0.973955305 
5.269420995e-07 
9.652408004 
0.4075785242 
    1 
5.060089873e-14 
1.929640449e-09 
-1.890139922e-09 
0.9739555915 
5.149821838e-07 
9.87657205 
0.4075782845 
    1 
2.662108141e-14 
1.1257813e-09 
-1.10324375e-09 
0.9739558716 
5.035531269e-07 
10.10073597 
0.40757805 
    1 
2.372966747e-14 
6.566384443e-10 
-6.437762204e-10 
0.9739561455 
4.926203518e-07 
10.32489975 
0.4075778208 
    1 
2.345417657e-14 
3.829108875e-10 
-3.755686832e-10 
0.9739564135 
4.821522204e-07 
10.54906342 
0.4075775965 
    1 
2.327421479e-14 
2.232402353e-10 
-2.190481156e-10 
0.9739566759 
4.721197278e-07 
10.77322696 
0.4075773768 
    1 
2.315913543e-14 
1.301231387e-10 
-1.277290858e-10 
0.9739569329 
4.624962342e-07 
10.99739038 
0.4075771617 
    1 
2.304761351e-14 
7.583114394e-11 
-7.446365788e-11 
0.9739571848 
4.532572284e-07 
11.22155369 
0.407576951 
    1 
2.292502452e-14 
4.418300004e-11 
-4.340173625e-11 
0.9739574316 
4.443801195e-07 
11.44571688 
0.4075767444 
    1 
2.279882461e-14 
2.573834433e-11 
-2.529191288e-11 
0.9739576736 
4.358440523e-07 
11.66987996 
0.4075765418 
    1 
2.270823548e-14 
1.499087324e-11 
-1.473572589e-11 
0.9739579111 
4.276297439e-07 
11.89404292 
0.4075763431 
    1 
2.265953343e-14 
8.729655638e-12 
-8.583806595e-12 
0.9739581441 
4.197193383e-07 
12.11820578 
0.4075761481 
    1 
2.264564567e-14 
5.082693514e-12 
-4.999308199e-12 
0.9739583728 
4.120962766e-07 
12.34236853 
0.4075759567 
    1 
2.263606813e-14 
2.95882983e-12 
-2.911148716e-12 
0.9739585974 
4.047451815e-07 
12.56653118 
0.4075757687 
    1 
2.263372141e-14 
1.722177049e-12 
-1.694907902e-12 
0.9739588181 
3.976517537e-07 
12.79069373 
0.407575584 
    1 
2.263647241e-14 
1.002235328e-12 
-9.866375517e-13 
0.9739590349 
3.908026791e-07 
13.01485617 
0.4075754025 
    1 
2.264427883e-14 
5.831737356e-13 
-5.742505988e-13 
0.973959248 
3.841855451e-07 
13.23901852 
0.4075752242 
    1 
2.265790885e-14 
3.392850089e-13 
-3.341795589e-13 
0.9739594575 
3.777887663e-07 
13.46318077 
0.4075750488 
    1 
2.2678533e-14 
1.973657877e-13 
-1.944442595e-13 
0.9739596636 
3.716015158e-07 
13.68734292 
0.4075748764 
    1 
2.270702721e-14 
1.147946063e-13 
-1.131225775e-13 
0.9739598663 
3.656136647e-07 
13.91150498 
0.4075747067 
    1 
2.27436635e-14 
6.67598474e-14 
-6.580280036e-14 
0.9739600658 
3.598157268e-07 
14.13566695 
0.4075745397 
    1 
2.278810522e-14 
3.88199681e-14 
-3.827209894e-14 
0.9739602621 
3.541988079e-07 
14.35982883 
0.4075743754 
    1 
2.283953367e-14 
2.257057716e-14 
-2.225690726e-14 
0.9739604554 
3.487545609e-07 
14.58399061 
0.4075742136 
    1 
2.28967805e-14 
1.312137645e-14 
-1.294177096e-14 
0.9739606458 
3.434751441e-07 
14.80815231 
0.4075740543 
    1 
2.295840279e-14 
7.627230734e-15 
-7.524378036e-15 
0.9739608333 
3.383531834e-07 
15.03231392 
0.4075738974 
    1 
2.302267781e-14 
4.433090347e-15 
-4.374184339e-15 
0.973961018 
3.333817383e-07 
15.25647545 
0.4075737428 
    1 
2.308749439e-14 
2.576320423e-15 
-2.542580045e-15 
0.9739612 
3.285542702e-07 
15.48063689 
0.4075735904 
    1 
2.315008103e-14 
1.497090637e-15 
-1.477762704e-15 
0.9739613794 
3.238646137e-07 
15.70479824 
0.4075734403 
    1 
2.320643218e-14 
8.698663037e-16 
-8.58793319e-16 
0.9739615563 
3.193069508e-07 
15.92895952 
0.4075732923 
    1 
2.325015448e-14 
5.053756765e-16 
-4.99031334e-16 
0.9739617307 
3.148757861e-07 
16.15312071 
0.4075731463 
    1 
2.327020947e-14 
2.935855973e-16 
-2.899502159e-16 
0.9739619026 
3.105659252e-07 
16.37728183 
0.4075730024 
    1 
2.327182718e-14 
1.705355242e-16 
-1.684522152e-16 
0.9739620723 
3.063724545e-07 
16.60144287 
0.4075728604 
    1 
2.328534036e-14 
9.905029073e-17 
-9.785631189e-17 
0.9739622397 
3.022907218e-07 
16.82560383 
0.4075727203 
    1 
2.330804712e-14 
5.752524302e-17 
-5.684089377e-17 
0.9739624048 
2.983163199e-07 
17.04976471 
0.4075725821 
    1 
2.334368397e-14 
3.340596148e-17 
-3.301368147e-17 
0.9739625678 
2.944450702e-07 
17.27392551 
0.4075724457 
    1 
2.339803804e-14 
1.939783458e-17 
-1.917295459e-17 
0.9739627287 
2.906730084e-07 
17.49808625 
0.407572311 
    1 
2.348300917e-14 
1.126282165e-17 
-1.113389556e-17 
0.9739628876 
2.869963706e-07 
17.72224691 
0.407572178 
    1 
2.359442452e-14 
6.538930582e-18 
-6.465010021e-18 
0.9739630444 
2.834115811e-07 
17.94640749 
0.4075720468 
    1 
2.370265134e-14 
3.796056453e-18 
-3.753670368e-18 
0.9739631993 
2.799152405e-07 
18.17056801 
0.4075719171 
    1 
2.381122784e-14 
2.203564837e-18 
-2.179258801e-18 
0.9739633524 
2.765041152e-07 
18.39472845 
0.4075717891 
    1 
2.391869119e-14 
1.279048554e-18 
-1.265109383e-18 
0.9739635035 
2.731751273e-07 
18.61888882 
0.4075716626 
    1 
2.402586563e-14 
7.42364195e-19 
-7.343697003e-19 
0.9739636529 
2.699253454e-07 
18.84304913 
0.4075715376 
    1 
2.413459181e-14 
4.308405055e-19 
-4.262551235e-19 
0.9739638004 
2.66751976e-07 
19.06720936 
0.407571414 
    1 
2.424728156e-14 
2.500266312e-19 
-2.473964254e-19 
0.9739639463 
2.636523552e-07 
19.29136953 
0.407571292 
    1 
2.436614576e-14 
1.450864748e-19 
-1.435776711e-19 
0.9739640905 
2.606239418e-07 
19.51552963 
0.4075711713 
    1 
2.449278402e-14 
8.418586217e-20 
-8.332028992e-20 
0.973964233 
2.576643098e-07 
19.73968967 
0.407571052 
    1 
2.462805969e-14 
4.884539271e-20 
-4.834880144e-20 
0.9739643739 
2.547711424e-07 
19.96384964 
0.4075709341 
    1 
2.477210127e-14 
2.833876013e-20 
-2.805384599e-20 
0.9739645132 
2.519422254e-07 
20.18800954 
0.4075708175 
    1 
2.492431068e-14 
1.644036295e-20 
-1.627689553e-20 
0.973964651 
2.491754421e-07 
20.41216939 
0.4075707021 
    1 
2.50833055e-14 
9.537084119e-21 
-9.443306195e-21 
0.9739647873 
2.464687677e-07 
20.63632917 
0.4075705881 
    1 
2.524676137e-14 
5.532142072e-21 
-5.478368215e-21 
0.9739649222 
2.438202645e-07 
20.86048888 
0.4075704752 
    1 
2.541112801e-14 
3.208802046e-21 
-3.178013845e-21 
0.9739650555 
2.412280769e-07 
21.08464854 
0.4075703636 
    1 
2.557115389e-14 
1.861051865e-21 
-1.843507518e-21 
0.9739651875 
2.386904279e-07 
21.30880813 
0.4075702532 
    1 
2.571908318e-14 
1.07924752e-21 
-1.06939692e-21 
0.9739653181 
2.36205614e-07 
21.53296766 
0.4075701439 
    1 
2.584327952e-14 
6.257095467e-22 
-6.204371185e-22 
0.9739654474 
2.337720022e-07 
21.75712714 
0.4075700357 
    1 
2.592583031e-14 
3.625254584e-22 
-3.601639544e-22 
0.9739655753 
2.31388026e-07 
21.98128655 
0.4075699286 
    1 
2.596352898e-14 
2.096473516e-22 
-2.094501552e-22 
0.9739657019 
2.290521823e-07 
22.20544591 
0.4075698227 
    1 
2.597700102e-14 
1.205646275e-22 
-1.224693857e-22 
0.9739658272 
2.267630278e-07 
22.42960521 
0.4075697178 
    1 
2.595167874e-14 
6.81649405e-23 
-7.277359162e-23 
0.9739659513 
2.245191766e-07 
22.65376445 
0.4075696139 
    1 
2.587414316e-14 
3.648877975e-23 
-4.525749581e-23 
0.9739660742 
2.223192971e-07 
22.87792363 
0.4075695111 
    1 
2.572335974e-14 
1.58721289e-23 
-3.157102508e-23 
