0.3923653081 
-0.0006164861245 
0.9996088263 
-0.00125149917 
0.5485270924 
0.9873817017 
0.3981406082 
0.6441383667 
0.91288345 
-0.2943291989 
0.9988885637 
-0.001183479276 
1.08542458 
0.9654876264 
0.6873312952 
0.4046330143 
0.712251691 
-0.4013128055 
0.998394362 
-0.000617139663 
1.612102053 
0.9513938484 
0.8523926144 
0.2097649227 
0.4997873156 
-0.3554407398 
0.9981699802 
-0.0002431913159 
2.133424292 
0.9453200769 
0.9336928115 
0.09817948685 
0.3296203636 
-0.2618521098 
0.9980871864 
-8.346105632e-05 
2.652632367 
0.9431271817 
0.9708514887 
0.04383939921 
0.2099506109 
-0.1767039366 
0.9980596882 
-2.667165707e-05 
3.171103153 
0.9423888059 
0.9872821112 
0.0192065037 
0.1310433097 
-0.1140307247 
0.9980510712 
-8.133603547e-06 
3.68932854 
0.9421456648 
0.9944568586 
0.008364056217 
0.0807590187 
-0.07178593171 
0.9980484997 
-2.32979576e-06 
4.207473293 
0.9420658262 
0.9975799584 
0.00364119848 
0.04934063583 
-0.04451415425 
0.9980478012 
-5.556909376e-07 
4.72559152 
0.942039455 
0.9989405965 
0.001588368512 
0.02995435149 
-0.02732569736 
0.9980476703 
-2.630318458e-08 
5.243700941 
0.9420306207 
0.9995348527 
0.0006948777486 
0.01809569698 
-0.01665231639 
0.9980477058 
1.235998885e-07 
5.76180738 
0.9420275657 
0.9997951725 
0.0003049302493 
0.01088835233 
-0.01009131212 
0.9980477862 
1.592386037e-07 
6.27991276 
0.9420264283 
0.9999095566 
0.0001342116323 
0.006529983897 
-0.006088021888 
0.9980478752 
1.613591778e-07 
6.798017724 
0.9420259348 
0.9999599632 
5.92367912e-05 
0.003905195432 
-0.003659330434 
0.9980479622 
1.543765445e-07 
7.316122487 
0.9420256627 
0.9999822362 
2.621220713e-05 
0.002329822602 
-0.002192685192 
0.9980480447 
1.455562751e-07 
7.834227126 
0.9420254713 
0.999992102 
1.162585562e-05 
0.001387033229 
-0.001310370809 
0.9980481223 
1.369627234e-07 
8.352331671 
0.9420253128 
0.9999964819 
5.16725607e-06 
0.0008242222653 
-0.0007812840568 
0.9980481954 
1.290998956e-07 
8.870436133 
0.9420251709 
0.9999984302 
2.301025734e-06 
0.0004889741995 
-0.0004648841507 
0.9980482645 
1.220186953e-07 
9.38854052 
0.9420250393 
0.9999992985 
1.026433673e-06 
0.0002896594454 
-0.0002761237181 
0.9980483298 
1.156509117e-07 
9.906644837 
0.9420249155 
0.9999996861 
4.585832685e-07 
0.0001713618077 
-0.0001637461423 
0.9980483918 
1.099074397e-07 
10.42474909 
0.9420247983 
0.9999998593 
2.051734779e-07 
0.0001012558433 
-9.696582266e-05 
0.9980484508 
1.047050891e-07 
10.94285328 
0.9420246869 
0.9999999369 
9.191466053e-08 
5.97658941e-05 
-5.73466069e-05 
0.9980485071 
9.997222093e-08 
11.4609574 
0.9420245807 
0.9999999717 
4.122493875e-08 
3.524157532e-05 
-3.387589227e-05 
0.9980485608 
9.564847575e-08 
11.97906147 
0.9420244792 
0.9999999873 
1.850987746e-08 
2.076165061e-05 
-1.999001867e-05 
0.9980486123 
9.168314751e-08 
12.49716549 
0.9420243819 
0.9999999943 
8.3191095e-09 
1.222094713e-05 
-1.178459601e-05 
0.9980486617 
8.803349016e-08 
13.01526946 
0.9420242887 
0.9999999974 
3.742360344e-09 
7.188070764e-06 
-6.941126336e-06 
0.9980487092 
8.466326698e-08 
13.53337337 
0.942024199 
0.9999999988 
1.684919625e-09 
4.224830117e-06 
-4.084976267e-06 
0.9980487549 
8.1541574e-08 
14.05147723 
0.9420241128 
0.9999999995 
7.591895057e-10 
2.481520335e-06 
-2.402263045e-06 
0.998048799 
7.864189937e-08 
14.56958105 
0.9420240296 
0.9999999998 
3.42321496e-10 
1.456659518e-06 
-1.411715335e-06 
0.9980488415 
7.594137163e-08 
15.08768483 
0.9420239494 
0.9999999999 
1.544577597e-10 
8.54570367e-07 
-8.290692521e-07 
0.9980488825 
7.342015624e-08 
15.60578856 
0.9420238719 
    1 
6.97360468e-11 
5.010757359e-07 
-4.865986907e-07 
0.9980489222 
7.106096787e-08 
16.12389225 
0.9420237969 
    1 
3.150375292e-11 
2.936563241e-07 
-2.854335e-07 
0.9980489607 
6.884867368e-08 
16.64199589 
0.9420237243 
    1 
1.423990488e-11 
1.7201611e-07 
-1.673433987e-07 
0.998048998 
6.676996842e-08 
17.1600995 
0.9420236539 
    1 
6.439814524e-12 
1.007174736e-07 
-9.806096298e-08 
0.9980490342 
6.481310661e-08 
17.67820307 
0.9420235856 
    1 
2.913776117e-12 
5.894643893e-08 
-5.74355323e-08 
0.9980490693 
6.296768047e-08 
18.19630661 
0.9420235193 
    1 
1.318970821e-12 
3.448558185e-08 
-3.362590162e-08 
0.9980491035 
6.122443478e-08 
18.7144101 
0.9420234548 
    1 
5.974181732e-13 
2.016759599e-08 
-1.967826797e-08 
0.9980491367 
5.957511163e-08 
19.23251357 
0.9420233921 
    1 
2.710149487e-13 
1.179005725e-08 
-1.151143334e-08 
0.998049169 
5.801231961e-08 
19.750617 
0.9420233311 
    1 
1.236697378e-13 
6.890184543e-09 
-6.731482e-09 
0.9980492005 
5.652942304e-08 
20.26872039 
0.9420232716 
    1 
5.799743756e-14 
4.025374646e-09 
-3.93494951e-09 
0.9980492312 
5.512044783e-08 
20.78682375 
0.9420232137 
    1 
2.94452971e-14 
2.35098083e-09 
-2.299442847e-09 
0.9980492612 
5.378000099e-08 
21.30492709 
0.9420231571 
    1 
2.39963224e-14 
1.372668047e-09 
-1.34328531e-09 
0.9980492904 
5.250320171e-08 
21.82303039 
0.942023102 
    1 
2.402405862e-14 
8.012379319e-10 
-7.844816453e-10 
0.9980493189 
5.12856219e-08 
22.34113366 
0.9420230481 
    1 
2.418608698e-14 
4.675655468e-10 
-4.580072943e-10 
0.9980493468 
5.012323493e-08 
22.8592369 
0.9420229955 
    1 
2.425526012e-14 
2.727807026e-10 
-2.673270274e-10 
0.9980493741 
4.901237116e-08 
23.37734011 
0.942022944 
    1 
2.424982094e-14 
1.591034909e-10 
-1.559910201e-10 
0.9980494007 
4.794967916e-08 
23.8954433 
0.9420228937 
    1 
2.419981124e-14 
9.277803589e-11 
-9.100130329e-11 
0.9980494268 
4.693209206e-08 
24.41354646 
0.9420228444 
    1 
2.410761524e-14 
5.408965819e-11 
-5.307519707e-11 
0.9980494524 
4.595679786e-08 
24.93164959 
0.9420227962 
    1 
2.40063001e-14 
3.152759453e-11 
-3.094824408e-11 
0.9980494774 
4.502121359e-08 
25.44975269 
0.942022749 
    1 
2.394011885e-14 
1.837294078e-11 
-1.804201076e-11 
0.9980495019 
4.412296239e-08 
25.96785577 
0.9420227027 
    1 
2.388557366e-14 
1.070486607e-11 
-1.051579878e-11 
0.9980495259 
4.32598534e-08 
26.48595882 
0.9420226573 
    1 
2.385067637e-14 
6.235938281e-12 
-6.127899742e-12 
0.9980495495 
4.242986389e-08 
27.00406185 
0.9420226129 
    1 
2.383773233e-14 
3.631980289e-12 
-3.570232698e-12 
0.9980495726 
4.163112343e-08 
27.52216486 
0.9420225692 
    1 
2.384940109e-14 
2.114994231e-12 
-2.079697263e-12 
0.9980495953 
4.086189985e-08 
28.04026784 
0.9420225264 
    1 
2.38857814e-14 
1.231407193e-12 
-1.211226872e-12 
0.9980496175 
4.012058667e-08 
28.5583708 
0.9420224844 
    1 
2.394374128e-14 
7.168422539e-13 
-7.053026897e-13 
0.9980496394 
3.940569191e-08 
29.07647373 
0.9420224431 
    1 
2.401726178e-14 
4.172317967e-13 
-4.106321766e-13 
0.9980496609 
3.871582806e-08 
29.59457664 
0.9420224025 
    1 
2.40993093e-14 
2.428093692e-13 
-2.390343924e-13 
0.998049682 
3.804970313e-08 
30.11267953 
0.9420223627 
    1 
2.418404085e-14 
1.412830155e-13 
-1.391234159e-13 
0.9980497027 
3.740611251e-08 
30.6307824 
0.9420223235 
    1 
2.426738691e-14 
8.219645028e-14 
-8.096080544e-14 
0.9980497232 
3.678393176e-08 
31.14888525 
0.942022285 
    1 
2.434677938e-14 
4.781418704e-14 
-4.710709894e-14 
0.9980497432 
3.618211002e-08 
31.66698808 
0.9420222471 
    1 
2.442130361e-14 
2.781012967e-14 
-2.740545043e-14 
0.998049763 
3.559966408e-08 
32.18509088 
0.9420222099 
    1 
2.449170457e-14 
1.617311228e-14 
-1.594147737e-14 
0.9980497824 
3.503567307e-08 
32.70319367 
0.9420221732 
    1 
2.455905184e-14 
9.404382401e-15 
-9.271780093e-15 
0.9980498015 
3.448927353e-08 
33.22129643 
0.9420221371 
    1 
2.462303059e-14 
5.467826292e-15 
-5.391907301e-15 
0.9980498203 
3.395965506e-08 
33.73939918 
0.9420221016 
    1 
2.46817403e-14 
3.178692175e-15 
-3.135221089e-15 
0.9980498389 
3.344605628e-08 
34.2575019 
0.9420220666 
    1 
2.473222909e-14 
1.847706919e-15 
-1.822812629e-15 
0.9980498571 
3.294776118e-08 
34.77560461 
0.9420220321 
    1 
2.477041634e-14 
1.073915207e-15 
-1.059657597e-15 
0.9980498751 
3.246409581e-08 
35.2937073 
0.9420219982 
    1 
2.479014996e-14 
6.24109191e-16 
-6.159426136e-16 
0.9980498928 
3.199442518e-08 
35.81180997 
0.9420219647 
    1 
2.478104636e-14 
3.626654362e-16 
-3.579872397e-16 
0.9980499103 
3.153815058e-08 
36.32991262 
0.9420219317 
    1 
2.474942426e-14 
2.107211013e-16 
-2.08040942e-16 
0.9980499275 
3.109470692e-08 
36.84801525 
0.9420218992 
    1 
2.47269135e-14 
1.224242281e-16 
-1.208886027e-16 
0.9980499445 
3.066356049e-08 
37.36611787 
0.9420218672 
    1 
2.471158783e-14 
7.111895611e-17 
-7.023901959e-17 
0.9980499612 
3.024420675e-08 
37.88422046 
0.9420218355 
    1 
2.470594056e-14 
4.1310756e-17 
-4.080649236e-17 
0.9980499778 
2.98361684e-08 
38.40232305 
0.9420218044 
    1 
2.471094699e-14 
2.399395036e-17 
-2.370494682e-17 
0.9980499941 
2.943899355e-08 
38.92042561 
0.9420217736 
    1 
2.472949885e-14 
1.393484826e-17 
-1.376920003e-17 
0.9980500102 
2.905225407e-08 
39.43852816 
0.9420217432 
    1 
2.476808132e-14 
8.092181173e-18 
-7.99722841e-18 
0.998050026 
2.867554401e-08 
39.95663069 
0.9420217133 
    1 
2.483893762e-14 
4.698862852e-18 
-4.644429558e-18 
0.9980500417 
2.830847823e-08 
40.4747332 
0.9420216837 
    1 
2.493903543e-14 
2.728253215e-18 
-2.697045864e-18 
0.9980500572 
2.795069105e-08 
40.9928357 
0.9420216545 
    1 
2.504135813e-14 
1.583952665e-18 
-1.566059647e-18 
0.9980500724 
2.760183505e-08 
41.51093818 
0.9420216256 
    1 
2.515374064e-14 
9.195306048e-19 
-9.092706881e-19 
0.9980500875 
2.726157993e-08 
42.02904065 
0.9420215972 
    1 
2.528064109e-14 
5.337740573e-19 
-5.278905436e-19 
0.9980501024 
2.69296115e-08 
42.5471431 
0.942021569 
    1 
2.542886494e-14 
3.0982525e-19 
-3.064511219e-19 
0.9980501172 
2.660563067e-08 
43.06524553 
0.9420215412 
    1 
2.560414505e-14 
1.79822896e-19 
-1.778877343e-19 
0.9980501317 
2.628935257e-08 
43.58334795 
0.9420215138 
    1 
2.580998434e-14 
1.043620808e-19 
-1.032521329e-19 
0.9980501461 
2.598050574e-08 
44.10145036 
0.9420214866 
    1 
2.604773819e-14 
6.056346769e-20 
-5.992679669e-20 
0.9980501603 
2.56788313e-08 
44.61955275 
0.9420214598 
    1 
2.63187229e-14 
3.514387596e-20 
-3.477866073e-20 
0.9980501743 
2.538408228e-08 
45.13765512 
0.9420214333 
    1 
2.662737794e-14 
2.039201217e-20 
-2.018251047e-20 
0.9980501882 
2.509602291e-08 
45.65575748 
0.9420214071 
    1 
2.695801633e-14 
1.183157078e-20 
-1.171140453e-20 
0.9980502019 
2.481442799e-08 
46.17385983 
0.9420213812 
    1 
2.726588297e-14 
6.864304362e-21 
-6.795409424e-21 
0.9980502155 
2.453908234e-08 
46.69196216 
0.9420213556 
    1 
2.754174905e-14 
3.982180153e-21 
-3.942738296e-21 
0.9980502289 
2.426978021e-08 
47.21006448 
0.9420213303 
    1 
2.778931687e-14 
2.309987524e-21 
-2.287510811e-21 
0.9980502422 
2.400632479e-08 
47.72816678 
0.9420213052 
    1 
2.803034504e-14 
1.339811984e-21 
-1.327185507e-21 
0.9980502553 
2.374852772e-08 
48.24626908 
0.9420212804 
    1 
2.824745234e-14 
7.769010927e-22 
-7.701288648e-22 
0.9980502683 
2.349620864e-08 
48.76437135 
0.9420212559 
    1 
2.843126321e-14 
4.50194493e-22 
-4.471337111e-22 
0.9980502812 
2.324919479e-08 
49.28247362 
0.9420212316 
    1 
2.856987275e-14 
2.603864549e-22 
-2.600688479e-22 
0.9980502939 
2.300732058e-08 
49.80057587 
0.9420212076 
    1 
2.864240709e-14 
1.497665949e-22 
-1.520916858e-22 
0.9980503065 
2.277042726e-08 
50.3186781 
0.9420211838 
    1 
2.864172433e-14 
8.468781915e-23 
-9.039079294e-23 
0.9980503189 
2.253836254e-08 
50.83678033 
0.9420211603 
    1 
2.858110868e-14 
4.534015723e-23 
-5.622395051e-23 
0.9980503313 
2.231098027e-08 
51.35488254 
0.942021137 
    1 
2.843293127e-14 
1.972521703e-23 
-3.922998178e-23 
