0.2613816535 
-0.0006156730165 
0.9979710585 
-0.006526597548 
0.5395578485 
0.9410126694 
0.375037644 
0.6178451797 
0.9128325484 
-0.2950225379 
0.9940831667 
-0.006637174359 
1.027225449 
0.8335251568 
0.6599399262 
0.4122273121 
0.7111282018 
-0.4043372619 
0.991214556 
-0.003727872981 
1.463195766 
0.7597893256 
0.8328507969 
0.2269200261 
0.4969702046 
-0.3580545518 
0.9898234385 
-0.001555904691 
1.870488888 
0.7263901961 
0.9226725476 
0.1110824812 
0.3259210011 
-0.2624214271 
0.9892840006 
-0.0005565105243 
2.265994379 
0.7139706931 
0.9653148852 
0.05112310931 
0.2063838192 
-0.1758253609 
0.9890981255 
-0.0001837304276 
2.657294893 
0.7097267343 
0.9846555307 
0.02285206085 
0.1281321899 
-0.1126556155 
0.9890379632 
-5.804823457e-05 
3.047180584 
0.7083204357 
0.9932463212 
0.01008887741 
0.07860316035 
-0.07047266733 
0.9890192072 
-1.774363889e-05 
3.436599484 
0.7078580593 
0.9970302643 
0.004434896591 
0.04783781773 
-0.043466735 
0.9890135748 
-5.145033848e-06 
3.825864898 
0.7077058371 
0.99869289 
0.001948451832 
0.02894762094 
-0.026564335 
0.9890120174 
-1.267792563e-06 
4.215079678 
0.707655434 
0.9994236607 
0.0008570462622 
0.01743954877 
-0.0161286362 
0.989011706 
-9.54726081e-08 
4.604277625 
0.7076385504 
0.9997453495 
0.0003776949894 
0.01046905005 
-0.009743810181 
0.9890117665 
2.446970131e-07 
4.993469882 
0.7076327448 
0.999887246 
0.0001668051864 
0.006265937494 
-0.005863068205 
0.9890119307 
3.309608461e-07 
5.38266014 
0.7076306189 
0.9999499723 
7.382788801e-05 
0.00374077814 
-0.003516291585 
0.9890121173 
3.411729872e-07 
5.771849628 
0.7076297258 
0.9999777603 
3.274457334e-05 
0.002228344639 
-0.002102945853 
0.9890123023 
3.298214926e-07 
6.16103876 
0.7076292536 
0.9999900956 
1.45516286e-05 
0.001324845231 
-0.001254651843 
0.9890124792 
3.134311118e-07 
6.550227681 
0.7076289316 
0.9999955818 
6.478515074e-06 
0.0007863334536 
-0.0007469718079 
0.989012647 
2.968630874e-07 
6.939416443 
0.7076286686 
0.9999980261 
2.889139647e-06 
0.000466001645 
-0.0004438946595 
0.989012806 
2.814172065e-07 
7.328605069 
0.7076284336 
0.9999991169 
1.290419522e-06 
0.0002757877292 
-0.0002633543298 
0.9890129568 
2.67327095e-07 
7.71779357 
0.7076282152 
0.9999996044 
5.771740908e-07 
0.0001630147592 
-0.0001560132334 
0.9890131003 
2.545256786e-07 
8.106981955 
0.7076280091 
0.9999998226 
2.58490763e-07 
9.624829427e-05 
-9.230112116e-05 
0.989013237 
2.428766622e-07 
8.496170229 
0.7076278132 
0.9999999203 
1.159041492e-07 
5.676965988e-05 
-5.454211704e-05 
0.9890133676 
2.322416252e-07 
8.885358399 
0.7076276262 
0.9999999642 
5.202674227e-08 
3.345293336e-05 
-3.219466273e-05 
0.9890134926 
2.224970723e-07 
9.274546467 
0.7076274472 
0.9999999839 
2.337707053e-08 
1.969607653e-05 
-1.898470468e-05 
0.9890136125 
2.135367445e-07 
9.663734439 
0.7076272757 
0.9999999928 
1.051369212e-08 
1.158729126e-05 
-1.118479256e-05 
0.9890137276 
2.052699856e-07 
10.05292232 
0.7076271109 
0.9999999967 
4.732510033e-09 
6.811873952e-06 
-6.583970261e-06 
0.9890138384 
1.976193817e-07 
10.44211011 
0.7076269524 
0.9999999985 
2.131922185e-09 
4.001812661e-06 
-3.872680589e-06 
0.9890139451 
1.905185579e-07 
10.83129782 
0.7076267997 
0.9999999993 
9.611026329e-10 
2.349486509e-06 
-2.276272871e-06 
0.9890140481 
1.839103197e-07 
11.22048544 
0.7076266524 
0.9999999997 
4.335752281e-10 
1.378585488e-06 
-1.337051242e-06 
0.9890141475 
1.777451332e-07 
11.60967298 
0.7076265101 
0.9999999999 
1.957201762e-10 
8.084546732e-07 
-7.848792051e-07 
0.9890142437 
1.719798878e-07 
11.99886045 
0.7076263725 
0.9999999999 
8.840257931e-11 
4.738642809e-07 
-4.604755696e-07 
0.9890143367 
1.665768899e-07 
12.38804784 
0.7076262393 
    1 
3.99519071e-11 
2.776146016e-07 
-2.700073482e-07 
0.9890144269 
1.615030378e-07 
12.77723516 
0.7076261102 
    1 
1.806484411e-11 
1.625672859e-07 
-1.582429932e-07 
0.9890145144 
1.567291438e-07 
13.16642241 
0.707625985 
    1 
8.172180382e-12 
9.515638357e-08 
-9.269721157e-08 
0.9890145994 
1.522293719e-07 
13.55560959 
0.7076258635 
    1 
3.69834118e-12 
5.567587702e-08 
-5.427680894e-08 
0.9890146819 
1.479807705e-07 
13.94479671 
0.7076257454 
    1 
1.67446477e-12 
3.256343108e-08 
-3.17671704e-08 
0.9890147622 
1.439628807e-07 
14.33398376 
0.7076256305 
    1 
7.584815797e-13 
1.903864457e-08 
-1.858529907e-08 
0.9890148403 
1.401574067e-07 
14.72317075 
0.7076255187 
    1 
3.439545013e-13 
1.112737713e-08 
-1.086917918e-08 
0.9890149164 
1.365479375e-07 
15.11235768 
0.7076254098 
    1 
1.565331949e-13 
6.501417022e-09 
-6.354315165e-09 
0.9890149906 
1.331197102e-07 
15.50154455 
0.7076253037 
    1 
7.221909806e-14 
3.797420074e-09 
-3.713586418e-09 
0.9890150629 
1.29859408e-07 
15.89073136 
0.7076252002 
    1 
3.531639479e-14 
2.217385101e-09 
-2.169593998e-09 
0.9890151334 
1.267549876e-07 
16.27991812 
0.7076250993 
    1 
2.412116903e-14 
1.294408879e-09 
-1.267156898e-09 
0.9890152023 
1.237955306e-07 
16.66910482 
0.7076250007 
    1 
2.389038545e-14 
7.554144917e-10 
-7.398703829e-10 
0.9890152696 
1.209711148e-07 
17.05829146 
0.7076249044 
    1 
2.379947962e-14 
4.407454436e-10 
-4.318770473e-10 
0.9890153354 
1.182727034e-07 
17.44747806 
0.7076248102 
    1 
2.377483101e-14 
2.570892505e-10 
-2.520283129e-10 
0.9890153998 
1.156920484e-07 
17.8366646 
0.7076247182 
    1 
2.377371714e-14 
1.499264077e-10 
-1.470375982e-10 
0.9890154627 
1.13221606e-07 
18.2258511 
0.7076246281 
    1 
2.376886555e-14 
8.7412745e-11 
-8.576342634e-11 
0.9890155243 
1.108544637e-07 
18.61503754 
0.7076245399 
    1 
2.375253581e-14 
5.095394333e-11 
-5.001208851e-11 
0.9890155847 
1.08584275e-07 
19.00422394 
0.7076244536 
    1 
2.372617441e-14 
2.969552641e-11 
-2.91575623e-11 
0.9890156438 
1.064052028e-07 
19.39341029 
0.707624369 
    1 
2.369272729e-14 
1.730286386e-11 
-1.699553098e-11 
0.9890157017 
1.043118695e-07 
19.78259659 
0.7076242861 
    1 
2.36571449e-14 
1.008003469e-11 
-9.90442528e-12 
0.9890157585 
1.022993124e-07 
20.17178285 
0.7076242048 
    1 
2.36252563e-14 
5.871192049e-12 
-5.770830712e-12 
0.9890158143 
1.003629446e-07 
20.56096907 
0.707624125 
    1 
2.360255753e-14 
3.419115277e-12 
-3.361748298e-12 
0.9890158689 
9.849852001e-08 
20.95015524 
0.7076240468 
    1 
2.359342404e-14 
1.990798056e-12 
-1.958001246e-12 
0.9890159226 
9.670210236e-08 
21.33934136 
0.70762397 
    1 
2.360070626e-14 
1.15896238e-12 
-1.140209298e-12 
0.9890159753 
9.497003732e-08 
21.72852745 
0.7076238946 
    1 
2.362556822e-14 
6.745942804e-13 
-6.638696437e-13 
0.9890160271 
9.329892781e-08 
22.1177135 
0.7076238205 
    1 
2.366744172e-14 
3.925993189e-13 
-3.864651034e-13 
0.989016078 
9.168561172e-08 
22.5068995 
0.7076237477 
    1 
2.37240609e-14 
2.284505802e-13 
-2.249414483e-13 
0.989016128 
9.012714193e-08 
22.89608547 
0.7076236761 
    1 
2.379172253e-14 
1.329146881e-13 
-1.309069714e-13 
0.9890161771 
8.862076834e-08 
23.28527139 
0.7076236058 
    1 
2.386601144e-14 
7.732033369e-14 
-7.61714787e-14 
0.9890162254 
8.716392171e-08 
23.67445728 
0.7076235366 
    1 
2.394288864e-14 
4.497347439e-14 
-4.431598906e-14 
0.989016273 
8.5754199e-08 
24.06364313 
0.7076234686 
    1 
2.401956516e-14 
2.615549776e-14 
-2.577917269e-14 
0.9890163198 
8.438935016e-08 
24.45282894 
0.7076234017 
    1 
2.409467918e-14 
1.520950684e-14 
-1.499408255e-14 
0.9890163658 
8.306726613e-08 
24.84201472 
0.7076233358 
    1 
2.416773514e-14 
8.843303951e-15 
-8.719971042e-15 
0.9890164112 
8.1785968e-08 
25.23120046 
0.7076232709 
    1 
2.423816316e-14 
5.141180534e-15 
-5.070562693e-15 
0.9890164558 
8.054359708e-08 
25.62038617 
0.707623207 
    1 
2.430457396e-14 
2.988557202e-15 
-2.948118285e-15 
0.9890164998 
7.933840594e-08 
26.00957184 
0.7076231441 
    1 
2.436439856e-14 
1.737049413e-15 
-1.713889722e-15 
0.9890165431 
7.816875019e-08 
26.39875747 
0.7076230821 
    1 
2.441350781e-14 
1.009522624e-15 
-9.962574554e-16 
0.9890165858 
7.703308102e-08 
26.78794307 
0.7076230211 
    1 
2.444525322e-14 
5.866439062e-16 
-5.790452258e-16 
0.9890166278 
7.592993832e-08 
27.17712864 
0.7076229609 
    1 
2.444835733e-14 
3.408701566e-16 
-3.365169657e-16 
0.9890166693 
7.485794443e-08 
27.56631418 
0.7076229015 
    1 
2.442799388e-14 
1.980434739e-16 
-1.955493379e-16 
0.9890167102 
7.381579843e-08 
27.95549968 
0.707622843 
    1 
2.441484798e-14 
1.150510032e-16 
-1.136218649e-16 
0.9890167505 
7.280227084e-08 
28.34468515 
0.7076227853 
    1 
2.440716859e-14 
6.683127319e-17 
-6.601230134e-17 
0.9890167903 
7.181619879e-08 
28.73387059 
0.7076227284 
    1 
2.440950146e-14 
3.881768186e-17 
-3.834832499e-17 
0.9890168295 
7.085648156e-08 
29.123056 
0.7076226723 
    1 
2.44260855e-14 
2.254452231e-17 
-2.227550772e-17 
0.9890168682 
6.992207651e-08 
29.51224138 
0.7076226169 
    1 
2.446329078e-14 
1.309227324e-17 
-1.29380727e-17 
0.9890169064 
6.901199528e-08 
29.90142673 
0.7076225622 
    1 
2.453229934e-14 
7.60243349e-18 
-7.514037517e-18 
0.9890169441 
6.812530028e-08 
30.29061205 
0.7076225083 
    1 
2.462886045e-14 
4.414227077e-18 
-4.363549646e-18 
0.9890169813 
6.726110154e-08 
30.67979734 
0.707622455 
    1 
2.472461799e-14 
2.562843434e-18 
-2.533787733e-18 
0.9890170181 
6.641855364e-08 
31.0689826 
0.7076224024 
    1 
2.482525476e-14 
1.487838196e-18 
-1.47117793e-18 
0.9890170544 
6.559685303e-08 
31.45816783 
0.7076223504 
    1 
2.493182878e-14 
8.636869984e-19 
-8.541334337e-19 
0.9890170903 
6.479523541e-08 
31.84735303 
0.7076222991 
    1 
2.504768762e-14 
5.013314006e-19 
-4.958526553e-19 
0.9890171257 
6.401297341e-08 
32.2365382 
0.7076222484 
    1 
2.517691699e-14 
2.909792686e-19 
-2.878371101e-19 
0.9890171607 
6.324937435e-08 
32.62572335 
0.7076221984 
    1 
2.532364824e-14 
1.688762374e-19 
-1.670740272e-19 
0.9890171953 
6.250377824e-08 
33.01490847 
0.7076221489 
    1 
2.549100129e-14 
9.800429495e-20 
-9.697055361e-20 
0.9890172294 
6.177555581e-08 
33.40409356 
0.7076221 
    1 
2.568033901e-14 
5.687120407e-20 
-5.627821727e-20 
0.9890172632 
6.106410682e-08 
33.79327863 
0.7076220516 
    1 
2.589091941e-14 
3.299978635e-20 
-3.265961406e-20 
0.9890172966 
6.036885832e-08 
34.18246367 
0.7076220039 
    1 
2.612007162e-14 
1.914704636e-20 
-1.895190152e-20 
0.9890173296 
5.96892632e-08 
34.57164868 
0.7076219566 
    1 
2.636376638e-14 
1.110873968e-20 
-1.09968035e-20 
0.9890173623 
5.902479869e-08 
34.96083367 
0.7076219099 
    1 
2.661706467e-14 
6.444660098e-21 
-6.380481291e-21 
0.9890173946 
5.837496505e-08 
35.35001863 
0.7076218637 
    1 
2.687413176e-14 
3.738573314e-21 
-3.701830489e-21 
0.9890174265 
5.77392843e-08 
35.73920356 
0.707621818 
    1 
2.712797541e-14 
2.168585469e-21 
-2.147647093e-21 
0.9890174581 
5.711729906e-08 
36.12838847 
0.7076217728 
    1 
2.737012082e-14 
1.257746342e-21 
-1.24598549e-21 
0.9890174893 
5.650857147e-08 
36.51757336 
0.7076217281 
    1 
2.759024137e-14 
7.292855448e-22 
-7.229807436e-22 
0.9890175202 
5.591268209e-08 
36.90675822 
0.7076216839 
    1 
2.777560126e-14 
4.225859741e-22 
-4.197426165e-22 
0.9890175508 
5.532922903e-08 
37.29594306 
0.7076216401 
    1 
2.791003147e-14 
2.444086994e-22 
-2.441274268e-22 
0.9890175811 
5.4757827e-08 
37.68512788 
0.7076215968 
    1 
2.797207736e-14 
1.405713848e-22 
-1.427632263e-22 
0.9890176111 
5.419810643e-08 
38.07431267 
0.7076215539 
    1 
2.795746301e-14 
7.948531713e-23 
-8.484322865e-23 
0.9890176407 
5.364971274e-08 
38.46349743 
0.7076215115 
    1 
2.788550833e-14 
4.255329958e-23 
-5.277089855e-23 
0.9890176701 
5.311230554e-08 
38.85268218 
0.7076214694 
    1 
2.773039977e-14 
1.851213387e-23 
-3.681856929e-23 
