0.2288611459 
-0.0006153489229 
0.9975466294 
-0.007919551018 
0.5375237719 
0.9304147186 
0.3691752451 
0.6107421029 
0.9128277785 
-0.2951996112 
0.9927878639 
-0.008202442801 
1.013674059 
0.8021189585 
0.6526347141 
0.4135321621 
0.7108091679 
-0.4052616985 
0.9892101316 
-0.004699245599 
1.427650482 
0.7126759602 
0.8273630026 
0.2312691285 
0.4961167732 
-0.358905537 
0.9874436717 
-0.001993248875 
1.806623144 
0.6716146524 
0.9194492284 
0.1146541565 
0.3247695324 
-0.2626384672 
0.9867489846 
-0.0007213717369 
2.171046925 
0.6562168239 
0.9636475467 
0.05324266345 
0.2052575143 
-0.1755700247 
0.9865071581 
-0.0002401752847 
2.530246385 
0.650931575 
0.983848012 
0.02394722903 
0.1272050419 
-0.1122290386 
0.9864282995 
-7.636741816e-05 
2.887682107 
0.649176502 
0.9928685233 
0.0106183282 
0.07791271479 
-0.07005786159 
0.9864035677 
-2.347678178e-05 
3.244535012 
0.6485989267 
0.9968567674 
0.004682306863 
0.04735461522 
-0.04313293245 
0.9863960953 
-6.858874192e-06 
3.601196161 
0.6484087286 
0.9986140238 
0.002061990505 
0.02862296004 
-0.02632035406 
0.9863940076 
-1.722493661e-06 
3.957794048 
0.6483457659 
0.9993880128 
0.0009086345321 
0.01722744765 
-0.01596017334 
0.9863935735 
-1.622515454e-07 
4.314370914 
0.6483246965 
0.9997292862 
0.0004010058761 
0.01033324788 
-0.009631696957 
0.9863936356 
2.938711543e-07 
4.670940687 
0.6483174718 
0.9998800193 
0.0001773067042 
0.006180280498 
-0.005790325063 
0.9863938375 
4.118826828e-07 
5.027507977 
0.6483148443 
0.9999467233 
7.855140854e-05 
0.003687367191 
-0.003469949925 
0.9863940708 
4.281100992e-07 
5.384074321 
0.6483137554 
0.9999762999 
3.486772718e-05 
0.002195340073 
-0.00207382613 
0.9863943033 
4.151765462e-07 
5.740640234 
0.6483131905 
0.999989439 
1.550581167e-05 
0.001304598102 
-0.001236547035 
0.9863945263 
3.951942253e-07 
6.097205897 
0.6483128114 
0.9999952865 
6.907417936e-06 
0.0007739862293 
-0.0007358096593 
0.986394738 
3.747153979e-07 
6.453771373 
0.6483125046 
0.9999978932 
3.082002865e-06 
0.0004585091761 
-0.000437059557 
0.9863949387 
3.55525054e-07 
6.810336692 
0.6483122313 
0.9999990571 
1.377186349e-06 
0.0002712601504 
-0.0002591922927 
0.9863951294 
3.37972814e-07 
7.166901865 
0.6483119775 
0.9999995775 
6.162311598e-07 
0.0001602885616 
-0.0001534907491 
0.9863953108 
3.21998086e-07 
7.523466903 
0.648311738 
0.9999998104 
2.760821571e-07 
9.461181279e-05 
-9.077839079e-05 
0.9863954838 
3.074416054e-07 
7.880031813 
0.6483115102 
0.9999999149 
1.238320677e-07 
5.578994495e-05 
-5.362603191e-05 
0.9863956492 
2.941366887e-07 
8.2365966 
0.6483112927 
0.9999999617 
5.560172562e-08 
3.286778623e-05 
-3.164516564e-05 
0.9863958076 
2.819331312e-07 
8.59316127 
0.6483110845 
0.9999999828 
2.499008667e-08 
1.934731775e-05 
-1.865594864e-05 
0.9863959595 
2.707010847e-07 
8.949725828 
0.6483108848 
0.9999999922 
1.124188287e-08 
1.137980991e-05 
-1.098854932e-05 
0.9863961055 
2.603294535e-07 
9.306290279 
0.6483106928 
0.9999999965 
5.061424326e-09 
6.688645535e-06 
-6.467063363e-06 
0.986396246 
2.507231719e-07 
9.662854626 
0.6483105081 
0.9999999984 
2.280564129e-09 
3.928733699e-06 
-3.803161474e-06 
0.9863963814 
2.418005882e-07 
10.01941887 
0.6483103301 
0.9999999993 
1.028308883e-09 
2.306206696e-06 
-2.234999767e-06 
0.9863965121 
2.334912364e-07 
10.37598302 
0.6483101584 
0.9999999997 
4.639754269e-10 
1.352985282e-06 
-1.312583297e-06 
0.9863966383 
2.257340026e-07 
10.73254708 
0.6483099924 
0.9999999999 
2.094774797e-10 
7.933290477e-07 
-7.703930012e-07 
0.9863967605 
2.184756294e-07 
11.08911105 
0.6483098319 
0.9999999999 
9.463081154e-11 
4.649366552e-07 
-4.519093368e-07 
0.9863968787 
2.116694946e-07 
11.44567493 
0.6483096764 
    1 
4.277232355e-11 
2.723502189e-07 
-2.649473739e-07 
0.9863969934 
2.052746096e-07 
11.80223873 
0.6483095257 
    1 
1.934233388e-11 
1.594657289e-07 
-1.552571335e-07 
0.9863971046 
1.992547938e-07 
12.15880244 
0.6483093795 
    1 
8.750873448e-12 
9.333054929e-08 
-9.093690612e-08 
0.9863972126 
1.935779899e-07 
12.51536608 
0.6483092375 
    1 
3.961060838e-12 
5.460184398e-08 
-5.323991306e-08 
0.9863973176 
1.882156925e-07 
12.87192964 
0.6483090995 
    1 
1.793797061e-12 
3.19320793e-08 
-3.115687749e-08 
0.9863974197 
1.831424696e-07 
13.22849312 
0.6483089653 
    1 
8.12847419e-13 
1.866775623e-08 
-1.822635878e-08 
0.9863975191 
1.783355593e-07 
13.58505654 
0.6483088346 
    1 
3.685515958e-13 
1.090963048e-08 
-1.065821489e-08 
0.9863976159 
1.737745283e-07 
13.94161988 
0.6483087074 
    1 
1.675037001e-13 
6.37365167e-09 
-6.230401695e-09 
0.9863977103 
1.694409815e-07 
14.29818315 
0.6483085833 
    1 
7.671656137e-14 
3.722492222e-09 
-3.640847148e-09 
0.9863978023 
1.653183141e-07 
14.65474635 
0.6483084623 
    1 
3.632259121e-14 
2.173465747e-09 
-2.126918698e-09 
0.9863978922 
1.613914989e-07 
15.01130949 
0.6483083442 
    1 
2.231045775e-14 
1.268677456e-09 
-1.242132921e-09 
0.9863979799 
1.576469035e-07 
15.36787257 
0.6483082289 
    1 
2.216318239e-14 
7.403456993e-10 
-7.252040424e-10 
0.9863980656 
1.54072132e-07 
15.72443558 
0.6483081163 
    1 
2.23179006e-14 
4.319245902e-10 
-4.23285225e-10 
0.9863981494 
1.506558877e-07 
16.08099853 
0.6483080061 
    1 
2.251001985e-14 
2.519278198e-10 
-2.469972669e-10 
0.9863982313 
1.473878542e-07 
16.43756142 
0.6483078984 
    1 
2.269810045e-14 
1.469073877e-10 
-1.440928293e-10 
0.9863983115 
1.442585915e-07 
16.79412425 
0.648307793 
    1 
2.283069196e-14 
8.564749317e-11 
-8.404047218e-11 
0.98639839 
1.412594442e-07 
17.15068703 
0.6483076898 
    1 
2.290141975e-14 
4.992213294e-11 
-4.900438057e-11 
0.9863984669 
1.383824623e-07 
17.50724974 
0.6483075887 
    1 
2.294428331e-14 
2.909261588e-11 
-2.856839001e-11 
0.9863985423 
1.356203305e-07 
17.86381241 
0.6483074896 
    1 
2.296101802e-14 
1.69506777e-11 
-1.665117769e-11 
0.9863986161 
1.329663061e-07 
18.22037502 
0.6483073926 
    1 
2.295788256e-14 
9.874367814e-12 
-9.703225497e-12 
0.9863986886 
1.30414164e-07 
18.57693757 
0.6483072974 
    1 
2.294310328e-14 
5.751121939e-12 
-5.653308836e-12 
0.9863987596 
1.279581482e-07 
18.93350008 
0.648307204 
    1 
2.292452876e-14 
3.349036042e-12 
-3.293123042e-12 
0.9863988293 
1.255929282e-07 
19.29006253 
0.6483071123 
    1 
2.290840792e-14 
1.949906582e-12 
-1.917939581e-12 
0.9863988978 
1.233135604e-07 
19.64662494 
0.6483070224 
    1 
2.289907378e-14 
1.135107903e-12 
-1.116828512e-12 
0.986398965 
1.211154537e-07 
20.00318729 
0.648306934 
    1 
2.289913113e-14 
6.606817794e-13 
-6.502276039e-13 
0.986399031 
1.189943389e-07 
20.3597496 
0.6483068472 
    1 
2.290983431e-14 
3.844870401e-13 
-3.785072804e-13 
0.9863990959 
1.169462402e-07 
20.71631186 
0.6483067619 
    1 
2.293146747e-14 
2.237213896e-13 
-2.203004823e-13 
0.9863991597 
1.149674515e-07 
21.07287407 
0.6483066781 
    1 
2.29636374e-14 
1.301582976e-13 
-1.28200984e-13 
0.9863992224 
1.130545128e-07 
21.42943624 
0.6483065957 
    1 
2.300546356e-14 
7.571410208e-14 
-7.459404798e-14 
0.986399284 
1.112041909e-07 
21.78599836 
0.6483065146 
    1 
2.305569887e-14 
4.403765433e-14 
-4.339662904e-14 
0.9863993447 
1.09413461e-07 
22.14256044 
0.6483064349 
    1 
2.311282774e-14 
2.561037236e-14 
-2.524345601e-14 
0.9863994044 
1.076794897e-07 
22.49912247 
0.6483063564 
    1 
2.317516917e-14 
1.489202178e-14 
-1.468197649e-14 
0.9863994632 
1.059996206e-07 
22.85568446 
0.6483062792 
    1 
2.324097806e-14 
8.658429979e-15 
-8.538172753e-15 
0.986399521 
1.043713605e-07 
23.21224641 
0.6483062031 
    1 
2.330851002e-14 
5.033544799e-15 
-4.964685888e-15 
0.986399578 
1.027923672e-07 
23.56880832 
0.6483061282 
    1 
2.337600515e-14 
2.925900443e-15 
-2.886467578e-15 
0.9863996341 
1.012604379e-07 
23.92537019 
0.6483060545 
    1 
2.344154651e-14 
1.700581369e-15 
-1.67799719e-15 
0.9863996894 
9.977349925e-08 
24.28193201 
0.6483059818 
    1 
2.350274404e-14 
9.88300327e-16 
-9.753644272e-16 
0.9863997438 
9.832959804e-08 
24.6384938 
0.6483059102 
    1 
2.355614717e-14 
5.742955319e-16 
-5.668852616e-16 
0.9863997975 
9.69268924e-08 
24.99505555 
0.6483058396 
    1 
2.359614315e-14 
3.3368615e-16 
-3.294407829e-16 
0.9863998505 
9.556364413e-08 
25.35161726 
0.6483057701 
    1 
2.36128286e-14 
1.938645435e-16 
-1.91432121e-16 
0.9863999027 
9.423821143e-08 
25.70817893 
0.6483057014 
    1 
2.361315595e-14 
1.126204403e-16 
-1.112266284e-16 
0.9863999541 
9.294904237e-08 
26.06474057 
0.6483056338 
    1 
2.363021225e-14 
6.541778005e-17 
-6.461903237e-17 
0.9864000049 
9.169466878e-08 
26.42130216 
0.648305567 
    1 
2.366597873e-14 
3.799576611e-17 
-3.753798881e-17 
0.986400055 
9.047370069e-08 
26.77786372 
0.6483055012 
    1 
2.373246477e-14 
2.206665284e-17 
-2.180426901e-17 
0.9864001044 
8.928482118e-08 
27.13442525 
0.6483054362 
    1 
2.382512433e-14 
1.281446753e-17 
-1.266406433e-17 
0.9864001532 
8.812678168e-08 
27.49098674 
0.6483053721 
    1 
2.391558761e-14 
7.440951369e-18 
-7.354730323e-18 
0.9864002014 
8.699839754e-08 
27.84754819 
0.6483053088 
    1 
2.400853415e-14 
4.320371409e-18 
-4.270939792e-18 
0.9864002489 
8.589854403e-08 
28.20410961 
0.6483052463 
    1 
2.410283197e-14 
2.508298967e-18 
-2.47995695e-18 
0.9864002959 
8.482615259e-08 
28.560671 
0.6483051846 
    1 
2.419918366e-14 
1.45614279e-18 
-1.439891409e-18 
0.9864003422 
8.378020735e-08 
28.91723235 
0.6483051236 
    1 
2.429914184e-14 
8.452708588e-19 
-8.359515752e-19 
0.986400388 
8.275974195e-08 
29.27379367 
0.6483050634 
    1 
2.440480044e-14 
4.906320179e-19 
-4.852875224e-19 
0.9864004333 
8.176383653e-08 
29.63035495 
0.648305004 
    1 
2.451809636e-14 
2.847637434e-19 
-2.816985209e-19 
0.986400478 
8.079161499e-08 
29.9869162 
0.6483049452 
    1 
2.464046104e-14 
1.652658234e-19 
-1.635077075e-19 
0.9864005221 
7.984224241e-08 
30.34347743 
0.6483048871 
    1 
2.477274936e-14 
9.590730038e-20 
-9.489883297e-20 
0.9864005658 
7.891492266e-08 
30.70003861 
0.6483048298 
    1 
2.491527015e-14 
5.565333744e-20 
-5.507483826e-20 
0.986400609 
7.800889617e-08 
31.05659977 
0.648304773 
    1 
2.506779787e-14 
3.229254895e-20 
-3.196068185e-20 
0.9864006516 
7.712343785e-08 
31.4131609 
0.648304717 
    1 
2.522952034e-14 
1.87363748e-20 
-1.854599115e-20 
0.9864006938 
7.625785517e-08 
31.76972199 
0.6483046615 
    1 
2.539892126e-14 
1.087029446e-20 
-1.076108758e-20 
0.9864007355 
7.541148634e-08 
32.12628306 
0.6483046067 
    1 
2.557359929e-14 
6.30622464e-21 
-6.243609802e-21 
0.9864007767 
7.458369863e-08 
32.4828441 
0.6483045525 
    1 
2.575001084e-14 
3.658207846e-21 
-3.62236007e-21 
0.9864008175 
7.37738868e-08 
32.8394051 
0.6483044988 
    1 
2.592310927e-14 
2.121935713e-21 
-2.101507486e-21 
0.9864008579 
7.29814716e-08 
33.19596608 
0.6483044458 
    1 
2.608582699e-14 
1.230671347e-21 
-1.21919758e-21 
0.9864008978 
7.22058984e-08 
33.55252703 
0.6483043933 
    1 
2.622830164e-14 
7.135758091e-22 
-7.074260766e-22 
0.9864009373 
7.144663591e-08 
33.90908795 
0.6483043414 
    1 
2.633670722e-14 
4.134768627e-22 
-4.107057252e-22 
0.9864009764 
7.070317495e-08 
34.26564884 
0.64830429 
    1 
2.639157896e-14 
2.391368715e-22 
-2.388678616e-22 
0.9864010151 
6.997502732e-08 
34.6222097 
0.6483042392 
    1 
2.639101132e-14 
1.375373579e-22 
-1.396853877e-22 
0.9864010534 
6.926172471e-08 
34.97877053 
0.6483041888 
    1 
2.635817578e-14 
7.776866582e-23 
-8.301280438e-23 
0.9864010913 
6.856281774e-08 
35.33533134 
0.648304139 
    1 
2.627343571e-14 
4.163370481e-23 
-5.163152134e-23 
0.9864011288 
6.787787495e-08 
35.69189212 
0.6483040897 
    1 
2.611455168e-14 
1.811183536e-23 
-3.602286027e-23 
