0.2939720039 
-0.0006159439025 
0.9983888513 
-0.005165383089 
0.5416739793 
0.9520048366 
0.3808629211 
0.6247347973 
0.9128411312 
-0.2948451968 
0.9953384118 
-0.005157727915 
1.041177622 
0.86558093 
0.6670554051 
0.4106692347 
0.7114325282 
-0.4034835175 
0.993129035 
-0.002841558392 
1.499426519 
0.8072385291 
0.8380821583 
0.2225840936 
0.4977608469 
-0.3572913574 
0.9920760018 
-0.001167934761 
1.935122283 
0.7811539623 
0.9256916729 
0.1076539427 
0.3269743606 
-0.2622401808 
0.991673046 
-0.0004131796154 
2.361646254 
0.7715315234 
0.9668565314 
0.04913270989 
0.2074070584 
-0.1760670922 
0.9915355143 
-0.0001353414869 
2.784918628 
0.7682569681 
0.9853952348 
0.02183818284 
0.1289709776 
-0.113046619 
0.9914913117 
-4.249554209e-05 
3.207100355 
0.7671739826 
0.9935900228 
0.009603503773 
0.07922608008 
-0.07084950471 
0.9914776148 
-1.290640382e-05 
3.628922746 
0.766818183 
0.9971872838 
0.00420968059 
0.04827290533 
-0.04376863829 
0.9914735331 
-3.701422244e-06 
4.050627039 
0.7667010607 
0.998763977 
0.001845645926 
0.02923951835 
-0.02678439219 
0.9914724234 
-8.808660567e-07 
4.472292368 
0.766662259 
0.9994556883 
0.0008105271859 
0.01763002059 
-0.01628028715 
0.9914722184 
-3.273030325e-08 
4.893944731 
0.7666492386 
0.9997597432 
0.0003567439675 
0.01059088593 
-0.00984458818 
0.9914722815 
2.107036109e-07 
5.315592699 
0.76664474 
0.9998937073 
0.0001573922083 
0.006342723153 
-0.005928381371 
0.991472418 
2.703639027e-07 
5.737239111 
0.7666430739 
0.9999528717 
6.960348019e-05 
0.003788624402 
-0.003557860721 
0.9914725693 
2.753412207e-07 
6.158884915 
0.7666423583 
0.9999790615 
3.084936332e-05 
0.002257892952 
-0.002129046043 
0.9914727182 
2.650566245e-07 
6.58053043 
0.7666419683 
0.9999906798 
1.37012711e-05 
0.001342962618 
-0.001270868364 
0.9914728603 
2.514067932e-07 
7.002175768 
0.7666416957 
0.9999958442 
6.096819708e-06 
0.0007973768188 
-0.0007569639465 
0.9914729948 
2.378555092e-07 
7.423820971 
0.7666414701 
0.9999981441 
2.71771564e-06 
0.000472700169 
-0.0004500101908 
0.9914731221 
2.253019622e-07 
7.845466056 
0.7666412674 
0.99999917 
1.213381922e-06 
0.0002798340544 
-0.000267076528 
0.9914732428 
2.138836324e-07 
8.267111035 
0.7666410788 
0.9999996283 
5.425301441e-07 
0.0001654503732 
-0.0001582682404 
0.9914733576 
2.035274004e-07 
8.688755912 
0.7666409007 
0.9999998333 
2.429006137e-07 
9.770990617e-05 
-9.366189609e-05 
0.9914734669 
1.941151162e-07 
9.110400694 
0.7666407314 
0.9999999252 
1.088836424e-07 
5.764444667e-05 
-5.536050334e-05 
0.9914735713 
1.855308578e-07 
9.532045385 
0.76664057 
0.9999999664 
4.886319565e-08 
3.39752805e-05 
-3.268541271e-05 
0.9914736711 
1.776723803e-07 
9.95368999 
0.7666404155 
0.9999999849 
2.195061881e-08 
2.000733404e-05 
-1.927823458e-05 
0.9914737668 
1.704521518e-07 
10.37533451 
0.7666402675 
0.9999999932 
9.870108827e-09 
1.177242353e-05 
-1.135996548e-05 
0.9914738587 
1.637957024e-07 
10.79697895 
0.7666401254 
0.9999999969 
4.441970434e-09 
6.921807249e-06 
-6.688301571e-06 
0.9914739471 
1.576395622e-07 
11.21862332 
0.7666399887 
0.9999999986 
2.0006885e-09 
4.066995344e-06 
-3.934708718e-06 
0.9914740322 
1.519293943e-07 
11.64026761 
0.7666398571 
0.9999999994 
9.017948451e-10 
2.388083393e-06 
-2.313091556e-06 
0.9914741143 
1.466184397e-07 
12.06191183 
0.7666397302 
0.9999999997 
4.067594276e-10 
1.401412144e-06 
-1.35887459e-06 
0.9914741935 
1.416662498e-07 
12.48355598 
0.7666396076 
0.9999999999 
1.835894706e-10 
8.219395999e-07 
-7.977975411e-07 
0.9914742702 
1.370376606e-07 
12.90520006 
0.7666394891 
0.9999999999 
8.291242822e-11 
4.818224227e-07 
-4.681134844e-07 
0.9914743443 
1.327019574e-07 
13.32684408 
0.7666393744 
    1 
3.746581866e-11 
2.823067017e-07 
-2.745183248e-07 
0.9914744162 
1.28632193e-07 
13.74848804 
0.7666392633 
    1 
1.693876167e-11 
1.653313432e-07 
-1.609045329e-07 
0.9914744859 
1.248046279e-07 
14.17013194 
0.7666391555 
    1 
7.662214452e-12 
9.678335195e-08 
-9.426611584e-08 
0.9914745535 
1.21198266e-07 
14.59177578 
0.7666390509 
    1 
3.467731847e-12 
5.663282575e-08 
-5.520085091e-08 
0.9914746192 
1.177944704e-07 
15.01341957 
0.7666389493 
    1 
1.570035639e-12 
3.312589967e-08 
-3.231097889e-08 
0.9914746831 
1.145766401e-07 
15.43506329 
0.7666388505 
    1 
7.111255386e-13 
1.936903558e-08 
-1.890510294e-08 
0.9914747453 
1.115299403e-07 
15.85670697 
0.7666387543 
    1 
3.223804653e-13 
1.13213303e-08 
-1.105712247e-08 
0.9914748058 
1.086410729e-07 
16.27835059 
0.7666386607 
    1 
1.464407425e-13 
6.61521141e-09 
-6.464696352e-09 
0.9914748648 
1.05898083e-07 
16.69999416 
0.7666385695 
    1 
6.699914042e-14 
3.86414917e-09 
-3.778376165e-09 
0.9914749223 
1.032901933e-07 
17.12163769 
0.7666384805 
    1 
3.152943499e-14 
2.256495643e-09 
-2.207602145e-09 
0.9914749784 
1.008076624e-07 
17.54328116 
0.7666383938 
    1 
2.123106921e-14 
1.317321206e-09 
-1.289442329e-09 
0.9914750332 
9.844166387e-08 
17.96492459 
0.766638309 
    1 
2.114340405e-14 
7.688314129e-10 
-7.529306705e-10 
0.9914750868 
9.61841805e-08 
18.38656797 
0.7666382263 
    1 
2.123311221e-14 
4.485988023e-10 
-4.395274469e-10 
0.9914751391 
9.402791421e-08 
18.8082113 
0.7666381454 
    1 
2.138805834e-14 
2.616842622e-10 
-2.56507781e-10 
0.9914751902 
9.196620696e-08 
19.2298546 
0.7666380663 
    1 
2.154875837e-14 
1.526139508e-10 
-1.496593409e-10 
0.9914752402 
8.999297216e-08 
19.65149784 
0.7666379889 
    1 
2.166544795e-14 
8.898408497e-11 
-8.729728216e-11 
0.9914752892 
8.810263459e-08 
20.07314105 
0.7666379132 
    1 
2.172959294e-14 
5.187235734e-11 
-5.090914265e-11 
0.9914753372 
8.629007785e-08 
20.49478422 
0.766637839 
    1 
2.177263707e-14 
3.023214732e-11 
-2.968200805e-11 
0.9914753841 
8.455059809e-08 
20.91642734 
0.7666377664 
    1 
2.179390457e-14 
1.761631082e-11 
-1.730203616e-11 
0.9914754302 
8.287986328e-08 
21.33807043 
0.7666376952 
    1 
2.179737228e-14 
1.026306967e-11 
-1.00835013e-11 
0.9914754753 
8.127387712e-08 
21.75971347 
0.7666376254 
    1 
2.178920376e-14 
5.978044238e-12 
-5.8754245e-12 
0.9914755196 
7.972894721e-08 
22.18135648 
0.7666375569 
    1 
2.177558145e-14 
3.481476905e-12 
-3.422821302e-12 
0.991475563 
7.824165665e-08 
22.60299945 
0.7666374897 
    1 
2.176160183e-14 
2.027184631e-12 
-1.993652372e-12 
0.9914756057 
7.680883884e-08 
23.02464239 
0.7666374238 
    1 
2.175095547e-14 
1.180187949e-12 
-1.161015036e-12 
0.9914756475 
7.542755495e-08 
23.44628529 
0.7666373591 
    1 
2.174602351e-14 
6.869730175e-13 
-6.760086682e-13 
0.9914756886 
7.409507383e-08 
23.86792815 
0.7666372955 
    1 
2.17481326e-14 
3.998169774e-13 
-3.935458642e-13 
0.991475729 
7.280885397e-08 
24.28957098 
0.766637233 
    1 
2.175782882e-14 
2.326580714e-13 
-2.290707429e-13 
0.9914757687 
7.156652732e-08 
24.71121377 
0.7666371716 
    1 
2.17751169e-14 
1.35366915e-13 
-1.333145235e-13 
0.9914758078 
7.036588473e-08 
25.13285654 
0.7666371113 
    1 
2.179965985e-14 
7.87492675e-14 
-7.757488457e-14 
0.9914758461 
6.920486288e-08 
25.55449926 
0.7666370519 
    1 
2.183094426e-14 
4.580596791e-14 
-4.513389287e-14 
0.9914758839 
6.808153239e-08 
25.97614196 
0.7666369935 
    1 
2.186840375e-14 
2.664041762e-14 
-2.625575283e-14 
0.991475921 
6.699408716e-08 
26.39778462 
0.7666369361 
    1 
2.191148658e-14 
1.549191834e-14 
-1.527172614e-14 
0.9914759576 
6.594083467e-08 
26.81942726 
0.7666368796 
    1 
2.195966904e-14 
9.00774901e-15 
-8.881689797e-15 
0.9914759936 
6.492018719e-08 
27.24106986 
0.7666368239 
    1 
2.201243507e-14 
5.236919325e-15 
-5.164742337e-15 
0.991476029 
6.393065379e-08 
27.66271243 
0.7666367691 
    1 
2.206924754e-14 
3.044286836e-15 
-3.002956124e-15 
0.9914760639 
6.297083308e-08 
28.08435497 
0.7666367151 
    1 
2.212953102e-14 
1.769484714e-15 
-1.745814865e-15 
0.9914760983 
6.203940658e-08 
28.50599748 
0.766636662 
    1 
2.219267773e-14 
1.028397556e-15 
-1.014840507e-15 
0.9914761322 
6.113513267e-08 
28.92763997 
0.7666366096 
    1 
2.225808211e-14 
5.97626141e-16 
-5.898604424e-16 
0.9914761655 
6.025684112e-08 
29.34928242 
0.766636558 
    1 
2.232520307e-14 
3.472592013e-16 
-3.428104276e-16 
0.9914761984 
5.940342795e-08 
29.77092485 
0.7666365071 
    1 
2.239364454e-14 
2.01759878e-16 
-1.99211034e-16 
0.9914762309 
5.857385087e-08 
30.19256725 
0.7666364569 
    1 
2.246323207e-14 
1.17212495e-16 
-1.1575204e-16 
0.9914762629 
5.776712501e-08 
30.61420962 
0.7666364075 
    1 
2.253405139e-14 
6.808825678e-17 
-6.725135612e-17 
0.9914762944 
5.698231903e-08 
31.03585196 
0.7666363587 
    1 
2.260642014e-14 
3.9548573e-17 
-3.906895069e-17 
0.9914763256 
5.62185515e-08 
31.45749428 
0.7666363105 
    1 
2.268080185e-14 
2.296945921e-17 
-2.269456631e-17 
0.9914763563 
5.547498765e-08 
31.87913657 
0.766636263 
    1 
2.275771301e-14 
1.333930135e-17 
-1.318173433e-17 
0.9914763866 
5.475083627e-08 
32.30077884 
0.7666362161 
    1 
2.283766525e-14 
7.746022082e-18 
-7.655697943e-18 
0.9914764165 
5.404534695e-08 
32.72242108 
0.7666361699 
    1 
2.292113798e-14 
4.497680958e-18 
-4.445899046e-18 
0.991476446 
5.335780746e-08 
33.14406329 
0.7666361242 
    1 
2.30085576e-14 
2.611341845e-18 
-2.581653418e-18 
0.9914764752 
5.268754135e-08 
33.56570548 
0.7666360791 
    1 
2.310027221e-14 
1.516019697e-18 
-1.498996926e-18 
0.991476504 
5.203390575e-08 
33.98734765 
0.7666360346 
    1 
2.319652086e-14 
8.800611056e-19 
-8.702998319e-19 
0.9914765324 
5.139628929e-08 
34.40898979 
0.7666359906 
    1 
2.329739607e-14 
5.108442185e-19 
-5.052464488e-19 
0.9914765605 
5.077411022e-08 
34.8306319 
0.7666359471 
    1 
2.340279785e-14 
2.965053837e-19 
-2.93295014e-19 
0.9914765883 
5.01668146e-08 
35.252274 
0.7666359042 
    1 
2.351238018e-14 
1.720861333e-19 
-1.702448287e-19 
0.9914766157 
4.957387469e-08 
35.67391607 
0.7666358618 
    1 
2.362548815e-14 
9.986862703e-20 
-9.881247742e-20 
0.9914766428 
4.899478742e-08 
36.09555811 
0.7666358199 
    1 
2.374106257e-14 
5.795392841e-20 
-5.734809655e-20 
0.9914766696 
4.842907294e-08 
36.51720013 
0.7666357785 
    1 
2.385744714e-14 
3.362853314e-20 
-3.32809972e-20 
0.9914766961 
4.78762733e-08 
36.93884214 
0.7666357375 
    1 
2.397199011e-14 
1.951213452e-20 
-1.931276821e-20 
0.9914767223 
4.733595125e-08 
37.36048411 
0.766635697 
    1 
2.408028235e-14 
1.132071459e-20 
-1.120635847e-20 
0.9914767482 
4.680768905e-08 
37.78212607 
0.766635657 
    1 
2.417477418e-14 
6.567725525e-21 
-6.502160018e-21 
0.9914767738 
4.629108738e-08 
38.203768 
0.7666356174 
    1 
2.424229945e-14 
3.810014925e-21 
-3.772478497e-21 
0.9914767991 
4.578576439e-08 
38.62540992 
0.7666355782 
    1 
2.428488014e-14 
2.210054541e-21 
-2.188663842e-21 
0.9914768241 
4.529135469e-08 
39.04705181 
0.7666355395 
    1 
2.432868632e-14 
1.281814157e-21 
-1.269798772e-21 
0.9914768489 
4.480750854e-08 
39.46869368 
0.7666355012 
    1 
2.436573381e-14 
7.432502134e-22 
-7.368079464e-22 
0.9914768734 
4.433389095e-08 
39.89033553 
0.7666354633 
    1 
2.439230682e-14 
4.30683109e-22 
-4.27775769e-22 
0.9914768977 
4.387018097e-08 
40.31197735 
0.7666354258 
    1 
2.440157048e-14 
2.490947861e-22 
-2.48802735e-22 
0.9914769217 
4.341607094e-08 
40.73361916 
0.7666353886 
    1 
2.438429416e-14 
1.432682694e-22 
-1.454991231e-22 
0.9914769454 
4.297126579e-08 
41.15526095 
0.7666353519 
    1 
2.432791191e-14 
8.101119235e-23 
-8.64702711e-23 
0.9914769689 
4.253548243e-08 
41.57690272 
0.7666353155 
    1 
2.421443473e-14 
4.337068615e-23 
-5.378366e-23 
0.9914769922 
4.210844914e-08 
41.99854446 
0.7666352795 
    1 
2.404103929e-14 
1.886793649e-23 
-3.75258385e-23 
