0.4572794545 
-0.0006165881851 
1.000006008 
1.996043309e-06 
0.5009849782 
0.9999879836 
0.3708275266 
0.6701256852 
0.9271140206 
-0.274049061 
1.0000067 
9.990193871e-07 
1.000968584 
0.9999865993 
0.6513242281 
0.4466690206 
0.7523689001 
-0.3959007405 
1.000007106 
6.662350547e-07 
1.500951668 
0.9999857891 
0.8226587713 
0.2500829024 
0.5552229672 
-0.3759260991 
1.000007393 
4.997596738e-07 
2.000934412 
0.999985214 
0.913974556 
0.1269236997 
0.3861543321 
-0.2963967955 
1.000007616 
3.998477937e-07 
2.500916904 
0.999984768 
0.9591960977 
0.06135915879 
0.2592789566 
-0.2129401948 
1.000007798 
3.332287622e-07 
3.000899194 
0.9999844035 
0.9808173803 
0.02902875499 
0.1704363192 
-0.1456273475 
1.000007952 
2.856382948e-07 
3.500881317 
0.9999840953 
0.9910021872 
0.01362183525 
0.110537213 
-0.0968576188 
1.000008086 
2.499424655e-07 
4.000863296 
0.9999838283 
0.9957760395 
0.006380647021 
0.07103685924 
-0.06333593051 
1.000008204 
2.221772767e-07 
4.500845151 
0.9999835928 
0.9980128921 
0.002992004212 
0.04535028353 
-0.04095447475 
1.000008309 
1.999640128e-07 
5.000826894 
0.9999833821 
0.9990627781 
0.001406204111 
0.02880518562 
-0.02627257237 
1.000008404 
1.817887882e-07 
5.500808536 
0.9999831915 
0.9995567847 
0.0006626765841 
0.01822208975 
-0.01675355384 
1.000008491 
1.666422615e-07 
6.000790088 
0.9999830175 
0.9997898664 
0.0003131429343 
0.01148870623 
-0.01063321616 
1.000008571 
1.538256101e-07 
6.500771557 
0.9999828575 
0.9999001354 
0.0001483617807 
0.00722297477 
-0.006722850868 
1.000008645 
1.428396466e-07 
7.000752948 
0.9999827093 
0.9999524358 
7.046322469e-05 
0.004530085867 
-0.004236888381 
1.000008714 
1.333182822e-07 
7.500734268 
0.9999825713 
0.9999773004 
3.354118776e-05 
0.00283516924 
-0.00266288269 
1.000008779 
1.249869391e-07 
8.000715521 
0.9999824423 
0.999989147 
1.599871762e-05 
0.001771105593 
-0.001669667675 
1.00000884 
1.176356382e-07 
8.500696712 
0.999982321 
0.9999948024 
7.645451295e-06 
0.001104572046 
-0.001044745433 
1.000008897 
1.111010574e-07 
9.000677844 
0.9999822067 
0.9999975071 
3.659816406e-06 
0.0006878663139 
-0.0006525280107 
1.000008951 
1.052542544e-07 
9.50065892 
0.9999820986 
0.9999988027 
1.754638441e-06 
0.000427798224 
-0.0004068964476 
1.000009002 
9.999207308e-08 
10.00063994 
0.999981996 
0.9999994242 
8.424202646e-07 
0.0002657382143 
-0.0002533602816 
1.000009051 
9.523100388e-08 
10.50062092 
0.9999818985 
0.9999997228 
4.049763724e-07 
0.0001648908994 
-0.0001575526789 
1.000009097 
9.09027196e-08 
11.00060184 
0.9999818055 
0.9999998664 
1.949139075e-07 
0.0001022135049 
-9.78587019e-05 
1.000009142 
8.695077496e-08 
11.50058272 
0.9999817166 
0.9999999355 
9.391302849e-08 
6.330308474e-05 
-6.07163944e-05 
1.000009184 
8.332813145e-08 
12.00056356 
0.9999816314 
0.9999999689 
4.529401938e-08 
3.91722204e-05 
-3.763446871e-05 
1.000009225 
7.999527609e-08 
12.50054436 
0.9999815498 
0.999999985 
2.186522711e-08 
2.422123434e-05 
-2.330635177e-05 
1.000009264 
7.691877437e-08 
13.00052511 
0.9999814714 
0.9999999927 
1.056415781e-08 
1.496594114e-05 
-1.442124209e-05 
1.000009302 
7.407014469e-08 
13.50050583 
0.9999813959 
0.9999999965 
5.108063281e-09 
9.241100764e-06 
-8.916583717e-06 
1.000009339 
7.142497392e-08 
14.00048651 
0.9999813232 
0.9999999983 
2.471688071e-09 
5.702630255e-06 
-5.509171712e-06 
1.000009374 
6.896221605e-08 
14.50046715 
0.999981253 
0.9999999992 
1.196809406e-09 
3.517033309e-06 
-3.401637586e-06 
1.000009408 
6.666363102e-08 
15.00044776 
0.9999811852 
0.9999999996 
5.798693113e-10 
2.167922198e-06 
-2.099052752e-06 
1.00000944 
6.451333215e-08 
15.50042834 
0.9999811196 
0.9999999998 
2.811194179e-10 
1.335646431e-06 
-1.294523529e-06 
1.000009472 
6.24974185e-08 
16.00040888 
0.9999810561 
0.9999999999 
1.363610423e-10 
8.22494977e-07 
-7.979282225e-07 
1.000009503 
6.060367398e-08 
16.5003894 
0.9999809946 
    1 
6.617788116e-11 
5.062686991e-07 
-4.915859816e-07 
1.000009533 
5.882131958e-08 
17.00036988 
0.9999809349 
    1 
3.213256926e-11 
3.114914133e-07 
-3.027123425e-07 
1.000009562 
5.714080814e-08 
17.50035033 
0.9999808769 
    1 
1.560900508e-11 
1.91574824e-07 
-1.863235599e-07 
1.00000959 
5.555365321e-08 
18.00033076 
0.9999808206 
    1 
7.585814819e-12 
1.177788999e-07 
-1.146366337e-07 
1.000009617 
5.405228576e-08 
18.50031115 
0.9999807658 
    1 
3.688209028e-12 
7.238388058e-08 
-7.050293068e-08 
1.000009644 
5.262993345e-08 
19.00029152 
0.9999807125 
    1 
1.793924556e-12 
4.447024141e-08 
-4.334392961e-08 
1.00000967 
5.128051851e-08 
19.50027186 
0.9999806605 
    1 
8.729733284e-13 
2.731226485e-08 
-2.663761287e-08 
1.000009695 
4.999857091e-08 
20.00025218 
0.9999806099 
    1 
4.250963369e-13 
1.676923907e-08 
-1.636500409e-08 
1.00000972 
4.877915426e-08 
20.50023248 
0.9999805605 
    1 
2.073766268e-13 
1.0293018e-08 
-1.005073968e-08 
1.000009744 
4.761780228e-08 
21.00021274 
0.9999805123 
    1 
1.019048776e-13 
6.316139646e-09 
-6.170889732e-09 
1.000009768 
4.651046413e-08 
21.50019299 
0.9999804653 
    1 
5.1458932e-14 
3.874768927e-09 
-3.787666076e-09 
1.00000979 
4.545345722e-08 
22.00017321 
0.9999804193 
    1 
2.82476485e-14 
2.376457761e-09 
-2.32421106e-09 
1.000009813 
4.444342628e-08 
22.50015341 
0.9999803743 
    1 
2.508757118e-14 
1.457167165e-09 
-1.425820553e-09 
1.000009835 
4.34773078e-08 
23.00013358 
0.9999803304 
    1 
2.514736008e-14 
8.932810318e-10 
-8.744695468e-10 
1.000009856 
4.255229897e-08 
23.50011374 
0.9999802874 
    1 
2.541184287e-14 
5.474828257e-10 
-5.361913143e-10 
1.000009878 
4.166583056e-08 
24.00009387 
0.9999802453 
    1 
2.569113171e-14 
3.354752435e-10 
-3.286961183e-10 
1.000009898 
4.081554304e-08 
24.50007398 
0.999980204 
    1 
2.593517132e-14 
2.055236206e-10 
-2.014527801e-10 
1.000009918 
3.999926563e-08 
25.00005408 
0.9999801636 
    1 
2.612605608e-14 
1.258860996e-10 
-1.234410938e-10 
1.000009938 
3.921499784e-08 
25.50003415 
0.999980124 
    1 
2.627650534e-14 
7.709245306e-11 
-7.562366958e-11 
1.000009958 
3.846089302e-08 
26.0000142 
0.9999800852 
    1 
2.63695738e-14 
4.7202728e-11 
-4.632022815e-11 
1.000009977 
3.773524389e-08 
26.49999423 
0.9999800471 
    1 
2.641189852e-14 
2.889657706e-11 
-2.836624541e-11 
1.000009995 
3.703646965e-08 
26.99997425 
0.9999800097 
    1 
2.643624626e-14 
1.768693325e-11 
-1.736818066e-11 
1.000010014 
3.636310445e-08 
27.49995425 
0.999979973 
    1 
2.644753525e-14 
1.082400838e-11 
-1.063239292e-11 
1.000010032 
3.571378713e-08 
27.99993422 
0.999979937 
    1 
2.64532261e-14 
6.623013303e-12 
-6.507807187e-12 
1.000010049 
3.508725207e-08 
28.49991418 
0.9999799016 
    1 
2.646352785e-14 
4.051887782e-12 
-3.982611218e-12 
1.000010067 
3.448232091e-08 
28.99989412 
0.9999798668 
    1 
2.649109015e-14 
2.47853864e-12 
-2.436874664e-12 
1.000010084 
3.389789518e-08 
29.49987405 
0.9999798326 
    1 
2.654909718e-14 
1.515907145e-12 
-1.490846252e-12 
1.000010101 
3.333294965e-08 
29.99985396 
0.999979799 
    1 
2.664823016e-14 
9.270222138e-13 
-9.119460168e-13 
1.000010117 
3.278652631e-08 
30.49983385 
0.999979766 
    1 
2.677642393e-14 
5.668266139e-13 
-5.57755835e-13 
1.000010133 
3.225772896e-08 
30.99981372 
0.9999797334 
    1 
2.689427071e-14 
3.465410615e-13 
-3.410828163e-13 
1.000010149 
3.174571827e-08 
31.49979358 
0.9999797014 
    1 
2.698667134e-14 
2.118386912e-13 
-2.085538419e-13 
1.000010165 
3.124970742e-08 
31.99977343 
0.9999796699 
    1 
2.704855117e-14 
1.294802836e-13 
-1.275031768e-13 
1.000010181 
3.076895796e-08 
32.49975325 
0.9999796389 
    1 
2.709199243e-14 
7.913185687e-14 
-7.794172385e-14 
1.000010196 
3.030277622e-08 
32.99973307 
0.9999796084 
    1 
2.710266954e-14 
4.835595243e-14 
-4.763946255e-14 
1.000010211 
2.985050992e-08 
33.49971286 
0.9999795783 
    1 
2.707071491e-14 
2.954614618e-14 
-2.911475393e-14 
1.000010226 
2.941154518e-08 
33.99969264 
0.9999795487 
    1 
2.698599289e-14 
1.805117354e-14 
-1.779140833e-14 
1.00001024 
2.898530368e-08 
34.49967241 
0.9999795195 
    1 
2.685707999e-14 
1.10271952e-14 
-1.087075995e-14 
1.000010255 
2.857124016e-08 
34.99965216 
0.9999794907 
    1 
2.671575244e-14 
6.735672663e-15 
-6.641455068e-15 
1.000010269 
2.816884006e-08 
35.4996319 
0.9999794624 
    1 
2.656451418e-14 
4.113906231e-15 
-4.057155437e-15 
1.000010283 
2.777761743e-08 
35.99961163 
0.9999794344 
    1 
2.640759751e-14 
2.512386625e-15 
-2.478200237e-15 
1.000010297 
2.739711292e-08 
36.49959134 
0.9999794068 
    1 
2.62511426e-14 
1.53418716e-15 
-1.513591545e-15 
1.00001031 
2.702689204e-08 
36.99957103 
0.9999793796 
    1 
2.61033456e-14 
9.367659017e-16 
-9.243569393e-16 
1.000010324 
2.666654345e-08 
37.49955072 
0.9999793528 
    1 
2.597459033e-14 
5.719337093e-16 
-5.644565898e-16 
1.000010337 
2.631567746e-08 
37.99953039 
0.9999793263 
    1 
2.587763345e-14 
3.491589626e-16 
-3.446531793e-16 
1.00001035 
2.597392463e-08 
38.49951004 
0.9999793001 
    1 
2.582788464e-14 
2.131397868e-16 
-2.104243325e-16 
1.000010363 
2.564093446e-08 
38.99948969 
0.9999792743 
    1 
2.584384717e-14 
1.300979963e-16 
-1.284613684e-16 
1.000010376 
2.531637421e-08 
39.49946932 
0.9999792488 
    1 
2.592920465e-14 
7.940398857e-17 
-7.841750066e-17 
1.000010388 
2.499992776e-08 
39.99944894 
0.9999792237 
    1 
2.606898445e-14 
4.84596761e-17 
-4.786501836e-17 
1.000010401 
2.46912946e-08 
40.49942854 
0.9999791988 
    1 
2.628225316e-14 
2.957236048e-17 
-2.921387222e-17 
1.000010413 
2.43901889e-08 
40.99940814 
0.9999791743 
    1 
2.657162304e-14 
1.804511102e-17 
-1.78289814e-17 
1.000010425 
2.409633857e-08 
41.49938772 
0.9999791501 
    1 
2.691816788e-14 
1.101037126e-17 
-1.08800595e-17 
1.000010437 
2.380948452e-08 
41.99936729 
0.9999791261 
    1 
2.733396435e-14 
6.7175967e-18 
-6.639022506e-18 
1.000010449 
2.35293798e-08 
42.49934685 
0.9999791024 
    1 
2.781171758e-14 
4.09822807e-18 
-4.050847895e-18 
1.000010461 
2.3255789e-08 
42.99932639 
0.9999790791 
    1 
2.831970985e-14 
2.500052597e-18 
-2.471482169e-18 
1.000010472 
2.298848749e-08 
43.49930592 
0.9999790559 
    1 
2.885412837e-14 
1.525012507e-18 
-1.507786105e-18 
1.000010484 
2.272726087e-08 
43.99928545 
0.9999790331 
    1 
2.940702141e-14 
9.301840062e-19 
-9.198014126e-19 
1.000010495 
2.247190438e-08 
44.49926496 
0.9999790105 
    1 
2.99664323e-14 
5.673281323e-19 
-5.61077712e-19 
1.000010506 
2.222222235e-08 
44.99924446 
0.9999789881 
    1 
3.051782579e-14 
3.459914623e-19 
-3.422412018e-19 
1.000010517 
2.197802772e-08 
45.49922395 
0.999978966 
    1 
3.104486999e-14 
2.109837984e-19 
-2.087547321e-19 
1.000010528 
2.173914154e-08 
45.99920342 
0.9999789442 
    1 
3.152923508e-14 
1.286320732e-19 
-1.273424687e-19 
1.000010539 
2.150539259e-08 
46.49918289 
0.9999789226 
    1 
3.19490755e-14 
7.8391024e-20 
-7.770440562e-20 
1.00001055 
2.127661692e-08 
46.99916235 
0.9999789012 
    1 
3.2293992e-14 
4.772305345e-20 
-4.7460314e-20 
1.00001056 
2.105265747e-08 
47.49914179 
0.99997888 
    1 
3.256909092e-14 
2.897278457e-20 
-2.906540128e-20 
1.000010571 
2.083336374e-08 
47.99912123 
0.9999788591 
    1 
3.274810436e-14 
1.745808182e-20 
-1.793019922e-20 
1.000010581 
2.061859143e-08 
48.49910065 
0.9999788383 
    1 
3.282077726e-14 
1.030204378e-20 
-1.127672559e-20 
1.000010591 
2.040820215e-08 
48.99908007 
0.9999788178 
    1 
3.279202806e-14 
5.714914454e-21 
-7.446172616e-21 
1.000010601 
2.020206306e-08 
49.49905947 
0.9999787975 
    1 
3.264864567e-14 
2.546864094e-21 
-5.485788376e-21 
