0.8783058118 
-0.002656665135 
1.010916166 
0.02923367149 
0.5117543117 
0.8172579695 
0.4780643051 
0.7163665737 
0.6840032034 
-0.8911687686 
1.023153435 
0.01338314707 
0.9124998061 
0.6697611459 
0.7685291463 
0.3580603759 
0.265718844 
-0.5438761404 
1.027148489 
0.003128056174 
1.269773534 
0.6383531241 
0.902306201 
0.1541576838 
0.0773343495 
-0.1853842784 
1.027995813 
0.000598269874 
1.619004231 
0.6330503892 
0.9589287535 
0.06450337613 
0.01966931871 
-0.05037917614 
1.028154457 
0.0001100687101 
1.96682995 
0.632050883 
0.9826152219 
0.0270400202 
0.004691518871 
-0.0123940806 
1.028183766 
2.070397073e-05 
2.314381559 
0.6318473813 
0.9925781246 
0.01142979381 
0.001083187131 
-0.002907837945 
1.028189433 
4.304202571e-06 
2.661876674 
0.6318047944 
0.9968059688 
0.004875294629 
0.0002456164398 
-0.0006655114987 
1.028190729 
1.219805291e-06 
3.009359861 
0.6317956211 
0.9986158777 
0.002096677386 
5.50799928e-05 
-0.0001501381468 
1.028191188 
6.00695792e-07 
3.356840409 
0.6317934479 
0.9993966867 
0.0009080577588 
1.225915828e-05 
-3.355802788e-05 
1.028191469 
4.496781564e-07 
3.704320271 
0.6317927619 
0.9997357399 
0.0003955974124 
2.713439457e-06 
-7.451647484e-06 
1.028191698 
3.927895985e-07 
4.051799867 
0.6317924072 
0.9998837743 
0.0001731939683 
5.979951459e-07 
-1.646436529e-06 
1.028191904 
3.581941571e-07 
4.399279298 
0.6317921387 
0.9999487041 
7.613960224e-05 
1.313231806e-07 
-3.623351557e-07 
1.028192094 
3.312731987e-07 
4.74675859 
0.6317919028 
0.9999772933 
3.359025788e-05 
2.875405031e-08 
-7.947824503e-08 
1.02819227 
3.085390616e-07 
5.094237758 
0.6317916861 
0.9999899228 
1.486350982e-05 
6.27995633e-09 
-1.73851111e-08 
1.028192434 
2.888100763e-07 
5.441716812 
0.6317914842 
0.9999955177 
6.594128655e-06 
1.368546625e-09 
-3.793726317e-09 
1.028192588 
2.714696669e-07 
5.789195757 
0.631791295 
0.9999980024 
2.932088189e-06 
2.976630273e-10 
-8.261272718e-10 
1.028192733 
2.560970389e-07 
6.136674602 
0.6317911168 
0.9999991082 
1.306355459e-06 
6.46321395e-11 
-1.795678056e-10 
1.02819287 
2.423728279e-07 
6.484153352 
0.6317909484 
0.9999996012 
5.830578415e-07 
1.401233787e-11 
-3.896726894e-11 
1.028193 
2.300448982e-07 
6.831632011 
0.6317907888 
0.9999998214 
2.606423312e-07 
3.033742601e-12 
-8.44377086e-12 
1.028193123 
2.189103818e-07 
7.179110585 
0.6317906371 
0.9999999199 
1.166785667e-07 
6.560102363e-13 
-1.827264849e-12 
1.028193241 
2.088039655e-07 
7.526589078 
0.6317904926 
0.9999999641 
5.229860245e-08 
1.416954493e-13 
-3.949568181e-13 
1.028193353 
1.995895353e-07 
7.874067492 
0.6317903547 
0.9999999839 
2.346877051e-08 
3.057437791e-14 
-8.527619172e-14 
1.02819346 
1.911539921e-07 
8.221545833 
0.6317902227 
0.9999999927 
1.054258546e-08 
6.591031068e-15 
-1.839403097e-14 
1.028193563 
1.834025825e-07 
8.569024102 
0.6317900961 
0.9999999967 
4.740470718e-09 
1.419632955e-15 
-3.963991529e-15 
1.028193662 
1.762553235e-07 
8.916502304 
0.6317899746 
0.9999999985 
2.133433668e-09 
3.055307223e-16 
-8.535454924e-16 
1.028193757 
1.696442327e-07 
9.26398044 
0.6317898577 
0.9999999993 
9.609259804e-10 
6.570760482e-17 
-1.836481724e-16 
1.028193849 
1.635111582e-07 
9.611458512 
0.6317897452 
0.9999999997 
4.331392989e-10 
1.412151688e-17 
-3.948546618e-17 
1.028193937 
1.578060643e-07 
9.958936524 
0.6317896366 
0.9999999999 
1.953745578e-10 
3.033001598e-18 
-8.484001544e-18 
1.028194022 
1.524856633e-07 
10.30641448 
0.6317895318 
0.9999999999 
8.818404234e-11 
6.510405382e-19 
-1.821783741e-18 
1.028194105 
1.475123144e-07 
10.65389237 
0.6317894304 
    1 
3.982663623e-11 
1.396703552e-19 
-3.909699173e-19 
1.028194185 
1.428531327e-07 
11.00137022 
0.6317893323 
    1 
1.799731827e-11 
2.994859017e-20 
-8.386029769e-20 
1.028194262 
1.384792607e-07 
11.348848 
0.6317892372 
    1 
8.137212313e-12 
6.41856881e-21 
-1.797838116e-20 
1.028194337 
1.3436527e-07 
11.69632574 
0.631789145 
    1 
3.681025532e-12 
1.374998431e-21 
-3.852469047e-21 
1.02819441 
1.30488667e-07 
12.04380343 
0.6317890555 
    1 
1.666035295e-12 
2.944284762e-22 
-8.251524936e-22 
1.028194481 
1.26829481e-07 
12.39128107 
0.6317889686 
    1 
7.544679452e-13 
6.302044866e-23 
-1.766634942e-22 
1.028194549 
1.233699204e-07 
12.73875866 
0.631788884 
    1 
3.418267151e-13 
1.34839411e-23 
-3.780829494e-23 
1.028194616 
1.200940832e-07 
13.0862362 
0.6317888018 
    1 
1.5509748e-13 
2.883996437e-24 
-8.088432387e-24 
1.028194682 
1.169877127e-07 
13.43371371 
0.6317887217 
    1 
7.073668272e-14 
6.166280296e-25 
-1.729765363e-24 
1.028194745 
1.140379902e-07 
13.78119116 
0.6317886436 
    1 
3.283566037e-14 
1.317983615e-25 
-3.697971178e-25 
1.028194807 
1.112333579e-07 
14.12866858 
0.6317885675 
    1 
2.032756492e-14 
2.816189961e-26 
-7.903157941e-26 
1.028194868 
1.085633677e-07 
14.47614595 
0.6317884932 
    1 
2.039214836e-14 
6.015691321e-27 
-1.688516867e-26 
1.028194927 
1.060185513e-07 
14.82362328 
0.6317884207 
    1 
2.048290177e-14 
1.284655925e-27 
-3.606484354e-27 
1.028194984 
1.035903077e-07 
15.17110058 
0.6317883499 
    1 
2.05641962e-14 
2.742656353e-28 
-7.700917541e-28 
1.028195041 
1.012708064e-07 
15.51857783 
0.6317882806 
    1 
2.063064607e-14 
5.853889041e-29 
-1.643940633e-28 
1.028195096 
9.90529027e-08 
15.86605505 
0.6317882129 
    1 
2.067982824e-14 
1.24913962e-29 
-3.508489032e-29 
1.028195149 
9.693006449e-08 
16.21353223 
0.6317881467 
    1 
2.070894656e-14 
2.664866506e-30 
-7.485989623e-30 
1.028195202 
9.489630785e-08 
16.56100938 
0.6317880819 
    1 
2.07190938e-14 
5.683844592e-31 
-1.596900607e-30 
1.028195254 
9.294614077e-08 
16.90848649 
0.6317880184 
    1 
2.071604313e-14 
1.212035143e-31 
-3.405730692e-31 
1.028195304 
9.107451359e-08 
17.25596356 
0.6317879562 
    1 
2.07110396e-14 
2.584034381e-32 
-7.261902286e-32 
1.028195354 
8.927677535e-08 
17.6034406 
0.6317878953 
    1 
2.070906455e-14 
5.508013208e-33 
-1.548110198e-32 
1.028195403 
8.754863522e-08 
17.95091761 
0.6317878355 
    1 
2.070924137e-14 
1.173839217e-33 
-3.299652393e-33 
1.02819545 
8.588612829e-08 
18.29839459 
0.6317877769 
    1 
2.07116319e-14 
2.50116515e-34 
-7.031575325e-34 
1.028195497 
8.428558519e-08 
18.64587153 
0.6317877194 
    1 
2.071595144e-14 
5.328429376e-35 
-1.498160316e-34 
1.028195543 
8.274360511e-08 
18.99334844 
0.631787663 
    1 
2.072115685e-14 
1.134963684e-35 
-3.191450226e-35 
1.028195588 
8.125703159e-08 
19.34082532 
0.6317876075 
    1 
2.072444661e-14 
2.417092592e-36 
-6.797430121e-36 
1.028195632 
7.982293103e-08 
19.68830218 
0.6317875531 
    1 
2.071993833e-14 
5.146781151e-37 
-1.447541183e-36 
1.028195676 
7.843857333e-08 
20.035779 
0.6317874996 
    1 
2.069639368e-14 
1.095750305e-37 
-3.082116706e-37 
1.028195719 
7.710141456e-08 
20.38325579 
0.6317874471 
    1 
2.065812857e-14 
2.332508586e-38 
-6.561476086e-38 
1.028195761 
7.580908134e-08 
20.73073255 
0.6317873954 
    1 
2.063371115e-14 
4.964469074e-39 
-1.396659589e-38 
1.028195802 
7.455935681e-08 
21.07820929 
0.6317873446 
    1 
2.061790777e-14 
1.056482539e-39 
-2.972475241e-39 
1.028195843 
7.335016789e-08 
21.425686 
0.6317872946 
    1 
2.061087783e-14 
2.24798672e-40 
-6.325379644e-40 
1.028195883 
7.217957387e-08 
21.77316268 
0.6317872454 
    1 
2.061316018e-14 
4.782653506e-41 
-1.34585271e-40 
1.028195922 
7.104575596e-08 
22.12063933 
0.631787197 
    1 
2.062830418e-14 
1.017395053e-41 
-2.86320787e-41 
1.028195961 
6.99470079e-08 
22.46811596 
0.6317871494 
    1 
2.066302203e-14 
2.164001399e-42 
-6.090519956e-42 
1.028195999 
6.888172735e-08 
22.81559256 
0.6317871025 
    1 
2.072905208e-14 
4.602293099e-43 
-1.29539932e-42 
1.028196037 
6.784840815e-08 
23.16306914 
0.6317870563 
    1 
2.082235459e-14 
9.786814719e-44 
-2.754877828e-43 
1.028196074 
6.684563315e-08 
23.51054569 
0.6317870107 
    1 
2.091402672e-14 
2.080943478e-44 
-5.858034406e-44 
1.02819611 
6.587206778e-08 
23.85802221 
0.6317869659 
    1 
2.100806961e-14 
4.424176357e-45 
-1.245528967e-44 
1.028196146 
6.49264541e-08 
24.20549871 
0.6317869217 
    1 
2.110272892e-14 
9.405007555e-46 
-2.647948092e-45 
1.028196182 
6.400760539e-08 
24.55297519 
0.6317868781 
    1 
2.119754832e-14 
1.99913317e-46 
-5.628856094e-46 
1.028196217 
6.311440114e-08 
24.90045164 
0.6317868352 
    1 
2.129203636e-14 
4.248947764e-47 
-1.196429558e-46 
1.028196251 
6.224578256e-08 
25.24792807 
0.6317867928 
    1 
2.138517201e-14 
9.029824941e-48 
-2.542796736e-47 
1.028196285 
6.140074833e-08 
25.59540448 
0.631786751 
    1 
2.147437525e-14 
1.918830774e-48 
-5.403744963e-48 
1.028196319 
6.05783508e-08 
25.94288086 
0.6317867098 
    1 
2.155419852e-14 
4.077129562e-49 
-1.148253679e-48 
1.028196352 
5.977769239e-08 
26.29035723 
0.6317866691 
    1 
2.161389752e-14 
8.66231331e-50 
-2.439729756e-49 
1.028196384 
5.899792239e-08 
26.63783356 
0.631786629 
    1 
2.165757506e-14 
1.840245671e-50 
-5.18331384e-50 
1.028196417 
5.823823387e-08 
26.98530988 
0.6317865894 
    1 
2.171052454e-14 
3.909140034e-51 
-1.101123882e-50 
1.028196449 
5.749786096e-08 
27.33278618 
0.6317865502 
    1 
2.176198078e-14 
8.303306824e-52 
-2.33899183e-51 
1.02819648 
5.677607624e-08 
27.68026245 
0.6317865116 
    1 
2.181226062e-14 
1.763543889e-52 
-4.968050351e-52 
1.028196511 
5.607218836e-08 
28.0277387 
0.6317864735 
    1 
2.186326876e-14 
3.745308931e-53 
-1.055137151e-52 
1.028196542 
5.538553983e-08 
28.37521494 
0.6317864358 
    1 
2.191479721e-14 
7.953458813e-54 
-2.240775416e-53 
1.028196572 
5.471550499e-08 
28.72269115 
0.6317863986 
    1 
2.196726668e-14 
1.688854522e-54 
-4.758335448e-54 
1.028196602 
5.406148808e-08 
29.07016734 
0.6317863619 
    1 
2.202097709e-14 
3.585890552e-55 
-1.010368679e-54 
1.028196631 
5.342292149e-08 
29.41764351 
0.6317863255 
    1 
2.207582308e-14 
7.613268479e-56 
-2.145228457e-55 
1.028196661 
5.279926414e-08 
29.76511966 
0.6317862896 
    1 
2.213153363e-14 
1.616275179e-56 
-4.554459159e-56 
1.028196689 
5.218999989e-08 
30.11259579 
0.6317862542 
    1 
2.218759653e-14 
3.43107488e-57 
-9.668750862e-57 
1.028196718 
5.159463616e-08 
30.46007191 
0.6317862191 
    1 
2.224309391e-14 
7.283103659e-58 
-2.052460962e-57 
1.028196746 
5.101270261e-08 
30.807548 
0.6317861844 
    1 
2.229665307e-14 
1.545876638e-58 
-4.356634024e-58 
1.028196774 
5.044374987e-08 
31.15502407 
0.6317861501 
    1 
2.234651841e-14 
3.280997109e-59 
-9.246971672e-59 
1.028196802 
4.98873484e-08 
31.50250013 
0.6317861162 
    1 
2.239070337e-14 
6.963220308e-60 
-1.962550616e-59 
1.028196829 
4.934308741e-08 
31.84997616 
0.6317860827 
    1 
2.242720484e-14 
1.477706834e-60 
-4.165006588e-60 
1.028196856 
4.881057382e-08 
32.19745218 
0.6317860495 
    1 
2.245420752e-14 
3.135745802e-61 
-8.838622432e-61 
1.028196883 
4.828943136e-08 
32.54492818 
0.6317860167 
    1 
2.247003199e-14 
6.653779207e-62 
-1.875547608e-61 
1.028196909 
4.777929966e-08 
32.89240417 
0.6317859842 
    1 
2.247248806e-14 
1.411794273e-62 
-3.979667306e-62 
1.028196935 
4.727983342e-08 
33.23988013 
0.6317859521 
    1 
2.245765061e-14 
2.995369382e-63 
-8.443863338e-63 
1.028196961 
4.67907016e-08 
33.58735608 
0.6317859203 
    1 
2.241853177e-14 
6.354835338e-64 
-1.791485866e-63 
1.028196987 
4.631158676e-08 
33.93483201 
0.6317858889 
    1 
2.234388728e-14 
1.348031874e-64 
-3.800997023e-64 
1.028197012 
4.58421843e-08 
34.28230792 
0.6317858577 
    1 
2.221688775e-14 
2.854210128e-65 
-8.078854471e-65 
1.028197037 
4.538220186e-08 
34.62978382 
0.6317858269 
    1 
2.203879326e-14 
5.796245819e-66 
-1.787031287e-65 
