0.5329533829 
-0.0006165855731 
1.00000567 
3.322379747e-06 
0.3009871867 
0.9999886607 
0.2297832375 
0.7361748033 
0.9726780046 
-0.1776015269 
1.000006361 
1.663955153e-06 
0.6009735539 
0.9999872777 
0.4358224179 
0.6292530144 
0.8977297687 
-0.3125294675 
1.000006766 
1.109919499e-06 
0.9009596077 
0.9999864679 
0.6043638516 
0.4926115964 
0.791480433 
-0.3852120952 
1.000007054 
8.326709118e-07 
1.200945458 
0.9999858931 
0.7318325246 
0.3599450602 
0.6724072972 
-0.4003590917 
1.000007276 
6.662478302e-07 
1.500931157 
0.9999854472 
0.8226534745 
0.2500896947 
0.5552306861 
-0.375928657 
1.000007459 
5.552682837e-07 
1.800916735 
0.9999850828 
0.8846656385 
0.1678231342 
0.4489057511 
-0.3308287492 
1.000007613 
4.75982073e-07 
2.100902212 
0.9999847746 
0.9258017077 
0.1100595202 
0.3573948851 
-0.2789832112 
1.000007746 
4.165091507e-07 
2.400887604 
0.9999845077 
0.9525811163 
0.07112990763 
0.2813584106 
-0.2286254311 
1.000007864 
3.702475342e-07 
2.70087292 
0.9999842722 
0.9698100242 
0.04556038056 
0.2196700414 
-0.1837242172 
1.000007969 
3.332351537e-07 
3.00085817 
0.9999840616 
0.9808161855 
0.02903055671 
0.1704422226 
-0.1456320286 
1.000008065 
3.029502553e-07 
3.300843359 
0.999983871 
0.9878189766 
0.01844609477 
0.131614977 
-0.1143077269 
1.000008152 
2.777114358e-07 
3.600828494 
0.9999836971 
0.9922655075 
0.01170579795 
0.1012503619 
-0.08907220091 
1.000008232 
2.563545145e-07 
3.900813579 
0.999983537 
0.9950866721 
0.007426128262 
0.07765449243 
-0.06902643716 
1.000008306 
2.380478543e-07 
4.200798618 
0.9999833888 
0.9968765751 
0.004712432454 
0.05940804283 
-0.05326225714 
1.000008375 
2.221815386e-07 
4.500783614 
0.9999832509 
0.9980127091 
0.002992281037 
0.04535276219 
-0.04095665825 
1.000008439 
2.082980983e-07 
4.80076857 
0.9999831218 
0.9987343961 
0.001901610902 
0.03455989923 
-0.03140491857 
1.0000085 
1.96047683e-07 
5.100753488 
0.9999830006 
0.9991932286 
0.001209619325 
0.02629378084 
-0.02402354087 
1.000008557 
1.851581723e-07 
5.400738371 
0.9999828863 
0.9994852253 
0.0007701990828 
0.01997682255 
-0.01833972374 
1.000008611 
1.754147243e-07 
5.700723221 
0.9999827782 
0.9996712333 
0.0004908938019 
0.01515857579 
-0.01397596239 
1.000008662 
1.666454582e-07 
6.000708039 
0.9999826756 
0.9997898409 
0.0003131809799 
0.01148956234 
-0.01063399815 
1.000008711 
1.587112274e-07 
6.300692827 
0.9999825781 
0.9998655437 
0.0001999924164 
0.008699764565 
-0.008080022676 
1.000008758 
1.514981806e-07 
6.600677587 
0.9999824851 
0.9999139067 
0.0001278279074 
0.006581267204 
-0.006131854321 
1.000008802 
1.449122642e-07 
6.900662319 
0.9999823962 
0.9999448312 
8.177373356e-05 
0.004974429496 
-0.004648217331 
1.000008845 
1.388750976e-07 
7.200647025 
0.9999823111 
0.9999646216 
5.235514078e-05 
0.003756973713 
-0.003519983873 
1.000008885 
1.333208397e-07 
7.500631706 
0.9999822294 
0.999977297 
3.354621979e-05 
0.002835436877 
-0.00266313196 
1.000008925 
1.281937775e-07 
7.800616364 
0.999982151 
0.9999854215 
2.15103973e-05 
0.00213851169 
-0.002013147435 
1.000008962 
1.234464506e-07 
8.100600998 
0.9999820755 
0.9999906327 
1.380245642e-05 
0.001611882809 
-0.001520611889 
1.000008999 
1.190381779e-07 
8.40058561 
0.9999820028 
0.9999939776 
8.862388579e-06 
0.001214237759 
-0.001147748421 
1.000009034 
1.149338889e-07 
8.7005702 
0.9999819326 
0.999996126 
5.693979128e-06 
0.0009141950409 
-0.0008657316701 
1.000009068 
1.111031887e-07 
9.00055477 
0.9999818648 
0.9999975066 
3.660469297e-06 
0.000687944946 
-0.0006526021666 
1.0000091 
1.075196038e-07 
9.300539319 
0.9999817993 
0.9999983944 
2.354504449e-06 
0.0005174419872 
-0.0004916551194 
1.000009132 
1.041599694e-07 
9.60052385 
0.9999817358 
0.9999989656 
1.51527347e-06 
0.0003890228038 
-0.0003701995722 
1.000009163 
1.010039286e-07 
9.900508362 
0.9999816742 
0.9999993333 
9.756611803e-07 
0.0002923513165 
-0.0002786053376 
1.000009193 
9.8033519e-08 
10.20049285 
0.9999816145 
0.9999995701 
6.285098259e-07 
0.0002196149466 
-0.000209572666 
1.000009222 
9.523283081e-08 
10.50047733 
0.9999815566 
0.9999997227 
4.050600808e-07 
0.000164913036 
-0.0001575737388 
1.00000925 
9.258772194e-08 
10.80046179 
0.9999815002 
0.9999998211 
2.611626911e-07 
0.0001237921171 
-0.0001184263337 
1.000009277 
9.008557897e-08 
11.10044623 
0.9999814455 
0.9999998845 
1.684526268e-07 
9.2893193e-05 
-8.896891158e-05 
1.000009304 
8.771511612e-08 
11.40043066 
0.9999813921 
0.9999999254 
1.086952738e-07 
6.96843211e-05 
-6.681335571e-05 
1.00000933 
8.546620502e-08 
11.70041507 
0.9999813402 
0.9999999518 
7.016193896e-08 
5.225807136e-05 
-5.015705417e-05 
1.000009355 
8.332973004e-08 
12.00039946 
0.9999812895 
0.9999999689 
4.530466345e-08 
3.917826085e-05 
-3.764025269e-05 
1.00000938 
8.129746484e-08 
12.30038384 
0.9999812402 
0.9999999799 
2.926358209e-08 
2.936407369e-05 
-2.823789045e-05 
1.000009404 
7.936196645e-08 
12.60036821 
0.999981192 
0.999999987 
1.890813201e-08 
2.200251536e-05 
-2.117766476e-05 
1.000009428 
7.751648421e-08 
12.90035256 
0.9999811449 
0.9999999916 
1.222081164e-08 
1.648232102e-05 
-1.587802162e-05 
1.000009451 
7.575488113e-08 
13.20033689 
0.9999810989 
0.9999999946 
7.900887565e-09 
1.234409363e-05 
-1.190126593e-05 
1.000009473 
7.407156569e-08 
13.50032122 
0.999981054 
0.9999999965 
5.109407994e-09 
9.242710245e-06 
-8.918132572e-06 
1.000009495 
7.246143253e-08 
13.80030553 
0.9999810101 
0.9999999977 
3.305057234e-09 
6.918994229e-06 
-6.681036683e-06 
1.000009517 
7.091981079e-08 
14.10028982 
0.999980967 
0.9999999985 
2.13843574e-09 
5.178381544e-06 
-5.00389043e-06 
1.000009538 
6.944241879e-08 
14.40027411 
0.9999809249 
0.999999999 
1.383941094e-09 
3.874862378e-06 
-3.746884061e-06 
1.000009558 
6.802532438e-08 
14.70025838 
0.9999808837 
0.9999999994 
8.95857577e-10 
2.898899566e-06 
-2.805016946e-06 
1.000009578 
6.666490993e-08 
15.00024264 
0.9999808433 
0.9999999996 
5.800378198e-10 
2.168343071e-06 
-2.099459379e-06 
1.000009598 
6.535784156e-08 
15.30022689 
0.9999808037 
0.9999999997 
3.756345875e-10 
1.621600491e-06 
-1.571049822e-06 
1.000009618 
6.410104181e-08 
15.60021112 
0.9999807649 
0.9999999998 
2.433120581e-10 
1.212505485e-06 
-1.175402084e-06 
1.000009637 
6.289166545e-08 
15.90019534 
0.9999807268 
0.9999999999 
1.576326872e-10 
9.064634564e-07 
-8.792255277e-07 
1.000009655 
6.172707802e-08 
16.20017956 
0.9999806894 
0.9999999999 
1.021434905e-10 
6.775576516e-07 
-6.575587876e-07 
1.000009674 
6.060483664e-08 
16.50016376 
0.9999806527 
    1 
6.619963334e-11 
5.063770983e-07 
-4.916910495e-07 
1.000009692 
5.95226729e-08 
16.80014795 
0.9999806167 
    1 
4.291177582e-11 
3.783868716e-07 
-3.676006179e-07 
1.00000971 
5.847847759e-08 
17.10013213 
0.9999805813 
    1 
2.782071624e-11 
2.82705658e-07 
-2.74782468e-07 
1.000009727 
5.747028692e-08 
17.4001163 
0.9999805465 
    1 
1.803962216e-11 
2.111891002e-07 
-2.053681867e-07 
1.000009744 
5.649627025e-08 
17.70010046 
0.9999805123 
    1 
1.169905709e-11 
1.577426294e-07 
-1.53465604e-07 
1.000009761 
5.555471899e-08 
18.00008461 
0.9999804787 
    1 
7.588307762e-12 
1.178064714e-07 
-1.146634294e-07 
1.000009777 
5.464403656e-08 
18.30006875 
0.9999804456 
    1 
4.922812441e-12 
8.796978792e-08 
-8.56597751e-08 
1.000009794 
5.376272939e-08 
18.60005287 
0.9999804131 
    1 
3.194062466e-12 
6.568164314e-08 
-6.398366274e-08 
1.00000981 
5.290939873e-08 
18.90003699 
0.9999803811 
    1 
2.072665706e-12 
4.903455086e-08 
-4.77862957e-08 
1.000009825 
5.208273325e-08 
19.2000211 
0.9999803496 
    1 
1.345116121e-12 
3.660241236e-08 
-3.568466132e-08 
1.000009841 
5.128150232e-08 
19.5000052 
0.9999803186 
    1 
8.730177735e-13 
2.731920437e-08 
-2.664437233e-08 
1.000009856 
5.050454987e-08 
19.7999893 
0.9999802881 
    1 
5.666747476e-13 
2.038818955e-08 
-1.989192377e-08 
1.000009871 
4.975078887e-08 
20.09997338 
0.999980258 
    1 
3.678604942e-13 
1.52139835e-08 
-1.484899481e-08 
1.000009886 
4.901919621e-08 
20.39995745 
0.9999802284 
    1 
2.388346594e-13 
1.135173403e-08 
-1.108326787e-08 
1.000009901 
4.83088081e-08 
20.69994151 
0.9999801992 
    1 
1.549924882e-13 
8.469109166e-09 
-8.271619906e-09 
1.000009915 
4.761871582e-08 
20.99992557 
0.9999801704 
    1 
1.007892034e-13 
6.317870615e-09 
-6.172579213e-09 
1.000009929 
4.694806184e-08 
21.29990962 
0.999980142 
    1 
6.453771991e-14 
4.712619356e-09 
-4.605719389e-09 
1.000009943 
4.629603626e-08 
21.59989366 
0.9999801141 
    1 
4.161733144e-14 
3.514906309e-09 
-3.436246091e-09 
1.000009957 
4.566187357e-08 
21.89987769 
0.9999800865 
    1 
3.160532238e-14 
2.621355784e-09 
-2.563470097e-09 
1.000009971 
4.504484963e-08 
22.19986171 
0.9999800593 
    1 
2.775315447e-14 
1.954789678e-09 
-1.91218826e-09 
1.000009984 
4.444427892e-08 
22.49984572 
0.9999800324 
    1 
2.409023277e-14 
1.457595218e-09 
-1.426239879e-09 
1.000009997 
4.385951201e-08 
22.79982973 
0.9999800059 
    1 
2.10674602e-14 
1.086769883e-09 
-1.063690168e-09 
1.00001001 
4.328993318e-08 
23.09981373 
0.9999799798 
    1 
1.892753038e-14 
8.10219875e-10 
-7.932305618e-10 
1.000010023 
4.273495831e-08 
23.39979772 
0.999979954 
    1 
1.777543453e-14 
6.039954095e-10 
-5.914888083e-10 
1.000010036 
4.219403283e-08 
23.6997817 
0.9999799285 
    1 
1.762550678e-14 
4.502259748e-10 
-4.41019228e-10 
1.000010048 
4.166662992e-08 
23.99976567 
0.9999799034 
    1 
1.841709958e-14 
3.355785511e-10 
-3.28801353e-10 
1.000010061 
4.115224876e-08 
24.29974964 
0.9999798785 
    1 
2.003262298e-14 
2.501064691e-10 
-2.45118504e-10 
1.000010073 
4.065041297e-08 
24.5997336 
0.999979854 
    1 
2.22937694e-14 
1.863900344e-10 
-1.8272027e-10 
1.000010085 
4.016066911e-08 
24.89971755 
0.9999798297 
    1 
2.49607562e-14 
1.388950415e-10 
-1.361970964e-10 
1.000010097 
3.968258536e-08 
25.1997015 
0.9999798058 
    1 
2.775269694e-14 
1.034939827e-10 
-1.015133247e-10 
1.000010109 
3.921575018e-08 
25.49968544 
0.9999797821 
    1 
3.039417825e-14 
7.710872773e-11 
-7.565858213e-11 
1.000010121 
3.875977121e-08 
25.79966937 
0.9999797587 
    1 
3.27230853e-14 
5.744387986e-11 
-5.638756085e-11 
1.000010132 
3.831427412e-08 
26.09965329 
0.9999797356 
    1 
3.469000378e-14 
4.278781445e-11 
-4.202580102e-11 
1.000010144 
3.787890156e-08 
26.39963721 
0.9999797128 
    1 
3.62955427e-14 
3.186422868e-11 
-3.13247588e-11 
1.000010155 
3.745331229e-08 
26.69962112 
0.9999796902 
    1 
3.756899964e-14 
2.372138153e-11 
-2.335367243e-11 
1.000010166 
3.70371802e-08 
26.99960503 
0.9999796678 
    1 
3.855199051e-14 
1.76494513e-11 
-1.741890305e-11 
1.000010177 
3.663019353e-08 
27.29958892 
0.9999796457 
    1 
3.929025426e-14 
1.311886344e-11 
-1.300379099e-11 
1.000010188 
3.623205408e-08 
27.59957281 
0.9999796239 
    1 
3.981992863e-14 
9.734250913e-12 
-9.723834704e-12 
1.000010199 
3.584247645e-08 
27.8995567 
0.9999796022 
    1 
4.017284759e-14 
7.200059822e-12 
-7.293320305e-12 
1.00001021 
3.546118741e-08 
28.19954058 
0.9999795809 
    1 
4.038324498e-14 
5.294819043e-12 
-5.500517048e-12 
1.00001022 
3.508792522e-08 
28.49952445 
0.9999795597 
    1 
4.047122253e-14 
3.851841901e-12 
-4.189294084e-12 
1.000010231 
3.472243906e-08 
28.79950831 
0.9999795387 
    1 
4.044910609e-14 
2.744683947e-12 
-3.245568518e-12 
1.000010241 
3.436448842e-08 
29.09949217 
0.999979518 
    1 
4.033301279e-14 
1.876092335e-12 
-2.587413133e-12 
1.000010251 
3.401384265e-08 
29.39947602 
0.9999794975 
    1 
4.01325659e-14 
1.169483972e-12 
-2.157969389e-12 
1.000010262 
3.36702804e-08 
29.69945987 
0.9999794772 
    1 
3.985158079e-14 
5.622078135e-13 
-1.920555257e-12 
