-0.06519731606 
-0.0006084622514 
0.9932179141 
-0.02259756521 
0.5228218641 
0.852687906 
0.3140598855 
0.5364730293 
0.9131538144 
-0.2962281796 
0.9785362468 
-0.02761650115 
0.910455722 
0.5521221922 
0.5767448052 
0.4107635803 
0.7075276827 
-0.417477274 
0.9653043471 
-0.01941794604 
1.141772645 
0.308343562 
0.7628146383 
0.2677612722 
0.4849180413 
-0.3729923403 
0.9573413097 
-0.009999569532 
1.271276344 
0.1794647001 
0.8767564373 
0.1533724508 
0.3079450297 
-0.2682960186 
0.9535981919 
-0.004254684113 
1.352953445 
0.1260247318 
0.9392150754 
0.08023519928 
0.1876893623 
-0.173261733 
0.9520905043 
-0.001608104007 
1.415985948 
0.1065405025 
0.970992799 
0.03963394286 
0.1120977672 
-0.1062779269 
0.9515406441 
-0.0005601842945 
1.472417009 
0.09985581992 
0.9864313993 
0.01891731041 
0.0663049519 
-0.0636526546 
0.951355189 
-0.0001793256346 
1.526610966 
0.09761908853 
0.9937288183 
0.008848532425 
0.03903564053 
-0.0377041121 
0.9512991544 
-4.774165617e-05 
1.580059425 
0.0968763109 
0.9971225918 
0.004089495261 
0.02292662472 
-0.02221666552 
0.9512871786 
-3.799098702e-06 
1.6332603 
0.09662921638 
0.9986856591 
0.001876351424 
0.01344737713 
-0.01305629131 
0.9512897269 
1.039333634e-05 
1.686378518 
0.09654610536 
0.999401306 
0.0008570660693 
0.007880691524 
-0.007661683151 
0.9512968696 
1.470190354e-05 
1.73946865 
0.09651728679 
0.9997277614 
0.0003903923886 
0.004615524156 
-0.004491878818 
0.9513053298 
1.577818326e-05 
1.792548779 
0.09650649091 
0.9998763384 
0.0001775135164 
0.00270183409 
-0.002631744646 
0.9513140429 
1.581670679e-05 
1.84562492 
0.09650170853 
0.9999438628 
8.063009378e-05 
0.001580904153 
-0.001541089814 
0.9513226716 
1.553454334e-05 
1.898699086 
0.09649895636 
0.9999745244 
3.66007879e-05 
0.0009246540092 
-0.0009020108679 
0.9513311152 
1.516399934e-05 
1.951771967 
0.09649691046 
0.9999884404 
1.660882687e-05 
0.0005406202448 
-0.0005277332379 
0.9513393494 
1.477934243e-05 
2.004843805 
0.09649512934 
0.9999947549 
7.535783906e-06 
0.0003159762875 
-0.0003086380447 
0.9513473739 
1.440356622e-05 
2.0579147 
0.09649346467 
0.9999976198 
3.419136573e-06 
0.0001846180306 
-0.0001804377123 
0.9513551959 
1.404312787e-05 
2.110984698 
0.09649186571 
0.9999989197 
1.551463151e-06 
0.0001078346921 
-0.0001054524915 
0.9513628241 
1.36992171e-05 
2.164053831 
0.09649031426 
0.9999995096 
7.040910753e-07 
6.296718857e-05 
-6.16092383e-05 
0.9513702677 
1.337140083e-05 
2.217122121 
0.09648880302 
0.9999997774 
3.195912435e-07 
3.675763992e-05 
-3.598332813e-05 
0.9513775352 
1.305879526e-05 
2.270189591 
0.09648732843 
0.9999998989 
1.450940484e-07 
2.145181793e-05 
-2.101017953e-05 
0.9513846347 
1.276043743e-05 
2.323256259 
0.09648588825 
0.9999999541 
6.588684749e-08 
1.251609953e-05 
-1.226414011e-05 
0.9513915738 
1.247539833e-05 
2.376322144 
0.09648448073 
0.9999999791 
2.992574636e-08 
7.300746002e-06 
-7.156964892e-06 
0.9513983597 
1.220281321e-05 
2.429387264 
0.09648310437 
0.9999999905 
1.359530897e-08 
4.257585517e-06 
-4.175517157e-06 
0.9514049988 
1.194188576e-05 
2.482451635 
0.0964817578 
0.9999999957 
6.177749707e-09 
2.482342615e-06 
-2.435488477e-06 
0.9514114975 
1.169188457e-05 
2.535515273 
0.09648043976 
0.999999998 
2.807805876e-09 
1.446992554e-06 
-1.420236975e-06 
0.9514178615 
1.145213765e-05 
2.588578194 
0.09647914904 
0.9999999991 
1.276430727e-09 
8.432976356e-07 
-8.280159557e-07 
0.9514240964 
1.122202683e-05 
2.641640412 
0.09647788456 
0.9999999996 
5.803878418e-10 
4.913704565e-07 
-4.826404487e-07 
0.9514302072 
1.100098261e-05 
2.694701942 
0.09647664525 
0.9999999998 
2.639533384e-10 
2.862556868e-07 
-2.812675131e-07 
0.9514361988 
1.078847947e-05 
2.747762797 
0.09647543014 
0.9999999999 
1.200661247e-10 
1.667321264e-07 
-1.638814447e-07 
0.9514420758 
1.058403174e-05 
2.80082299 
0.09647423831 
    1 
5.462555744e-11 
9.709738238e-08 
-9.546796205e-08 
0.9514478424 
1.038718988e-05 
2.853882534 
0.09647306887 
    1 
2.485728664e-11 
5.653555259e-08 
-5.560403316e-08 
0.9514535028 
1.019753718e-05 
2.90694144 
0.096471921 
    1 
1.1313273e-11 
3.291276085e-08 
-3.238013478e-08 
0.9514590608 
1.001468684e-05 
2.959999721 
0.09647079392 
    1 
5.150028629e-12 
1.91574661e-08 
-1.885287157e-08 
0.95146452 
9.838279309e-06 
3.013057388 
0.09646968689 
    1 
2.344680185e-12 
1.114924067e-08 
-1.097502447e-08 
0.9514698838 
9.667979952e-06 
3.066114451 
0.09646859921 
    1 
1.067810401e-12 
6.487662652e-09 
-6.388002972e-09 
0.9514751556 
9.503476902e-06 
3.119170921 
0.09646753021 
    1 
4.864645602e-13 
3.7745843e-09 
-3.717566199e-09 
0.9514803384 
9.34447917e-06 
3.172226808 
0.09646647927 
    1 
2.219863327e-13 
2.195785689e-09 
-2.163159506e-09 
0.9514854353 
9.190714927e-06 
3.225282122 
0.09646544578 
    1 
1.020218844e-13 
1.277181659e-09 
-1.258510206e-09 
0.951490449 
9.041929949e-06 
3.278336872 
0.09646442918 
    1 
4.855618045e-14 
7.427782085e-10 
-7.320914409e-10 
0.9514953821 
8.897886216e-06 
3.331391068 
0.09646342892 
    1 
2.593188992e-14 
4.319278049e-10 
-4.25810371e-10 
0.9515002373 
8.758360641e-06 
3.384444718 
0.09646244448 
    1 
2.360527869e-14 
2.511368165e-10 
-2.476345823e-10 
0.9515050169 
8.623143918e-06 
3.43749783 
0.09646147538 
    1 
2.334281965e-14 
1.460018743e-10 
-1.439966063e-10 
0.9515097233 
8.492039471e-06 
3.490550414 
0.09646052113 
    1 
2.31548377e-14 
8.487051521e-11 
-8.372223075e-11 
0.9515143587 
8.364862504e-06 
3.543602477 
0.0964595813 
    1 
2.299051699e-14 
4.932954119e-11 
-4.867192141e-11 
0.9515189252 
8.24143913e-06 
3.596654027 
0.09645865546 
    1 
2.284137737e-14 
2.866886823e-11 
-2.829221024e-11 
0.9515234248 
8.121605577e-06 
3.649705071 
0.09645774319 
    1 
2.27017822e-14 
1.665975459e-11 
-1.644399751e-11 
0.9515278594 
8.005207467e-06 
3.702755618 
0.0964568441 
    1 
2.25686039e-14 
9.680159577e-12 
-9.556557087e-12 
0.951532231 
7.892099145e-06 
3.755805673 
0.09645595781 
    1 
2.244073188e-14 
5.624106455e-12 
-5.553290288e-12 
0.9515365412 
7.782143077e-06 
3.808855245 
0.09645508398 
    1 
2.231861715e-14 
3.267253482e-12 
-3.226676524e-12 
0.9515407917 
7.675209292e-06 
3.861904339 
0.09645422224 
    1 
2.220384117e-14 
1.897892201e-12 
-1.874639829e-12 
0.9515449843 
7.571174866e-06 
3.914952962 
0.09645337228 
    1 
2.209866788e-14 
1.102353171e-12 
-1.089027329e-12 
0.9515491204 
7.469923451e-06 
3.968001121 
0.09645253378 
    1 
2.200558145e-14 
6.402233635e-13 
-6.325856981e-13 
0.9515532015 
7.371344843e-06 
4.021048822 
0.09645170642 
    1 
2.192684269e-14 
3.717961034e-13 
-3.674182202e-13 
0.9515572292 
7.275334583e-06 
4.074096071 
0.09645088992 
    1 
2.186410359e-14 
2.158945437e-13 
-2.133849448e-13 
0.9515612047 
7.181793582e-06 
4.127142874 
0.096450084 
    1 
2.181812566e-14 
1.253553706e-13 
-1.239166379e-13 
0.9515651294 
7.090627787e-06 
4.180189237 
0.09644928838 
    1 
2.178866446e-14 
7.277958306e-14 
-7.195470321e-14 
0.9515690047 
7.001747859e-06 
4.233235164 
0.09644850281 
    1 
2.177458e-14 
4.225152425e-14 
-4.177855252e-14 
0.9515728316 
6.915068885e-06 
4.286280662 
0.09644772704 
    1 
2.177415227e-14 
2.452687552e-14 
-2.425566112e-14 
0.9515766115 
6.830510108e-06 
4.339325737 
0.09644696081 
    1 
2.178545712e-14 
1.423671855e-14 
-1.408118554e-14 
0.9515803454 
6.747994672e-06 
4.392370392 
0.09644620391 
    1 
2.180663929e-14 
8.263160118e-15 
-8.173960312e-15 
0.9515840345 
6.667449392e-06 
4.445414634 
0.09644545611 
    1 
2.183603626e-14 
4.795697444e-15 
-4.744536801e-15 
0.9515876798 
6.588804537e-06 
4.498458467 
0.09644471719 
    1 
2.187220728e-14 
2.783091207e-15 
-2.753745936e-15 
0.9515912824 
6.511993628e-06 
4.551501895 
0.09644398695 
    1 
2.191392347e-14 
1.615004918e-15 
-1.598171605e-15 
0.9515948432 
6.436953253e-06 
4.604544925 
0.09644326517 
    1 
2.196014398e-14 
9.371123777e-16 
-9.274556555e-16 
0.9515983632 
6.363622888e-06 
4.65758756 
0.09644255167 
    1 
2.200998982e-14 
5.437278263e-16 
-5.381877225e-16 
0.9516018434 
6.291944736e-06 
4.710629804 
0.09644184627 
    1 
2.206272576e-14 
3.154598762e-16 
-3.122812939e-16 
0.9516052845 
6.221863579e-06 
4.763671663 
0.09644114877 
    1 
2.211775699e-14 
1.83012176e-16 
-1.811883818e-16 
0.9516086876 
6.153326629e-06 
4.816713141 
0.096440459 
    1 
2.217464058e-14 
1.061670405e-16 
-1.051205281e-16 
0.9516120534 
6.086283401e-06 
4.869754241 
0.0964397768 
    1 
2.223310591e-14 
6.15848478e-17 
-6.098431241e-17 
0.9516153826 
6.020685587e-06 
4.922794968 
0.096439102 
    1 
2.22930745e-14 
3.572177368e-17 
-3.537713985e-17 
0.9516186762 
5.956486939e-06 
4.975835325 
0.09643843444 
    1 
2.235466978e-14 
2.07189464e-17 
-2.052115756e-17 
0.9516219349 
5.893643163e-06 
5.028875318 
0.09643777397 
    1 
2.241820937e-14 
1.20165097e-17 
-1.19029904e-17 
0.9516251594 
5.832111813e-06 
5.081914949 
0.09643712044 
    1 
2.248417655e-14 
6.968920896e-18 
-6.903763883e-18 
0.9516283503 
5.7718522e-06 
5.134954223 
0.0964364737 
    1 
2.255317169e-14 
4.041380376e-18 
-4.003980023e-18 
0.9516315085 
5.712825297e-06 
5.187993143 
0.09643583361 
    1 
2.262584821e-14 
2.3435347e-18 
-2.32206565e-18 
0.9516346346 
5.65499366e-06 
5.241031713 
0.09643520004 
    1 
2.270283997e-14 
1.358910854e-18 
-1.346586275e-18 
0.9516377291 
5.598321347e-06 
5.294069935 
0.09643457287 
    1 
2.278468796e-14 
7.879323014e-19 
-7.808568672e-19 
0.9516407928 
5.54277384e-06 
5.347107815 
0.09643395195 
    1 
2.287177446e-14 
4.568415814e-19 
-4.527794371e-19 
0.9516438263 
5.488317979e-06 
5.400145355 
0.09643333717 
    1 
2.296427355e-14 
2.648631533e-19 
-2.625308855e-19 
0.95164683 
5.434921897e-06 
5.453182558 
0.0964327284 
    1 
2.306212646e-14 
1.535525606e-19 
-1.522134334e-19 
0.9516498047 
5.382554952e-06 
5.506219429 
0.09643212553 
    1 
2.316504758e-14 
8.901692107e-20 
-8.824799428e-20 
0.9516527509 
5.331187674e-06 
5.559255969 
0.09643152846 
    1 
2.327255716e-14 
5.160222625e-20 
-5.116068957e-20 
0.9516556691 
5.280791707e-06 
5.612292182 
0.09643093705 
    1 
2.338402242e-14 
2.991197107e-20 
-2.96584204e-20 
0.9516585599 
5.231339759e-06 
5.665328072 
0.09643035122 
    1 
2.349867975e-14 
1.7338147e-20 
-1.71925434e-20 
0.9516614237 
5.182805548e-06 
5.718363641 
0.09642977085 
    1 
2.361561603e-14 
1.004943519e-20 
-9.965823088e-21 
0.951664261 
5.135163761e-06 
5.771398892 
0.09642919585 
    1 
2.37337028e-14 
5.824545613e-21 
-5.776539502e-21 
0.9516670724 
5.088390006e-06 
5.824433829 
0.09642862612 
    1 
2.385149061e-14 
3.375697213e-21 
-3.34815015e-21 
0.9516698583 
5.042460774e-06 
5.877468454 
0.09642806155 
    1 
2.396707571e-14 
1.956339057e-21 
-1.940560704e-21 
0.9516726192 
4.997353396e-06 
5.930502769 
0.09642750206 
    1 
2.407794844e-14 
1.13369914e-21 
-1.124712612e-21 
0.9516753554 
4.953046006e-06 
5.983536778 
0.09642694756 
    1 
2.418082499e-14 
6.569093354e-22 
-6.518804806e-22 
0.9516780675 
4.909517508e-06 
6.036570484 
0.09642639796 
    1 
2.427145336e-14 
3.805475005e-22 
-3.778905565e-22 
0.9516807559 
4.866747543e-06 
6.089603888 
0.09642585318 
    1 
2.434436665e-14 
2.203092779e-22 
-2.191865387e-22 
0.951683421 
4.824716452e-06 
6.142636995 
0.09642531312 
    1 
2.439253095e-14 
1.273057609e-22 
-1.273632794e-22 
0.9516860632 
4.783405252e-06 
6.195669805 
0.09642477771 
    1 
2.440680269e-14 
7.315581915e-23 
-7.44117031e-23 
0.9516886828 
4.742795605e-06 
6.248702322 
0.09642424688 
    1 
2.437508781e-14 
4.13300331e-23 
-4.418004358e-23 
0.9516912803 
4.702869788e-06 
6.301734549 
0.09642372053 
    1 
2.428112173e-14 
2.210774925e-23 
-2.744989752e-23 
0.951693856 
4.663610673e-06 
6.354766487 
0.0964231986 
    1 
2.412820178e-14 
9.609589024e-24 
-1.912692357e-23 
