-0.09869599364 
-0.0006069715722 
0.9926398128 
-0.02460729917 
0.5215965404 
0.846084315 
0.3075591499 
0.5269188993 
0.9132659472 
-0.2961833306 
0.9765122362 
-0.03063455554 
0.9012312115 
0.5285008314 
0.5669341233 
0.4084240456 
0.7071625614 
-0.4193891169 
0.9616610343 
-0.02209972714 
1.114309797 
0.2662531126 
0.7534050004 
0.2709491636 
0.4831563598 
-0.375744649 
0.9524863594 
-0.01169560972 
1.216931003 
0.1250267564 
0.8697232521 
0.1582441873 
0.3049534107 
-0.2698034445 
0.9480611756 
-0.005095482834 
1.266792297 
0.06560257655 
0.9347172648 
0.08435431562 
0.1843210429 
-0.1731983039 
0.9462434259 
-0.001950413961 
1.295828389 
0.04372360532 
0.9683854926 
0.04238821061 
0.1090438933 
-0.1053270678 
0.9455787774 
-0.000667427025 
1.317431808 
0.0361733825 
0.9850111955 
0.02054542681 
0.06386251958 
-0.06246278262 
0.9453653736 
-0.0001885701605 
1.336504651 
0.03363873033 
0.9929859065 
0.009744527996 
0.03722795569 
-0.03662061669 
0.9453163438 
-1.912804009e-05 
1.354731979 
0.03279541381 
0.9967444501 
0.004561137545 
0.02165496557 
-0.02135829332 
0.9453245591 
3.866718353e-05 
1.372678036 
0.03251443723 
0.9984968534 
0.002117435314 
0.01258357698 
-0.01242705531 
0.9453520183 
5.764933475e-05 
1.390530015 
0.03241967533 
0.999308353 
0.0009778075169 
0.007308564855 
-0.007222399907 
0.9453856444 
6.343959822e-05 
1.408349894 
0.03238657779 
0.9996824827 
0.0004499732477 
0.004243680378 
-0.004195220671 
0.9454210221 
6.481388441e-05 
1.426158207 
0.03237393469 
0.9998544639 
0.0002065883746 
0.002463667009 
-0.002436130674 
0.9454566816 
6.473059587e-05 
1.443961774 
0.03236809806 
0.9999333639 
9.469662614e-05 
0.001430116795 
-0.001414393309 
0.9454921418 
6.417719141e-05 
1.46176287 
0.0323645419 
0.999969512 
4.336001532e-05 
0.0008300825573 
-0.0008210835911 
0.9455272502 
6.348103492e-05 
1.47956226 
0.03236176328 
0.9999860578 
1.98389625e-05 
0.0004817662348 
-0.0004766101922 
0.9455619636 
6.274997206e-05 
1.497360211 
0.0323592624 
0.9999936264 
9.072480578e-06 
0.0002795885538 
-0.0002766327293 
0.9455962741 
6.20191722e-05 
1.515156822 
0.03235687264 
0.999997087 
4.147466557e-06 
0.000162245241 
-0.0001605502519 
0.9456301856 
6.12998196e-05 
1.532952134 
0.03235453815 
0.9999986688 
1.895572733e-06 
9.414455012e-05 
-9.31724095e-05 
0.9456637054 
6.059520759e-05 
1.550746173 
0.03235223993 
0.9999993917 
8.66233224e-07 
5.462480344e-05 
-5.406718036e-05 
0.945696842 
5.990604746e-05 
1.568538956 
0.03234997124 
0.9999997221 
3.958144777e-07 
3.169252196e-05 
-3.137263964e-05 
0.9457296037 
5.923221699e-05 
1.586330499 
0.03234772945 
0.999999873 
1.80854433e-07 
1.838639476e-05 
-1.820287964e-05 
0.945761999 
5.857333538e-05 
1.604120816 
0.0323455133 
0.999999942 
8.263426599e-08 
1.0666203e-05 
-1.056091409e-05 
0.9457940358 
5.792895166e-05 
1.621909922 
0.032343322 
0.9999999735 
3.775668158e-08 
6.187243124e-06 
-6.126831436e-06 
0.9458257222 
5.72986059e-05 
1.639697828 
0.03234115493 
0.9999999879 
1.725188137e-08 
3.588881795e-06 
-3.554217234e-06 
0.9458570657 
5.668184857e-05 
1.65748455 
0.03233901154 
0.9999999945 
7.883018842e-09 
2.081595344e-06 
-2.061703452e-06 
0.9458880735 
5.607824623e-05 
1.675270098 
0.03233689132 
0.9999999975 
3.602177922e-09 
1.20728323e-06 
-1.195867821e-06 
0.9459187529 
5.548738271e-05 
1.693054487 
0.03233479376 
0.9999999988 
1.646100446e-09 
7.001615286e-07 
-6.936101718e-07 
0.9459491108 
5.490885892e-05 
1.710837729 
0.03233271838 
0.9999999995 
7.522590643e-10 
4.060355223e-07 
-4.022754609e-07 
0.9459791538 
5.434229216e-05 
1.728619835 
0.03233066473 
0.9999999998 
3.437948468e-10 
2.354545042e-07 
-2.332963523e-07 
0.9460088884 
5.378731536e-05 
1.746400817 
0.03232863235 
0.9999999999 
1.571280371e-10 
1.365298543e-07 
-1.352910805e-07 
0.9460383208 
5.324357633e-05 
1.764180688 
0.03232662081 
0.9999999999 
7.181749037e-11 
7.916374864e-08 
-7.845265881e-08 
0.9460674572 
5.271073698e-05 
1.781959458 
0.03232462969 
    1 
3.282690109e-11 
4.589904102e-08 
-4.549083545e-08 
0.9460963035 
5.218847267e-05 
1.799737138 
0.03232265858 
    1 
1.500546666e-11 
2.661091648e-08 
-2.637657188e-08 
0.9461248654 
5.167647151e-05 
1.817513739 
0.03232070708 
    1 
6.859341915e-12 
1.542749528e-08 
-1.529295506e-08 
0.9461531484 
5.117443379e-05 
1.835289273 
0.0323187748 
    1 
3.135727717e-12 
8.943567338e-09 
-8.866322402e-09 
0.946181158 
5.068207133e-05 
1.853063748 
0.03231686138 
    1 
1.433644734e-12 
5.184493051e-09 
-5.140141556e-09 
0.9462088994 
5.019910697e-05 
1.870837177 
0.03231496645 
    1 
6.555386121e-13 
3.005262033e-09 
-2.979795697e-09 
0.9462363777 
4.972527403e-05 
1.888609569 
0.03231308965 
    1 
2.999278588e-13 
1.741964464e-09 
-1.727341203e-09 
0.9462635978 
4.926031585e-05 
1.906380933 
0.03231123065 
    1 
1.374571047e-13 
1.009665441e-09 
-1.001268111e-09 
0.9462905646 
4.880398529e-05 
1.924151279 
0.0323093891 
    1 
6.344253989e-14 
5.851905327e-10 
-5.803682007e-10 
0.9463172828 
4.835604429e-05 
1.941920618 
0.03230756469 
    1 
2.993970041e-14 
3.391556271e-10 
-3.363861901e-10 
0.9463437568 
4.791626349e-05 
1.959688957 
0.0323057571 
    1 
2.090660572e-14 
1.965545155e-10 
-1.949639775e-10 
0.9463699912 
4.74844218e-05 
1.977456307 
0.03230396603 
    1 
2.099820506e-14 
1.139067879e-10 
-1.129932754e-10 
0.9463959901 
4.706030608e-05 
1.995222677 
0.03230219118 
    1 
2.118821071e-14 
6.600838018e-11 
-6.548369064e-11 
0.9464217579 
4.664371071e-05 
2.012988075 
0.03230043224 
    1 
2.141045864e-14 
3.825002632e-11 
-3.794865107e-11 
0.9464472986 
4.623443733e-05 
2.030752509 
0.03229868896 
    1 
2.162559485e-14 
2.216398703e-11 
-2.199087403e-11 
0.9464726162 
4.583229449e-05 
2.048515989 
0.03229696104 
    1 
2.178984804e-14 
1.284244779e-11 
-1.274300611e-11 
0.9464977145 
4.543709738e-05 
2.066278523 
0.03229524822 
    1 
2.188699498e-14 
7.441008159e-12 
-7.383883515e-12 
0.9465225973 
4.504866747e-05 
2.084040119 
0.03229355025 
    1 
2.193695535e-14 
4.311218908e-12 
-4.278402227e-12 
0.9465472684 
4.466683236e-05 
2.101800785 
0.03229186686 
    1 
2.192448763e-14 
2.497772944e-12 
-2.478919894e-12 
0.9465717311 
4.429142542e-05 
2.119560529 
0.03229019781 
    1 
2.186131399e-14 
1.447073811e-12 
-1.436242424e-12 
0.9465959892 
4.39222856e-05 
2.13731936 
0.03228854285 
    1 
2.179210759e-14 
8.383271039e-13 
-8.321040743e-13 
0.9466200459 
4.355925719e-05 
2.155077283 
0.03228690176 
    1 
2.172410419e-14 
4.85648077e-13 
-4.820725945e-13 
0.9466439046 
4.320218958e-05 
2.172834308 
0.03228527429 
    1 
2.166711516e-14 
2.813295949e-13 
-2.792752081e-13 
0.9466675685 
4.285093708e-05 
2.190590442 
0.03228366024 
    1 
2.16355916e-14 
1.62965241e-13 
-1.617848e-13 
0.9466910408 
4.250535873e-05 
2.208345691 
0.03228205937 
    1 
2.162768973e-14 
9.439752092e-14 
-9.371922263e-14 
0.9467143246 
4.216531806e-05 
2.226100064 
0.03228047149 
    1 
2.16160794e-14 
5.467797979e-14 
-5.428820728e-14 
0.9467374228 
4.183068296e-05 
2.243853567 
0.03227889636 
    1 
2.160613281e-14 
3.167020059e-14 
-3.144621734e-14 
0.9467603385 
4.150132549e-05 
2.261606207 
0.03227733381 
    1 
2.159714448e-14 
1.834323217e-14 
-1.821451587e-14 
0.9467830744 
4.11771217e-05 
2.279357991 
0.03227578362 
    1 
2.158943786e-14 
1.062399393e-14 
-1.055002234e-14 
0.9468056334 
4.085795151e-05 
2.297108925 
0.0322742456 
    1 
2.15834323e-14 
6.152999347e-15 
-6.110487542e-15 
0.9468280182 
4.054369854e-05 
2.314859017 
0.03227271957 
    1 
2.157995928e-14 
3.563470979e-15 
-3.53903852e-15 
0.9468502315 
4.023424997e-05 
2.332608274 
0.03227120534 
    1 
2.158010801e-14 
2.063702445e-15 
-2.049660165e-15 
0.9468722759 
3.99294964e-05 
2.3503567 
0.03226970273 
    1 
2.158497055e-14 
1.195112023e-15 
-1.187041146e-15 
0.946894154 
3.962933173e-05 
2.368104303 
0.03226821156 
    1 
2.159540261e-14 
6.920827433e-16 
-6.874438303e-16 
0.9469158682 
3.933365304e-05 
2.385851089 
0.03226673165 
    1 
2.161190893e-14 
4.007702492e-16 
-3.981038573e-16 
0.9469374211 
3.904236047e-05 
2.403597065 
0.03226526285 
    1 
2.163464492e-14 
2.3207115e-16 
-2.305384971e-16 
0.9469588148 
3.875535707e-05 
2.421342235 
0.03226380499 
    1 
2.166348496e-14 
1.343801842e-16 
-1.33499185e-16 
0.9469800519 
3.847254878e-05 
2.439086607 
0.0322623579 
    1 
2.169811275e-14 
7.781044096e-17 
-7.730401151e-17 
0.9470011346 
3.819384422e-05 
2.456830186 
0.03226092143 
    1 
2.173810719e-14 
4.505357449e-17 
-4.476245323e-17 
0.9470220651 
3.791915468e-05 
2.474572977 
0.03225949542 
    1 
2.178301218e-14 
2.608612213e-17 
-2.591876651e-17 
0.9470428457 
3.764839397e-05 
2.492314987 
0.03225807973 
    1 
2.183238773e-14 
1.51035433e-17 
-1.500733382e-17 
0.9470634783 
3.738147836e-05 
2.510056222 
0.0322566742 
    1 
2.188584408e-14 
8.744548148e-18 
-8.689237782e-18 
0.9470839652 
3.711832648e-05 
2.527796686 
0.03225527869 
    1 
2.194306153e-14 
5.062735748e-18 
-5.030937288e-18 
0.9471043084 
3.685885924e-05 
2.545536385 
0.03225389306 
    1 
2.200379887e-14 
2.931046123e-18 
-2.91276443e-18 
0.9471245099 
3.660299974e-05 
2.563275325 
0.03225251717 
    1 
2.20678926e-14 
1.696874397e-18 
-1.68636356e-18 
0.9471445716 
3.635067324e-05 
2.581013511 
0.03225115089 
    1 
2.213524885e-14 
9.823506466e-19 
-9.763074226e-19 
0.9471644955 
3.610180702e-05 
2.598750947 
0.03224979407 
    1 
2.220582911e-14 
5.686870085e-19 
-5.65212364e-19 
0.9471842835 
3.585633034e-05 
2.616487641 
0.0322484466 
    1 
2.227963118e-14 
3.292078242e-19 
-3.272099773e-19 
0.9472039374 
3.561417439e-05 
2.634223595 
0.03224710835 
    1 
2.235666615e-14 
1.90571167e-19 
-1.894224209e-19 
0.947223459 
3.537527221e-05 
2.651958817 
0.03224577918 
    1 
2.243693228e-14 
1.103150008e-19 
-1.096544661e-19 
0.9472428501 
3.513955863e-05 
2.669693309 
0.03224445898 
    1 
2.252038649e-14 
6.385610335e-20 
-6.347628454e-20 
0.9472621124 
3.49069702e-05 
2.687427078 
0.03224314763 
    1 
2.260691368e-14 
3.696245756e-20 
-3.674405111e-20 
0.9472812476 
3.467744514e-05 
2.705160128 
0.03224184501 
    1 
2.269629375e-14 
2.139488536e-20 
-2.126929409e-20 
0.9473002574 
3.445092331e-05 
2.722892465 
0.03224055101 
    1 
2.278816511e-14 
1.238368461e-20 
-1.2311466e-20 
0.9473191435 
3.422734611e-05 
2.740624091 
0.03223926551 
    1 
2.288198262e-14 
7.16771345e-21 
-7.126188744e-21 
0.9473379074 
3.400665647e-05 
2.758355013 
0.0322379884 
    1 
2.297696578e-14 
4.148605111e-21 
-4.124735368e-21 
0.9473565506 
3.378879877e-05 
2.776085235 
0.03223671957 
    1 
2.307203071e-14 
2.40111892e-21 
-2.387409527e-21 
0.9473750749 
3.357371884e-05 
2.793814762 
0.03223545892 
    1 
2.316569518e-14 
1.389675206e-21 
-1.381822023e-21 
0.9473934816 
3.336136384e-05 
2.811543597 
0.03223420634 
    1 
2.325594021e-14 
8.042566432e-22 
-7.99794307e-22 
0.9474117722 
3.31516823e-05 
2.829271745 
0.03223296173 
    1 
2.334000259e-14 
4.654128657e-22 
-4.629406081e-22 
0.9474299482 
3.294462403e-05 
2.846999212 
0.03223172499 
    1 
2.341406125e-14 
2.692688932e-22 
-2.680106989e-22 
0.9474480111 
3.274014007e-05 
2.864726 
0.03223049602 
    1 
2.347276743e-14 
1.55690634e-22 
-1.552515822e-22 
0.9474659622 
3.253818269e-05 
2.882452114 
0.03222927473 
    1 
2.350855899e-14 
8.985410193e-23 
-9.009636224e-23 
0.9474838029 
3.233870532e-05 
2.900177559 
0.03222806101 
    1 
2.351070789e-14 
5.157108614e-23 
-5.25706156e-23 
0.9475015346 
3.214166255e-05 
2.917902338 
0.03222685478 
    1 
2.346409588e-14 
2.910030622e-23 
-3.117063288e-23 
0.9475191585 
3.194701004e-05 
2.935626456 
0.03222565595 
    1 
2.337313061e-14 
1.554736494e-23 
-1.933789466e-23 
0.9475366761 
3.175470455e-05 
2.953349916 
0.03222446442 
    1 
2.326969517e-14 
6.749981079e-24 
-1.344963967e-23 
