0.5249042254 
-0.0006165857594 
1.000005758 
2.991134694e-06 
0.3343190384 
0.9999884839 
0.2541705833 
0.7269726623 
0.9664619808 
-0.1952773987 
1.00000645 
1.497808443e-06 
0.6676371652 
0.9999871006 
0.4768062577 
0.6000956256 
0.8761540376 
-0.334229144 
1.000006855 
9.990381529e-07 
1.000954944 
0.9999862907 
0.6513177625 
0.4466756767 
0.7523743592 
-0.3958996433 
1.000007142 
7.494660151e-07 
1.334272496 
0.9999857158 
0.7762878377 
0.3077599652 
0.6194293131 
-0.3931851201 
1.000007365 
5.996628306e-07 
1.66758988 
0.9999852699 
0.8601302126 
0.2010703645 
0.4944717406 
-0.3523931242 
1.000007547 
4.99769065e-07 
2.00090713 
0.9999849054 
0.913971036 
0.1269286905 
0.3861623841 
-0.296401533 
1.000007701 
4.284041363e-07 
2.334224268 
0.9999845973 
0.9475991157 
0.07844903286 
0.2969583429 
-0.2394328518 
1.000007835 
3.748737438e-07 
2.66754131 
0.9999843303 
0.9682529348 
0.04788717486 
0.2258714292 
-0.1883861276 
1.000007953 
3.332350249e-07 
3.00085827 
0.9999840948 
0.9808161882 
0.02903055254 
0.1704422163 
-0.1456320234 
1.000008058 
2.999215483e-07 
3.334175155 
0.9999838842 
0.9884185648 
0.01753789378 
0.1278565316 
-0.1112186845 
1.000008153 
2.726634133e-07 
3.667491973 
0.9999836936 
0.9930077088 
0.01057990807 
0.09547614426 
-0.08420184533 
1.00000824 
2.499471632e-07 
4.00080873 
0.9999835196 
0.9957756924 
0.006381173348 
0.07104026784 
-0.06333887 
1.00000832 
2.307249128e-07 
4.334125432 
0.9999833596 
0.9974454943 
0.003850714616 
0.05270392501 
-0.04741086717 
1.000008394 
2.142481086e-07 
4.667442083 
0.9999832114 
0.9984535298 
0.002325818198 
0.03900508592 
-0.03535022025 
1.000008463 
1.999677713e-07 
5.000758686 
0.9999830735 
0.9990626829 
0.001406347712 
0.02880694964 
-0.02627415027 
1.000008528 
1.874721407e-07 
5.334075244 
0.9999829444 
0.9994312195 
0.0008513955583 
0.02123695894 
-0.01947677273 
1.000008589 
1.764463242e-07 
5.667391761 
0.9999828232 
0.9996544548 
0.0005160614773 
0.01563154874 
-0.01440551738 
1.000008646 
1.666453937e-07 
6.000708239 
0.9999827089 
0.999789841 
0.0003131809342 
0.0114895619 
-0.01063399774 
1.0000087 
1.578759768e-07 
6.334024679 
0.9999826008 
0.9998720467 
0.0001902811104 
0.008434517312 
-0.007836544831 
1.000008751 
1.499833695e-07 
6.667341085 
0.9999824982 
0.9999220187 
0.000115739081 
0.006184797938 
-0.005766303438 
1.0000088 
1.428423315e-07 
7.000657457 
0.9999824007 
0.9999524292 
7.04731174e-05 
0.00453048329 
-0.004237256516 
1.000008846 
1.363503899e-07 
7.333973797 
0.9999823076 
0.9999709546 
4.295368542e-05 
0.003315554552 
-0.003109887603 
1.000008891 
1.30422891e-07 
7.667290107 
0.9999822187 
0.9999822509 
2.620508372e-05 
0.002424343966 
-0.002279957723 
1.000008933 
1.249892884e-07 
8.000606388 
0.9999821336 
0.9999891453 
1.600126697e-05 
0.001771284467 
-0.00166983506 
1.000008974 
1.199903217e-07 
8.333922641 
0.999982052 
0.9999933568 
9.778755575e-06 
0.001293196529 
-0.001221861329 
1.000009013 
1.153758463e-07 
8.667238868 
0.9999819736 
0.9999959314 
5.980689213e-06 
0.0009435090702 
-0.0008933138917 
1.000009051 
1.111031458e-07 
9.000555069 
0.9999818981 
0.9999975066 
3.660468763e-06 
0.0006879449197 
-0.0006526021416 
1.000009087 
1.071356053e-07 
9.333871245 
0.9999818254 
0.999998471 
2.241923432e-06 
0.0005013094217 
-0.0004764094036 
1.000009123 
1.034416598e-07 
9.667187398 
0.9999817552 
0.9999990619 
1.373996266e-06 
0.0003651063659 
-0.0003475537823 
1.000009156 
9.999395267e-08 
10.00050353 
0.9999816874 
0.9999994241 
8.42586325e-07 
0.0002657721129 
-0.0002533924473 
1.000009189 
9.67686566e-08 
10.33381963 
0.9999816218 
0.9999996463 
5.170016218e-07 
0.0001933702254 
-0.0001846347015 
1.000009221 
9.374492254e-08 
10.66713572 
0.9999815583 
0.9999997826 
3.173976703e-07 
0.0001406282208 
-0.0001344613015 
1.000009252 
9.090442835e-08 
11.00045178 
0.9999814968 
0.9999998664 
1.949560057e-07 
0.0001022279028 
-9.787243188e-05 
1.000009282 
8.823100722e-08 
11.33376783 
0.9999814371 
0.9999999178 
1.1980591e-07 
7.428325992e-05 
-7.120589608e-05 
1.000009311 
8.571033985e-08 
11.66708385 
0.9999813791 
0.9999999494 
7.365753532e-08 
5.395684861e-05 
-5.178169633e-05 
1.000009339 
8.332969781e-08 
12.00039986 
0.9999813228 
0.9999999689 
4.530465592e-08 
3.917825935e-05 
-3.764025125e-05 
1.000009366 
8.107772864e-08 
12.33371585 
0.999981268 
0.9999999808 
2.787695645e-08 
2.843771967e-05 
-2.734984855e-05 
1.000009393 
7.894427474e-08 
12.66703182 
0.9999812147 
0.9999999882 
1.715993312e-08 
2.063492949e-05 
-1.986519927e-05 
1.000009419 
7.692022027e-08 
13.00034777 
0.9999811627 
0.9999999927 
1.056683718e-08 
1.496844751e-05 
-1.442365036e-05 
1.000009444 
7.499736088e-08 
13.3336637 
0.9999811121 
0.9999999955 
6.50917128e-09 
1.085481777e-05 
-1.046910874e-05 
1.000009469 
7.31682926e-08 
13.66697962 
0.9999810627 
0.9999999972 
4.010977887e-09 
7.869485272e-06 
-7.596331389e-06 
1.000009493 
7.142631655e-08 
14.00029552 
0.9999810145 
0.9999999983 
2.472360758e-09 
5.703661197e-06 
-5.510165228e-06 
1.000009516 
6.976535695e-08 
14.33361141 
0.9999809675 
0.9999999989 
1.52441765e-09 
4.132852741e-06 
-3.99574936e-06 
1.000009539 
6.817989032e-08 
14.66692728 
0.9999809215 
0.9999999994 
9.402006321e-10 
2.993917519e-06 
-2.896747746e-06 
1.000009562 
6.666488415e-08 
15.00024314 
0.9999808766 
0.9999999996 
5.800374104e-10 
2.168342988e-06 
-2.099459299e-06 
1.000009584 
6.521574348e-08 
15.33355898 
0.9999808326 
0.9999999998 
3.579355144e-10 
1.570068668e-06 
-1.521225987e-06 
1.000009605 
6.382826441e-08 
15.6668748 
0.9999807896 
0.9999999998 
2.209339738e-10 
1.13662143e-06 
-1.101981547e-06 
1.000009626 
6.249859333e-08 
16.00019062 
0.9999807475 
0.9999999999 
1.364030952e-10 
8.226655756e-07 
-7.980934122e-07 
1.000009647 
6.122319118e-08 
16.33350641 
0.9999807063 
0.9999999999 
8.423342697e-11 
5.953120077e-07 
-5.778780154e-07 
1.000009667 
5.999880203e-08 
16.6668222 
0.9999806659 
    1 
5.202808417e-11 
4.3070819e-07 
-4.183363747e-07 
1.000009687 
5.88224253e-08 
17.00013797 
0.9999806263 
    1 
3.214303697e-11 
3.115601706e-07 
-3.027790497e-07 
1.000009706 
5.769129119e-08 
17.33345373 
0.9999805874 
    1 
1.986205213e-11 
2.253325967e-07 
-2.190989319e-07 
1.000009725 
5.660283896e-08 
17.66676947 
0.9999805493 
    1 
1.227557138e-11 
1.629416847e-07 
-1.585156881e-07 
1.000009744 
5.555469751e-08 
18.0000852 
0.9999805119 
    1 
7.588304402e-12 
1.178064669e-07 
-1.14663425e-07 
1.000009763 
5.454466819e-08 
18.33340093 
0.9999804753 
    1 
4.691703798e-12 
8.516032757e-08 
-8.292799853e-08 
1.000009781 
5.35707094e-08 
18.66671663 
0.9999804392 
    1 
2.901394735e-12 
6.155157384e-08 
-5.996583091e-08 
1.000009798 
5.263092279e-08 
19.00003233 
0.9999804038 
    1 
1.794577089e-12 
4.448124248e-08 
-4.335463761e-08 
1.000009816 
5.172354092e-08 
19.33334801 
0.999980369 
    1 
1.110210193e-12 
3.214050635e-08 
-3.133998566e-08 
1.000009833 
5.084691618e-08 
19.66666369 
0.9999803349 
    1 
6.870719021e-13 
2.322034234e-08 
-2.265144547e-08 
1.00000985 
4.999951079e-08 
19.99997935 
0.9999803012 
    1 
4.254275888e-13 
1.677361087e-08 
-1.636926537e-08 
1.000009866 
4.91798878e-08 
20.333295 
0.9999802682 
    1 
2.636815854e-13 
1.211513896e-08 
-1.182771174e-08 
1.000009882 
4.838670297e-08 
20.66661064 
0.9999802357 
    1 
1.639472202e-13 
8.749351998e-09 
-8.545010029e-09 
1.000009898 
4.76186974e-08 
20.99992627 
0.9999802037 
    1 
1.025919788e-13 
6.317870373e-09 
-6.172578977e-09 
1.000009914 
4.687469087e-08 
21.33324189 
0.9999801722 
    1 
6.489792007e-14 
4.561571305e-09 
-4.458253989e-09 
1.00000993 
4.615357578e-08 
21.66655749 
0.9999801412 
    1 
4.324572793e-14 
3.293128586e-09 
-3.219650909e-09 
1.000009945 
4.545431166e-08 
21.99987309 
0.9999801106 
    1 
3.365827399e-14 
2.377140392e-09 
-2.32487854e-09 
1.00000996 
4.477592015e-08 
22.33318868 
0.9999800806 
    1 
2.643436571e-14 
1.715751097e-09 
-1.678575428e-09 
1.000009975 
4.411748043e-08 
22.66650426 
0.9999800509 
    1 
2.058243887e-14 
1.238250089e-09 
-1.211803239e-09 
1.000009989 
4.347812509e-08 
22.99981983 
0.9999800217 
    1 
1.584357233e-14 
8.93548892e-10 
-8.747329995e-10 
1.000010004 
4.285703626e-08 
23.33313538 
0.999979993 
    1 
1.204283854e-14 
6.447410053e-10 
-6.313534274e-10 
1.000010018 
4.225344213e-08 
23.66645093 
0.9999799646 
    1 
9.028959784e-15 
4.651685057e-10 
-4.556429977e-10 
1.000010032 
4.16666138e-08 
23.99976647 
0.9999799366 
    1 
6.666005222e-15 
3.355785383e-10 
-3.288013404e-10 
1.000010046 
4.10958623e-08 
24.333082 
0.999979909 
    1 
4.833150271e-15 
2.420680129e-10 
-2.372471599e-10 
1.000010059 
4.054053587e-08 
24.66639752 
0.9999798818 
    1 
3.423194406e-15 
1.745982412e-10 
-1.711706931e-10 
1.000010073 
4.000001755e-08 
24.99971303 
0.999979855 
    1 
2.348576766e-15 
1.259216175e-10 
-1.234872778e-10 
1.000010086 
3.947372283e-08 
25.33302854 
0.9999798285 
    1 
1.539298066e-15 
9.080614596e-11 
-8.908100458e-11 
1.000010099 
3.896109756e-08 
25.66634403 
0.9999798024 
    1 
9.434869793e-16 
6.547523176e-11 
-6.425812225e-11 
1.000010112 
3.846161602e-08 
25.99965952 
0.9999797765 
    1 
5.225463276e-16 
4.720302542e-11 
-4.6352093e-11 
1.000010125 
3.797477909e-08 
26.33297499 
0.9999797511 
    1 
2.430437718e-16 
3.402215484e-11 
-3.343827099e-11 
1.000010137 
3.750011262e-08 
26.66629046 
0.9999797259 
    1 
7.370369358e-17 
2.451264196e-11 
-2.412781981e-11 
1.00001015 
3.703716588e-08 
26.99960592 
0.9999797011 
    1 
-1.427653791e-17 
1.764945062e-11 
-1.741890239e-11 
1.000010162 
3.65855101e-08 
27.33292138 
0.9999796765 
    1 
-4.198584473e-17 
1.269236419e-11 
-1.258926916e-11 
1.000010174 
3.614473719e-08 
27.66623682 
0.9999796523 
    1 
-2.372999232e-17 
9.106408489e-12 
-9.118777972e-12 
1.000010186 
3.571445849e-08 
27.99955226 
0.9999796283 
    1 
2.377381634e-17 
6.504297601e-12 
-6.63356834e-12 
1.000010198 
3.529430364e-08 
28.33286768 
0.9999796047 
    1 
8.119823237e-17 
4.60473335e-12 
-4.865922975e-12 
1.00001021 
3.488391948e-08 
28.6661831 
0.9999795813 
    1 
1.414136137e-16 
3.202084431e-12 
-3.62552426e-12 
1.000010221 
3.448296912e-08 
28.99949852 
0.9999795582 
    1 
1.978844277e-16 
2.144187959e-12 
-2.779031779e-12 
1.000010233 
3.409113094e-08 
29.33281392 
0.9999795353 
    1 
2.437445352e-16 
1.315884786e-12 
-2.235798062e-12 
1.000010244 
3.370809782e-08 
29.66612932 
0.9999795127 
    1 
2.709588426e-16 
6.265123186e-13 
-1.938198548e-12 
