0.0100674
0.0225728
0.0399319
0.061998
0.0885854
0.119472
0.154403
0.193091
0.235225
0.280468
0.328466
0.37885
0.431239
0.485246
0.540483
0.596562
0.653101
0.709727
0.766078
0.821809
0.876591
0.930117
0.9821
1.03228
1.08041
1.1263
1.16973
1.21057
1.24868
1.28393
1.31627
1.34561
1.37193
1.39522
1.41547
1.43271
1.44698
1.45834
1.46687
1.47264
1.47574
1.4763
1.4744
1.47018
1.46375
1.45524
1.44478
1.43251
1.41854
1.40301
1.38606
1.3678
1.34836
1.32786
1.30641
1.28414
1.26114
1.23752
1.21338
1.18881
1.1639
1.13872
1.11337
1.08791
1.0624
1.03692
1.01151
0.986232
0.961132
0.936253
0.911637
0.887317
0.863326
0.839692
0.81644
0.793591
0.771165
0.749177
0.727641
0.706567
0.685964
0.665838
0.646195
0.627037
0.608366
0.590182
0.572482
0.555265
0.538527
0.522264
0.506469
0.491136
0.47626
0.461831
0.447843
0.434286
0.421153
0.408433
0.396119
0.384199
0.372666
0.361508
0.350717
0.340282
0.330194
0.320442
0.311018
0.301912
0.293113
0.284614
0.276404
0.268475
0.260817
0.253422
0.246281
0.239386
0.232729
0.226302
0.220096
0.214105
0.208321
0.202737
0.197345
0.192139
0.187113
0.18226
0.177574
0.173048
0.168678
0.164457
0.16038
0.156442
0.152637
0.148962
0.14541
0.141978
0.138661
0.135455
0.132355
0.129359
0.126461
0.123659
0.120948
0.118326
0.115789
0.113334
0.110957
0.108657
0.10643
0.104273
0.102184
0.10016
0.0981987
0.0962983
0.0944562
0.0926703
0.0909384
0.0892587
0.0876292
0.0860481
0.0845135
0.0830239
0.0815775
0.0801729
0.0788084
0.0774827
0.0761944
0.0749421
0.0737246
0.0725405
0.0713888
0.0702683
0.0691778
0.0681164
0.067083
0.0660766
0.0650963
0.0641413
0.0632106
0.0623033
0.0614188
0.0605563
0.0597149
0.0588941
0.058093
0.0573111
0.0565477
0.0558022
0.055074
0.0543626
0.0536675
0.052988
0.0523237
0.0516741
0.0510388
0.0504173
0.0498092
0.049214
0.0486314
0.0480609
0.0475023
0.0469551
0.046419
0.0458937
0.0453789
0.0448742
0.0443794
0.0438941
0.0434182
0.0429512
0.0424931
0.0420435
0.0416021
0.0411688
0.0407434
0.0403256
0.0399152
0.039512
0.0391159
0.0387266
0.0383439
0.0379678
0.037598
0.0372343
0.0368766
0.0365248
0.0361787
0.0358382
0.0355031
0.0351733
0.0348486
0.034529
0.0342143
0.0339045
0.0335993
0.0332987
0.0330026
0.0327109
0.0324234
0.0321402
0.031861
0.0315858
0.0313146
0.0310472
0.0307835
0.0305235
0.030267
0.0300141
0.0297647
0.0295186
0.0292758
0.0290362
0.0287998
0.0285665
0.0283363
0.0281091
0.0278847
0.0276633
0.0274446
0.0272287
0.0270156
0.026805
0.0265971
0.0263918
0.0261889
0.0259886
0.0257906
0.0255951
0.0254018
0.0252109
0.0250223
0.0248358
0.0246515
0.0244694
0.0242894
0.0241114
0.0239355
0.0237616
0.0235896
0.0234196
0.0232515
0.0230852
0.0229208
0.0227583
0.0225975
0.0224384
0.0222811
0.0221255
0.0219716
0.0218193
0.0216686
0.0215196
0.0213721
0.0212262
0.0210818
0.0209389
0.0207975
0.0206575
0.020519
0.0203819
0.0202462
0.0201119
0.019979
0.0198474
0.0197171
0.0195881
0.0194604
0.019334
0.0192088
0.0190849
0.0189621
0.0188406
0.0187202
0.0186011
0.018483
0.0183661
0.0182503
0.0181357
0.0180221
0.0179096
0.0177982
0.0176878
0.0175784
0.0174701
0.0173627
0.0172564
0.0171511
0.0170467
0.0169433
0.0168408
0.0167393
0.0166387
0.016539
0.0164402
0.0163423
0.0162452
0.0161491
0.0160538
0.0159593
0.0158657
0.0157729
0.0156809
0.0155897
0.0154994
0.0154098
0.015321
0.0152329
0.0151456
0.0150591
0.0149733
0.0148883
0.014804
0.0147204
0.0146375
0.0145553
0.0144738
0.0143929
0.0143128
0.0142333
0.0141545
0.0140764
0.0139989
0.013922
0.0138458
0.0137702
0.0136952
0.0136208
0.013547
0.0134739
0.0134013
0.0133293
0.0132579
0.013187
0.0131168
0.0130471
0.0129779
0.0129093
0.0128412
0.0127737
0.0127067
0.0126403
0.0125743
0.0125089
0.012444
0.0123796
0.0123157
0.0122522
0.0121893
0.0121269
0.0120649
0.0120034
0.0119424
0.0118818
0.0118217
0.0117621
0.0117029
0.0116441
0.0115858
0.011528
0.0114705
0.0114135
0.0113569
0.0113008
0.011245
0.0111897
0.0111348
0.0110803
0.0110261
0.0109724
0.0109191
0.0108661
0.0108136
0.0107614
0.0107096
0.0106581
0.0106071
0.0105564
0.0105061
0.0104561
0.0104065
0.0103572
0.0103083
0.0102597
0.0102115
0.0101636
0.010116
0.0100688
0.0100219
0.00997538
0.00992914
0.00988322
0.00983762
0.00979234
0.00974737
0.0097027
0.00965834
0.00961429
0.00957054
0.00952708
0.00948392
0.00944106
0.00939848
0.00935619
0.00931419
0.00927247
0.00923102
0.00918986
0.00914897
0.00910835
0.009068
0.00902792
0.00898811
0.00894855
0.00890926
0.00887023
0.00883145
0.00879293
0.00875465
0.00871663
0.00867886
0.00864133
0.00860404
0.00856699
0.00853018
0.00849361
0.00845727
0.00842117
0.0083853
0.00834965
0.00831423
0.00827904
0.00824407
0.00820932
0.00817479
0.00814048
0.00810638
0.0080725
0.00803883
0.00800537
0.00797212
0.00793907
0.00790623
0.0078736
0.00784116
0.00780893
0.00777689
0.00774505
0.0077134
0.00768195
0.00765069
0.00761963
0.00758875
0.00755805
0.00752755
0.00749722
0.00746708
0.00743713
0.00740735
0.00737775
0.00734832
0.00731908
0.00729
0.0072611
0.00723238
0.00720382
0.00717543
0.00714721
0.00711915
0.00709126
0.00706353
