2.46256
5.24424
8.63521
12.2452
15.7029
18.7066
21.0523
22.64
23.4624
23.5824
23.1078
22.1676
20.8928
19.4041
17.8041
16.1748
14.5774
13.055
11.6351
10.3328
9.15423
8.09881
7.16152
6.33458
5.60873
4.97404
4.42064
3.93902
3.52036
3.15658
2.84044
2.5655
2.32611
2.11735
1.93491
1.77512
1.63479
1.5112
1.402
1.30519
1.21908
1.1422
1.07332
1.01137
0.955444
0.904771
0.85869
0.816632
0.778114
0.742716
0.710082
0.6799
0.651905
0.625864
0.601576
0.578867
0.557585
0.537595
0.51878
0.501038
0.484277
0.468417
0.453384
0.439117
0.425557
0.412652
0.400358
0.388632
0.377435
0.366735
0.356499
0.346699
0.337309
0.328305
0.319664
0.311367
0.303394
0.295729
0.288354
0.281255
0.274417
0.267829
0.261476
0.255349
0.249436
0.243727
0.238213
0.232884
0.227733
0.222752
0.217933
0.213269
0.208753
0.20438
0.200142
0.196036
0.192054
0.188193
0.184448
0.180813
0.177284
0.173858
0.17053
0.167297
0.164155
0.161101
0.158132
0.155243
0.152433
0.149699
0.147038
0.144447
0.141924
0.139466
0.137072
0.134739
0.132465
0.130248
0.128086
0.125978
0.123921
0.121914
0.119956
0.118044
0.116178
0.114355
0.112575
0.110837
0.109138
0.107478
0.105856
0.10427
0.10272
0.101204
0.0997208
0.0982703
0.0968513
0.0954628
0.0941039
0.0927738
0.0914717
0.0901969
0.0889485
0.0877259
0.0865282
0.085355
0.0842054
0.083079
0.0819749
0.0808928
0.0798319
0.0787917
0.0777718
0.0767715
0.0757904
0.074828
0.0738838
0.0729574
0.0720483
0.0711561
0.0702803
0.0694206
0.0685766
0.0677479
0.0669341
0.0661349
0.0653499
0.0645788
0.0638213
0.0630771
0.0623457
0.0616271
0.0609207
0.0602265
0.059544
0.0588731
0.0582135
0.0575649
0.056927
0.0562997
0.0556828
0.0550759
0.0544789
0.0538915
0.0533136
0.0527449
0.0521853
0.0516345
0.0510924
0.0505588
0.0500335
0.0495164
0.0490072
0.0485059
0.0480122
0.047526
0.0470471
0.0465755
0.0461109
0.0456532
0.0452023
0.0447581
0.0443204
0.043889
0.0434639
0.043045
0.0426321
0.0422251
0.0418239
0.0414285
0.0410385
0.0406541
0.040275
0.0399013
0.0395327
0.0391691
0.0388106
0.038457
0.0381082
0.0377641
0.0374246
0.0370897
0.0367593
0.0364333
0.0361116
0.0357941
0.0354808
0.0351716
0.0348665
0.0345652
0.0342679
0.0339744
0.0336846
0.0333986
0.0331161
0.0328373
0.0325619
0.03229
0.0320215
0.0317563
0.0314944
0.0312357
0.0309802
0.0307278
0.0304785
0.0302322
0.0299889
0.0297485
0.029511
0.0292763
0.0290444
0.0288153
0.0285888
0.028365
0.0281439
0.0279253
0.0277092
0.0274957
0.0272846
0.0270759
0.0268696
0.0266656
0.026464
0.0262647
0.0260676
0.0258727
0.0256799
0.0254894
0.0253009
0.0251145
0.0249302
0.0247479
0.0245676
0.0243892
0.0242128
0.0240383
0.0238657
0.0236949
0.023526
0.0233588
0.0231935
0.0230298
0.0228679
0.0227077
0.0225492
0.0223924
0.0222371
0.0220835
0.0219315
0.021781
0.0216321
0.0214847
0.0213387
0.0211943
0.0210514
0.0209098
0.0207697
0.020631
0.0204937
0.0203578
0.0202232
0.0200899
0.019958
0.0198273
0.0196979
0.0195698
0.019443
0.0193173
0.0191929
0.0190697
0.0189476
0.0188267
0.018707
0.0185884
0.018471
0.0183546
0.0182393
0.0181252
0.0180121
0.0179
0.017789
0.017679
0.0175701
0.0174621
0.0173552
0.0172492
0.0171441
0.0170401
0.016937
0.0168348
0.0167335
0.0166332
0.0165337
0.0164352
0.0163375
0.0162407
0.0161447
0.0160496
0.0159553
0.0158619
0.0157693
0.0156774
0.0155864
0.0154962
0.0154068
0.0153181
0.0152302
0.015143
0.0150566
0.014971
0.014886
0.0148018
0.0147183
0.0146355
0.0145534
0.014472
0.0143912
0.0143112
0.0142318
0.014153
0.0140749
0.0139975
0.0139207
0.0138445
0.013769
0.013694
0.0136197
0.013546
0.0134729
0.0134003
0.0133284
0.013257
0.0131862
0.013116
0.0130463
0.0129772
0.0129086
0.0128406
0.0127731
0.0127061
0.0126397
0.0125738
0.0125084
0.0124435
0.0123791
0.0123152
0.0122518
0.0121889
0.0121265
0.0120645
0.012003
0.011942
0.0118815
0.0118214
0.0117618
0.0117026
0.0116439
0.0115856
0.0115277
0.0114703
0.0114133
0.0113567
0.0113006
0.0112448
0.0111895
0.0111346
0.0110801
0.011026
0.0109723
0.0109189
0.010866
0.0108134
0.0107613
0.0107095
0.010658
0.010607
0.0105563
0.010506
0.010456
0.0104064
0.0103571
0.0103082
0.0102596
0.0102114
0.0101635
0.010116
0.0100688
0.0100219
0.00997532
0.00992908
0.00988317
0.00983757
0.00979229
0.00974732
0.00970266
0.0096583
0.00961425
0.0095705
0.00952705
0.00948389
0.00944102
0.00939845
0.00935616
0.00931416
0.00927244
0.009231
0.00918983
0.00914894
0.00910833
0.00906798
0.0090279
0.00898809
0.00894853
0.00890924
0.00887021
0.00883143
0.00879291
0.00875464
0.00871662
0.00867884
0.00864131
0.00860402
0.00856698
0.00853017
0.0084936
0.00845726
0.00842116
0.00838529
0.00834964
0.00831423
0.00827903
0.00824406
0.00820931
0.00817479
0.00814047
0.00810638
0.0080725
0.00803882
0.00800536
0.00797211
0.00793907
0.00790623
0.00787359
0.00784116
0.00780892
0.00777688
0.00774505
0.0077134
0.00768195
0.00765069
0.00761962
0.00758874
0.00755805
0.00752754
0.00749722
0.00746708
0.00743712
0.00740734
0.00737774
0.00734832
0.00731907
0.00729
0.0072611
0.00723237
0.00720382
0.00717543
0.0071472
0.00711915
0.00709126
0.00706353
