0.0583658 5.31248e-05
0.116732 0.000212477
0.175097 0.000477977
0.233463 0.00084949
0.291829 0.00132683
0.350195 0.00190975
0.40856 0.00259796
0.466926 0.0033911
0.525292 0.00428879
0.583658 0.00529055
0.642023 0.00639589
0.700389 0.00760424
0.758755 0.00891501
0.817121 0.0103275
0.875486 0.0118411
0.933852 0.013455
0.992218 0.0151683
1.05058 0.0169804
1.10895 0.0188901
1.16732 0.0208967
1.22568 0.0229992
1.28405 0.0251964
1.34241 0.0274875
1.40078 0.0298711
1.45914 0.0323463
1.51751 0.0349119
1.57588 0.0375666
1.63424 0.0403092
1.69261 0.0431383
1.75097 0.0460528
1.80934 0.0490513
1.8677 0.0521323
1.92607 0.0552945
1.98444 0.0585365
2.0428 0.0618569
2.10117 0.065254
2.15953 0.0687266
2.2179 0.0722729
2.27626 0.0758917
2.33463 0.0795811
2.393 0.0833398
2.45136 0.0871661
2.50973 0.0910585
2.56809 0.0950153
2.62646 0.0990349
2.68482 0.103116
2.74319 0.107256
2.80156 0.111455
2.85992 0.115709
2.91829 0.120019
2.97665 0.124381
3.03502 0.128795
3.09339 0.133258
3.15175 0.13777
3.21012 0.142328
3.26848 0.146931
3.32685 0.151577
3.38521 0.156264
3.44358 0.160992
3.50195 0.165758
3.56031 0.17056
3.61868 0.175398
3.67704 0.180269
3.73541 0.185173
3.79377 0.190107
3.85214 0.195069
3.91051 0.200059
3.96887 0.205075
4.02724 0.210116
4.0856 0.215179
4.14397 0.220264
4.20233 0.225369
4.2607 0.230492
4.31907 0.235633
4.37743 0.240789
4.4358 0.24596
4.49416 0.251144
4.55253 0.256339
4.61089 0.261545
4.66926 0.266761
4.72763 0.271984
4.78599 0.277214
4.84436 0.282449
4.90272 0.287689
4.96109 0.292931
5.01946 0.298176
5.07782 0.303421
5.13619 0.308666
5.19455 0.31391
5.25292 0.319151
5.31128 0.324389
5.36965 0.329623
5.42802 0.334851
5.48638 0.340072
5.54475 0.345286
5.60311 0.350492
5.66148 0.355689
5.71984 0.360875
5.77821 0.366051
5.83658 0.371215
5.89494 0.376366
5.95331 0.381504
6.01167 0.386628
6.07004 0.391738
6.1284 0.396831
6.18677 0.401909
6.24514 0.406969
6.3035 0.412012
6.36187 0.417037
6.42023 0.422043
6.4786 0.427029
6.53696 0.431996
6.59533 0.436941
6.6537 0.441866
6.71206 0.44677
6.77043 0.451651
6.82879 0.45651
6.88716 0.461345
6.94553 0.466157
7.00389 0.470946
7.06226 0.47571
7.12062 0.480449
7.17899 0.485163
7.23735 0.489852
7.29572 0.494516
7.35409 0.499153
7.41245 0.503764
7.47082 0.508348
7.52918 0.512905
7.58755 0.517435
7.64591 0.521938
7.70428 0.526412
7.76265 0.530859
7.82101 0.535278
7.87938 0.539669
7.93774 0.544031
7.99611 0.548364
8.05447 0.552669
8.11284 0.556945
8.17121 0.561191
8.22957 0.565409
8.28794 0.569597
8.3463 0.573756
8.40467 0.577885
8.46304 0.581984
8.5214 0.586054
8.57977 0.590095
8.63813 0.594105
8.6965 0.598086
8.75486 0.602037
8.81323 0.605957
8.8716 0.609849
8.92996 0.61371
8.98833 0.617541
9.04669 0.621342
9.10506 0.625114
9.16342 0.628856
9.22179 0.632568
9.28016 0.63625
9.33852 0.639902
9.39689 0.643525
9.45525 0.647118
9.51362 0.650681
9.57198 0.654215
9.63035 0.65772
9.68872 0.661195
9.74708 0.664641
9.80545 0.668058
9.86381 0.671446
9.92218 0.674804
9.98054 0.678134
10.0389 0.681435
10.0973 0.684708
10.1556 0.687951
10.214 0.691167
10.2724 0.694354
10.3307 0.697512
10.3891 0.700643
10.4475 0.703746
10.5058 0.706821
10.5642 0.709868
10.6226 0.712888
10.6809 0.71588
10.7393 0.718845
10.7977 0.721783
10.856 0.724695
10.9144 0.727579
10.9728 0.730436
11.0311 0.733268
11.0895 0.736072
11.1479 0.738851
11.2062 0.741604
11.2646 0.74433
11.323 0.747031
11.3813 0.749707
11.4397 0.752357
11.4981 0.754982
11.5564 0.757582
11.6148 0.760157
11.6732 0.762707
11.7315 0.765233
11.7899 0.767735
11.8482 0.770212
11.9066 0.772666
11.965 0.775095
12.0233 0.777501
12.0817 0.779883
12.1401 0.782242
12.1984 0.784578
12.2568 0.786891
12.3152 0.789182
12.3735 0.791449
12.4319 0.793694
12.4903 0.795917
12.5486 0.798118
12.607 0.800297
12.6654 0.802455
12.7237 0.80459
12.7821 0.806705
12.8405 0.808798
12.8988 0.81087
12.9572 0.812921
13.0156 0.814951
13.0739 0.816962
13.1323 0.818951
13.1907 0.820921
13.249 0.82287
13.3074 0.8248
13.3658 0.82671
13.4241 0.828601
13.4825 0.830472
13.5409 0.832324
13.5992 0.834157
13.6576 0.835972
13.716 0.837768
13.7743 0.839545
13.8327 0.841304
13.8911 0.843045
13.9494 0.844768
14.0078 0.846473
14.0661 0.84816
14.1245 0.84983
14.1829 0.851483
14.2412 0.853118
14.2996 0.854736
14.358 0.856338
14.4163 0.857923
14.4747 0.859491
14.5331 0.861043
14.5914 0.862579
14.6498 0.864098
14.7082 0.865602
14.7665 0.86709
14.8249 0.868562
14.8833 0.870019
14.9416 0.871461
15 0.872887
15.0584 0.874299
15.1167 0.875695
15.1751 0.877077
15.2335 0.878444
15.2918 0.879796
15.3502 0.881135
15.4086 0.882459
15.4669 0.883769
15.5253 0.885065
15.5837 0.886348
15.642 0.887617
15.7004 0.888872
15.7588 0.890114
15.8171 0.891343
15.8755 0.892559
15.9339 0.893762
15.9922 0.894951
16.0506 0.896129
16.1089 0.897293
16.1673 0.898446
16.2257 0.899586
16.284 0.900713
16.3424 0.901829
16.4008 0.902933
16.4591 0.904025
16.5175 0.905105
16.5759 0.906174
16.6342 0.907231
16.6926 0.908277
16.751 0.909312
16.8093 0.910335
16.8677 0.911348
16.9261 0.91235
16.9844 0.91334
17.0428 0.914321
17.1012 0.91529
17.1595 0.91625
17.2179 0.917199
17.2763 0.918138
17.3346 0.919066
17.393 0.919985
17.4514 0.920894
17.5097 0.921793
17.5681 0.922682
17.6265 0.923562
17.6848 0.924432
17.7432 0.925293
17.8016 0.926144
17.8599 0.926987
17.9183 0.92782
17.9767 0.928644
18.035 0.92946
18.0934 0.930267
18.1518 0.931064
18.2101 0.931854
18.2685 0.932635
18.3268 0.933407
18.3852 0.934171
18.4436 0.934927
18.5019 0.935675
18.5603 0.936414
18.6187 0.937146
18.677 0.93787
18.7354 0.938585
18.7938 0.939294
18.8521 0.939994
18.9105 0.940687
18.9689 0.941373
19.0272 0.942051
19.0856 0.942722
19.144 0.943386
19.2023 0.944042
19.2607 0.944692
19.3191 0.945334
19.3774 0.94597
19.4358 0.946598
19.4942 0.94722
19.5525 0.947835
19.6109 0.948444
19.6693 0.949046
19.7276 0.949642
19.786 0.950231
19.8444 0.950814
19.9027 0.951391
19.9611 0.951961
20.0195 0.952526
20.0778 0.953084
20.1362 0.953637
20.1946 0.954183
20.2529 0.954724
20.3113 0.955259
20.3696 0.955788
20.428 0.956312
20.4864 0.95683
20.5447 0.957342
20.6031 0.957849
20.6615 0.958351
20.7198 0.958847
20.7782 0.959338
20.8366 0.959824
20.8949 0.960305
20.9533 0.96078
21.0117 0.961251
21.07 0.961717
21.1284 0.962178
21.1868 0.962633
21.2451 0.963085
21.3035 0.963531
21.3619 0.963973
21.4202 0.96441
21.4786 0.964842
21.537 0.96527
21.5953 0.965694
21.6537 0.966113
21.7121 0.966528
21.7704 0.966938
21.8288 0.967344
21.8872 0.967746
21.9455 0.968144
22.0039 0.968538
22.0623 0.968927
22.1206 0.969313
22.179 0.969695
22.2374 0.970072
22.2957 0.970446
22.3541 0.970816
22.4125 0.971183
22.4708 0.971545
22.5292 0.971904
22.5875 0.97226
22.6459 0.972611
22.7043 0.97296
22.7626 0.973304
22.821 0.973645
22.8794 0.973983
22.9377 0.974318
22.9961 0.974649
23.0545 0.974977
23.1128 0.975301
23.1712 0.975622
23.2296 0.975941
23.2879 0.976256
23.3463 0.976568
23.4047 0.976877
23.463 0.977183
23.5214 0.977486
23.5798 0.977786
23.6381 0.978083
23.6965 0.978377
23.7549 0.978669
23.8132 0.978958
23.8716 0.979244
23.93 0.979527
23.9883 0.979808
24.0467 0.980086
24.1051 0.980361
24.1634 0.980634
24.2218 0.980904
24.2802 0.981172
24.3385 0.981437
24.3969 0.9817
24.4553 0.981961
24.5136 0.982219
24.572 0.982475
24.6304 0.982729
24.6887 0.98298
24.7471 0.983229
24.8054 0.983476
24.8638 0.983721
24.9222 0.983964
24.9805 0.984204
25.0389 0.984443
25.0973 0.984679
25.1556 0.984914
25.214 0.985146
25.2724 0.985377
25.3307 0.985606
25.3891 0.985832
25.4475 0.986057
25.5058 0.98628
25.5642 0.986502
25.6226 0.986721
25.6809 0.986939
25.7393 0.987155
25.7977 0.98737
25.856 0.987582
25.9144 0.987793
25.9728 0.988003
26.0311 0.988211
26.0895 0.988417
26.1479 0.988622
26.2062 0.988826
26.2646 0.989028
26.323 0.989228
26.3813 0.989427
26.4397 0.989625
26.4981 0.989821
26.5564 0.990016
26.6148 0.99021
26.6732 0.990402
26.7315 0.990593
26.7899 0.990783
26.8482 0.990972
26.9066 0.991159
26.965 0.991346
27.0233 0.991531
27.0817 0.991715
27.1401 0.991898
27.1984 0.99208
27.2568 0.992261
27.3152 0.99244
27.3735 0.992619
27.4319 0.992797
27.4903 0.992974
27.5486 0.99315
27.607 0.993325
27.6654 0.993499
27.7237 0.993673
27.7821 0.993845
27.8405 0.994017
27.8988 0.994188
27.9572 0.994358
28.0156 0.994528
28.0739 0.994696
28.1323 0.994864
28.1907 0.995032
28.249 0.995198
28.3074 0.995364
28.3658 0.99553
28.4241 0.995695
28.4825 0.995859
28.5409 0.996023
28.5992 0.996186
28.6576 0.996348
28.716 0.996511
28.7743 0.996672
28.8327 0.996834
28.8911 0.996995
28.9494 0.997155
29.0078 0.997315
29.0661 0.997475
29.1245 0.997634
29.1829 0.997794
29.2412 0.997952
29.2996 0.998111
29.358 0.998269
29.4163 0.998427
29.4747 0.998585
29.5331 0.998743
29.5914 0.9989
29.6498 0.999058
29.7082 0.999215
29.7665 0.999372
29.8249 0.999529
29.8833 0.999686
29.9416 0.999843
