0.0938073
0.208827
0.365705
0.560466
0.788264
1.04357
1.32035
1.61232
1.91312
2.21648
2.51648
2.80762
3.08498
3.34431
3.58207
3.79548
3.98248
4.14175
4.27265
4.37513
4.44968
4.49728
4.51926
4.51727
4.49317
4.44898
4.38681
4.3088
4.21707
4.11369
4.00063
3.87978
3.75286
3.62148
3.48708
3.35097
3.21431
3.0781
2.94323
2.81042
2.68032
2.55343
2.43017
2.31087
2.19576
2.08504
1.97881
1.87712
1.78
1.68741
1.5993
1.51559
1.43617
1.36091
1.28968
1.22234
1.15872
1.09868
1.04204
0.988662
0.938371
0.891015
0.846439
0.804494
0.765035
0.72792
0.693017
0.660194
0.62933
0.600307
0.573012
0.547341
0.523192
0.500471
0.479089
0.45896
0.440007
0.422153
0.40533
0.38947
0.374513
0.360401
0.347079
0.334497
0.322607
0.311365
0.30073
0.290663
0.281128
0.272091
0.26352
0.255387
0.247663
0.240324
0.233345
0.226703
0.220379
0.214353
0.208606
0.203122
0.197886
0.192881
0.188095
0.183515
0.179129
0.174926
0.170894
0.167026
0.16331
0.15974
0.156307
0.153003
0.149821
0.146756
0.1438
0.140949
0.138197
0.135538
0.132968
0.130484
0.128079
0.125752
0.123497
0.121312
0.119194
0.117139
0.115144
0.113207
0.111325
0.109497
0.107718
0.105989
0.104305
0.102667
0.101071
0.0995157
0.0980004
0.0965229
0.095082
0.0936763
0.0923044
0.0909651
0.0896572
0.0883797
0.0871314
0.0859115
0.0847188
0.0835526
0.0824118
0.0812958
0.0802037
0.0791347
0.0780882
0.0770634
0.0760597
0.0750764
0.0741129
0.0731687
0.0722432
0.0713359
0.0704462
0.0695736
0.0687177
0.067878
0.0670542
0.0662456
0.0654521
0.064673
0.0639082
0.0631572
0.0624196
0.0616952
0.0609836
0.0602845
0.0595975
0.0589225
0.058259
0.0576068
0.0569657
0.0563354
0.0557157
0.0551062
0.0545068
0.0539173
0.0533374
0.0527668
0.0522055
0.0516532
0.0511096
0.0505747
0.0500482
0.0495299
0.0490197
0.0485174
0.0480228
0.0475358
0.0470561
0.0465838
0.0461186
0.0456603
0.0452088
0.0447641
0.0443259
0.0438941
0.0434687
0.0430494
0.0426361
0.0422288
0.0418274
0.0414316
0.0410414
0.0406568
0.0402775
0.0399035
0.0395348
0.0391711
0.0388124
0.0384586
0.0381097
0.0377655
0.0374259
0.0370909
0.0367604
0.0364343
0.0361125
0.035795
0.0354816
0.0351724
0.0348671
0.0345659
0.0342685
0.0339749
0.0336851
0.033399
0.0331165
0.0328376
0.0325622
0.0322903
0.0320218
0.0317565
0.0314946
0.0312359
0.0309804
0.030728
0.0304787
0.0302324
0.029989
0.0297486
0.0295111
0.0292764
0.0290445
0.0288154
0.0285889
0.0283651
0.0281439
0.0279253
0.0277093
0.0274957
0.0272846
0.0270759
0.0268696
0.0266657
0.0264641
0.0262647
0.0260676
0.0258727
0.02568
0.0254894
0.0253009
0.0251146
0.0249302
0.0247479
0.0245676
0.0243893
0.0242128
0.0240383
0.0238657
0.0236949
0.023526
0.0233588
0.0231935
0.0230298
0.0228679
0.0227077
0.0225492
0.0223924
0.0222371
0.0220835
0.0219315
0.021781
0.0216321
0.0214847
0.0213388
0.0211943
0.0210514
0.0209098
0.0207697
0.020631
0.0204937
0.0203578
0.0202232
0.0200899
0.019958
0.0198273
0.0196979
0.0195698
0.019443
0.0193173
0.0191929
0.0190697
0.0189476
0.0188267
0.018707
0.0185884
0.018471
0.0183546
0.0182394
0.0181252
0.0180121
0.0179
0.017789
0.017679
0.0175701
0.0174621
0.0173552
0.0172492
0.0171441
0.0170401
0.016937
0.0168348
0.0167335
0.0166332
0.0165337
0.0164352
0.0163375
0.0162407
0.0161447
0.0160496
0.0159553
0.0158619
0.0157693
0.0156774
0.0155864
0.0154962
0.0154068
0.0153181
0.0152302
0.015143
0.0150566
0.014971
0.014886
0.0148018
0.0147183
0.0146355
0.0145534
0.014472
0.0143912
0.0143112
0.0142318
0.014153
0.0140749
0.0139975
0.0139207
0.0138445
0.013769
0.013694
0.0136197
0.013546
0.0134729
0.0134003
0.0133284
0.013257
0.0131862
0.013116
0.0130463
0.0129772
0.0129086
0.0128406
0.0127731
0.0127061
0.0126397
0.0125738
0.0125084
0.0124435
0.0123791
0.0123152
0.0122518
0.0121889
0.0121265
0.0120645
0.012003
0.011942
0.0118815
0.0118214
0.0117618
0.0117026
0.0116439
0.0115856
0.0115277
0.0114703
0.0114133
0.0113567
0.0113006
0.0112448
0.0111895
0.0111346
0.0110801
0.011026
0.0109723
0.0109189
0.010866
0.0108134
0.0107613
0.0107095
0.010658
0.010607
0.0105563
0.010506
0.010456
0.0104064
0.0103571
0.0103082
0.0102596
0.0102114
0.0101635
0.010116
0.0100688
0.0100219
0.00997532
0.00992908
0.00988317
0.00983757
0.00979229
0.00974732
0.00970266
0.0096583
0.00961425
0.0095705
0.00952705
0.00948389
0.00944102
0.00939845
0.00935616
0.00931416
0.00927244
0.009231
0.00918983
0.00914894
0.00910833
0.00906798
0.0090279
0.00898809
0.00894853
0.00890924
0.00887021
0.00883143
0.00879291
0.00875464
0.00871662
0.00867884
0.00864131
0.00860402
0.00856698
0.00853017
0.0084936
0.00845726
0.00842116
0.00838529
0.00834964
0.00831423
0.00827903
0.00824406
0.00820931
0.00817479
0.00814047
0.00810638
0.0080725
0.00803882
0.00800536
0.00797211
0.00793907
0.00790623
0.00787359
0.00784116
0.00780892
0.00777688
0.00774505
0.0077134
0.00768195
0.00765069
0.00761962
0.00758874
0.00755805
0.00752754
0.00749722
0.00746708
0.00743712
0.00740734
0.00737774
0.00734832
0.00731907
0.00729
0.0072611
0.00723237
0.00720382
0.00717543
0.0071472
0.00711915
0.00709126
0.00706353
