0.00318993
0.00716325
0.0126993
0.0197718
0.0283468
0.0383837
0.0498351
0.0626471
0.0767602
0.0921089
0.108623
0.126227
0.144843
0.164387
0.184774
0.205916
0.227722
0.250102
0.272964
0.296214
0.319761
0.343514
0.367382
0.391278
0.415115
0.438809
0.46228
0.48545
0.508247
0.5306
0.552443
0.573714
0.594357
0.614319
0.633551
0.652011
0.669659
0.686462
0.702389
0.717417
0.731523
0.744693
0.756915
0.768179
0.778482
0.787824
0.796208
0.803639
0.810127
0.815685
0.820327
0.82407
0.826935
0.828942
0.830115
0.830479
0.830059
0.828885
0.826983
0.824383
0.821116
0.817211
0.812699
0.807612
0.80198
0.795834
0.789205
0.782123
0.774619
0.766722
0.758461
0.749865
0.740961
0.731777
0.722338
0.71267
0.702798
0.692746
0.682536
0.67219
0.661729
0.651173
0.640542
0.629854
0.619125
0.608372
0.597611
0.586857
0.576122
0.565421
0.554765
0.544165
0.533632
0.523175
0.512805
0.502528
0.492353
0.482286
0.472335
0.462505
0.4528
0.443227
0.433788
0.424488
0.41533
0.406317
0.397451
0.388734
0.380167
0.371753
0.363491
0.355383
0.347429
0.339629
0.331983
0.32449
0.317151
0.309963
0.302927
0.296041
0.289303
0.282713
0.276269
0.269969
0.263811
0.257794
0.251916
0.246174
0.240566
0.235092
0.229747
0.224531
0.21944
0.214473
0.209628
0.204901
0.200291
0.195795
0.191411
0.187137
0.18297
0.178909
0.17495
0.171092
0.167332
0.163668
0.160097
0.156619
0.15323
0.149928
0.146711
0.143578
0.140525
0.137552
0.134656
0.131835
0.129088
0.126412
0.123805
0.121267
0.118794
0.116386
0.11404
0.111756
0.109531
0.107363
0.105252
0.103196
0.101192
0.0992411
0.0973403
0.0954885
0.0936844
0.0919268
0.0902143
0.0885457
0.0869198
0.0853354
0.0837914
0.0822867
0.0808201
0.0793906
0.0779972
0.0766389
0.0753146
0.0740236
0.0727647
0.0715371
0.07034
0.0691725
0.0680337
0.0669229
0.0658392
0.064782
0.0637504
0.0627438
0.0617614
0.0608027
0.0598668
0.0589532
0.0580613
0.0571904
0.05634
0.0555094
0.0546982
0.0539058
0.0531317
0.0523754
0.0516363
0.050914
0.0502081
0.0495181
0.0488435
0.0481839
0.0475389
0.0469081
0.0462912
0.0456877
0.0450973
0.0445196
0.0439542
0.043401
0.0428594
0.0423292
0.0418101
0.0413018
0.0408041
0.0403165
0.0398389
0.039371
0.0389125
0.0384632
0.0380229
0.0375912
0.0371681
0.0367532
0.0363463
0.0359473
0.0355559
0.035172
0.0347953
0.0344257
0.0340629
0.0337069
0.0333573
0.0330142
0.0326773
0.0323464
0.0320215
0.0317023
0.0313887
0.0310806
0.0307779
0.0304804
0.0301879
0.0299005
0.0296178
0.02934
0.0290667
0.0287979
0.0285336
0.0282735
0.0280176
0.0277659
0.0275181
0.0272743
0.0270343
0.026798
0.0265653
0.0263363
0.0261107
0.0258885
0.0256697
0.0254541
0.0252417
0.0250325
0.0248263
0.024623
0.0244227
0.0242253
0.0240306
0.0238387
0.0236494
0.0234628
0.0232788
0.0230972
0.0229182
0.0227415
0.0225672
0.0223952
0.0222255
0.022058
0.0218927
0.0217295
0.0215685
0.0214094
0.0212524
0.0210974
0.0209443
0.0207931
0.0206437
0.0204962
0.0203505
0.0202066
0.0200643
0.0199238
0.0197849
0.0196477
0.0195121
0.019378
0.0192456
0.0191146
0.0189851
0.0188571
0.0187305
0.0186054
0.0184816
0.0183592
0.0182382
0.0181185
0.018
0.0178829
0.017767
0.0176524
0.017539
0.0174267
0.0173157
0.0172058
0.0170971
0.0169895
0.0168829
0.0167775
0.0166732
0.0165699
0.0164676
0.0163664
0.0162662
0.0161669
0.0160687
0.0159714
0.015875
0.0157796
0.0156852
0.0155916
0.0154989
0.0154071
0.0153162
0.0152261
0.0151369
0.0150485
0.0149609
0.0148741
0.0147882
0.014703
0.0146186
0.0145349
0.0144521
0.0143699
0.0142885
0.0142079
0.0141279
0.0140487
0.0139701
0.0138923
0.0138151
0.0137386
0.0136628
0.0135876
0.013513
0.0134391
0.0133659
0.0132932
0.0132212
0.0131498
0.013079
0.0130087
0.0129391
0.01287
0.0128015
0.0127336
0.0126662
0.0125994
0.0125331
0.0124674
0.0124022
0.0123375
0.0122734
0.0122097
0.0121466
0.0120839
0.0120218
0.0119602
0.011899
0.0118383
0.0117781
0.0117184
0.0116591
0.0116003
0.0115419
0.011484
0.0114266
0.0113696
0.011313
0.0112568
0.0112011
0.0111458
0.0110909
0.0110364
0.0109823
0.0109286
0.0108754
0.0108225
0.01077
0.0107179
0.0106662
0.0106149
0.0105639
0.0105133
0.0104631
0.0104132
0.0103638
0.0103146
0.0102658
0.0102174
0.0101693
0.0101216
0.0100742
0.0100271
0.00998035
0.00993395
0.00988787
0.00984211
0.00979668
0.00975156
0.00970675
0.00966226
0.00961807
0.00957419
0.00953062
0.00948734
0.00944436
0.00940167
0.00935927
0.00931717
0.00927534
0.00923381
0.00919255
0.00915157
0.00911086
0.00907043
0.00903027
0.00899038
0.00895075
0.00891139
0.00887228
0.00883344
0.00879485
0.00875651
0.00871843
0.0086806
0.00864301
0.00860567
0.00856857
0.00853171
0.00849509
0.00845871
0.00842256
0.00838664
0.00835095
0.0083155
0.00828026
0.00824526
0.00821047
0.00817591
0.00814156
0.00810743
0.00807352
0.00803982
0.00800633
0.00797305
0.00793998
0.00790712
0.00787446
0.007842
0.00780974
0.00777768
0.00774582
0.00771416
0.00768269
0.00765142
0.00762033
0.00758943
0.00755873
0.00752821
0.00749787
0.00746772
0.00743775
0.00740796
0.00737835
0.00734892
0.00731966
0.00729058
0.00726168
0.00723294
0.00720438
0.00717598
0.00714776
0.0071197
0.0070918
0.00706408
