0.0583658 0.00119625
0.116732 0.00477355
0.175097 0.0106921
0.233463 0.0188856
0.291829 0.0292631
0.350195 0.0417118
0.40856 0.0560999
0.466926 0.0722798
0.525292 0.0900915
0.583658 0.109366
0.642023 0.12993
0.700389 0.151607
0.758755 0.174222
0.817121 0.197603
0.875486 0.221585
0.933852 0.24601
0.992218 0.270731
1.05058 0.295609
1.10895 0.320517
1.16732 0.345342
1.22568 0.369979
1.28405 0.394338
1.34241 0.418338
1.40078 0.44191
1.45914 0.464995
1.51751 0.487543
1.57588 0.509514
1.63424 0.530876
1.69261 0.551604
1.75097 0.571679
1.80934 0.591089
1.8677 0.609827
1.92607 0.627891
1.98444 0.645282
2.0428 0.662005
2.10117 0.678067
2.15953 0.693481
2.2179 0.708256
2.27626 0.722409
2.33463 0.735954
2.393 0.748909
2.45136 0.76129
2.50973 0.773115
2.56809 0.784403
2.62646 0.795173
2.68482 0.805444
2.74319 0.815233
2.80156 0.824561
2.85992 0.833444
2.91829 0.841902
2.97665 0.849951
3.03502 0.85761
3.09339 0.864894
3.15175 0.871821
3.21012 0.878407
3.26848 0.884666
3.32685 0.890613
3.38521 0.896264
3.44358 0.901631
3.50195 0.906728
3.56031 0.911568
3.61868 0.916163
3.67704 0.920525
3.73541 0.924665
3.79377 0.928594
3.85214 0.932322
3.91051 0.935859
3.96887 0.939214
4.02724 0.942397
4.0856 0.945416
4.14397 0.948279
4.20233 0.950994
4.2607 0.953569
4.31907 0.95601
4.37743 0.958324
4.4358 0.960518
4.49416 0.962598
4.55253 0.96457
4.61089 0.966438
4.66926 0.968209
4.72763 0.969888
4.78599 0.971479
4.84436 0.972986
4.90272 0.974415
4.96109 0.975768
5.01946 0.977051
5.07782 0.978266
5.13619 0.979417
5.19455 0.980508
5.25292 0.981542
5.31128 0.98252
5.36965 0.983448
5.42802 0.984326
5.48638 0.985158
5.54475 0.985947
5.60311 0.986693
5.66148 0.9874
5.71984 0.98807
5.77821 0.988704
5.83658 0.989305
5.89494 0.989874
5.95331 0.990413
6.01167 0.990923
6.07004 0.991406
6.1284 0.991864
6.18677 0.992297
6.24514 0.992708
6.3035 0.993096
6.36187 0.993464
6.42023 0.993813
6.4786 0.994143
6.53696 0.994455
6.59533 0.994751
6.6537 0.995031
6.71206 0.995296
6.77043 0.995547
6.82879 0.995785
6.88716 0.99601
6.94553 0.996223
7.00389 0.996425
7.06226 0.996616
7.12062 0.996796
7.17899 0.996968
7.23735 0.99713
7.29572 0.997283
7.35409 0.997428
7.41245 0.997566
7.47082 0.997696
7.52918 0.997819
7.58755 0.997936
7.64591 0.998046
7.70428 0.998151
7.76265 0.99825
7.82101 0.998343
7.87938 0.998432
7.93774 0.998516
7.99611 0.998595
8.05447 0.99867
8.11284 0.998742
8.17121 0.998809
8.22957 0.998873
8.28794 0.998933
8.3463 0.99899
8.40467 0.999044
8.46304 0.999096
8.5214 0.999144
8.57977 0.99919
8.63813 0.999233
8.6965 0.999274
8.75486 0.999313
8.81323 0.99935
8.8716 0.999385
8.92996 0.999418
8.98833 0.999449
9.04669 0.999479
9.10506 0.999507
9.16342 0.999533
9.22179 0.999558
9.28016 0.999582
9.33852 0.999604
9.39689 0.999625
9.45525 0.999645
9.51362 0.999665
9.57198 0.999683
9.63035 0.9997
9.68872 0.999716
9.74708 0.999731
9.80545 0.999745
9.86381 0.999759
9.92218 0.999772
9.98054 0.999784
10.0389 0.999796
10.0973 0.999807
10.1556 0.999817
10.214 0.999827
10.2724 0.999836
10.3307 0.999845
10.3891 0.999853
10.4475 0.999861
10.5058 0.999869
10.5642 0.999876
10.6226 0.999882
10.6809 0.999889
10.7393 0.999895
10.7977 0.9999
10.856 0.999906
10.9144 0.999911
10.9728 0.999916
11.0311 0.99992
11.0895 0.999924
11.1479 0.999928
11.2062 0.999932
11.2646 0.999936
11.323 0.999939
11.3813 0.999943
11.4397 0.999946
11.4981 0.999949
11.5564 0.999951
11.6148 0.999954
11.6732 0.999956
11.7315 0.999959
11.7899 0.999961
11.8482 0.999963
11.9066 0.999965
11.965 0.999967
12.0233 0.999969
12.0817 0.99997
12.1401 0.999972
12.1984 0.999974
12.2568 0.999975
12.3152 0.999976
12.3735 0.999978
12.4319 0.999979
12.4903 0.99998
12.5486 0.999981
12.607 0.999982
12.6654 0.999983
12.7237 0.999984
12.7821 0.999985
12.8405 0.999986
12.8988 0.999986
12.9572 0.999987
13.0156 0.999988
13.0739 0.999988
13.1323 0.999989
13.1907 0.99999
13.249 0.99999
13.3074 0.999991
13.3658 0.999991
13.4241 0.999992
13.4825 0.999992
13.5409 0.999993
13.5992 0.999993
13.6576 0.999993
13.716 0.999994
13.7743 0.999994
13.8327 0.999994
13.8911 0.999995
13.9494 0.999995
14.0078 0.999995
14.0661 0.999995
14.1245 0.999996
14.1829 0.999996
14.2412 0.999996
14.2996 0.999996
14.358 0.999997
14.4163 0.999997
14.4747 0.999997
14.5331 0.999997
14.5914 0.999997
14.6498 0.999997
14.7082 0.999998
14.7665 0.999998
14.8249 0.999998
14.8833 0.999998
14.9416 0.999998
15 0.999998
15.0584 0.999998
15.1167 0.999998
15.1751 0.999998
15.2335 0.999999
15.2918 0.999999
15.3502 0.999999
15.4086 0.999999
15.4669 0.999999
15.5253 0.999999
15.5837 0.999999
15.642 0.999999
15.7004 0.999999
15.7588 0.999999
15.8171 0.999999
15.8755 0.999999
15.9339 0.999999
15.9922 0.999999
16.0506 0.999999
16.1089 0.999999
16.1673 0.999999
16.2257 0.999999
16.284 0.999999
16.3424 0.999999
16.4008 1
16.4591 1
16.5175 1
16.5759 1
16.6342 1
16.6926 1
16.751 1
16.8093 1
16.8677 1
16.9261 1
16.9844 1
17.0428 1
17.1012 1
17.1595 1
17.2179 1
17.2763 1
17.3346 1
17.393 1
17.4514 1
17.5097 1
17.5681 1
17.6265 1
17.6848 1
17.7432 1
17.8016 1
17.8599 1
17.9183 1
17.9767 1
18.035 1
18.0934 1
18.1518 1
18.2101 1
18.2685 1
18.3268 1
18.3852 1
18.4436 1
18.5019 1
18.5603 1
18.6187 1
18.677 1
18.7354 1
18.7938 1
18.8521 1
18.9105 1
18.9689 1
19.0272 1
19.0856 1
19.144 1
19.2023 1
19.2607 1
19.3191 1
19.3774 1
19.4358 1
19.4942 1
19.5525 1
19.6109 1
19.6693 1
19.7276 1
19.786 1
19.8444 1
19.9027 1
19.9611 1
20.0195 1
20.0778 1
20.1362 1
20.1946 1
20.2529 1
20.3113 1
20.3696 1
20.428 1
20.4864 1
20.5447 1
20.6031 1
20.6615 1
20.7198 1
20.7782 1
20.8366 1
20.8949 1
20.9533 1
21.0117 1
21.07 1
21.1284 1
21.1868 1
21.2451 1
21.3035 1
21.3619 1
21.4202 1
21.4786 1
21.537 1
21.5953 1
21.6537 1
21.7121 1
21.7704 1
21.8288 1
21.8872 1
21.9455 1
22.0039 1
22.0623 1
22.1206 1
22.179 1
22.2374 1
22.2957 1
22.3541 1
22.4125 1
22.4708 1
22.5292 1
22.5875 1
22.6459 1
22.7043 1
22.7626 1
22.821 1
22.8794 1
22.9377 1
22.9961 1
23.0545 1
23.1128 1
23.1712 1
23.2296 1
23.2879 1
23.3463 1
23.4047 1
23.463 1
23.5214 1
23.5798 1
23.6381 1
23.6965 1
23.7549 1
23.8132 1
23.8716 1
23.93 1
23.9883 1
24.0467 1
24.1051 1
24.1634 1
24.2218 1
24.2802 1
24.3385 1
24.3969 1
24.4553 1
24.5136 1
24.572 1
24.6304 1
24.6887 1
24.7471 1
24.8054 1
24.8638 1
24.9222 1
24.9805 1
25.0389 1
25.0973 1
25.1556 1
25.214 1
25.2724 1
25.3307 1
25.3891 1
25.4475 1
25.5058 1
25.5642 1
25.6226 1
25.6809 1
25.7393 1
25.7977 1
25.856 1
25.9144 1
25.9728 1
26.0311 1
26.0895 1
26.1479 1
26.2062 1
26.2646 1
26.323 1
26.3813 1
26.4397 1
26.4981 1
26.5564 1
26.6148 1
26.6732 1
26.7315 1
26.7899 1
26.8482 1
26.9066 1
26.965 1
27.0233 1
27.0817 1
27.1401 1
27.1984 1
27.2568 1
27.3152 1
27.3735 1
27.4319 1
27.4903 1
27.5486 1
27.607 1
27.6654 1
27.7237 1
27.7821 1
27.8405 1
27.8988 1
27.9572 1
28.0156 1
28.0739 1
28.1323 1
28.1907 1
28.249 1
28.3074 1
28.3658 1
28.4241 1
28.4825 1
28.5409 1
28.5992 1
28.6576 1
28.716 1
28.7743 1
28.8327 1
28.8911 1
28.9494 1
29.0078 1
29.0661 1
29.1245 1
29.1829 1
29.2412 1
29.2996 1
29.358 1
29.4163 1
29.4747 1
29.5331 1
29.5914 1
29.6498 1
29.7082 1
29.7665 1
29.8249 1
29.8833 1
29.9416 1
