0.00153924
0.00345857
0.00613672
0.00956478
0.0137314
0.0186227
0.0242226
0.0305128
0.0374725
0.0450792
0.0533084
0.0621335
0.0715264
0.0814574
0.0918955
0.102808
0.114162
0.125922
0.138053
0.15052
0.163285
0.176312
0.189564
0.203003
0.216593
0.230296
0.244077
0.257899
0.271727
0.285527
0.299264
0.312907
0.326424
0.339783
0.352956
0.365915
0.378633
0.391086
0.403248
0.415099
0.426617
0.437783
0.44858
0.458992
0.469004
0.478602
0.487777
0.496517
0.504815
0.512664
0.520057
0.526992
0.533464
0.539473
0.545018
0.5501
0.554722
0.558885
0.562595
0.565855
0.568673
0.571054
0.573007
0.57454
0.57566
0.576378
0.576704
0.576648
0.576221
0.575435
0.574299
0.572828
0.571032
0.568923
0.566515
0.563818
0.560847
0.557613
0.554129
0.550407
0.546459
0.542298
0.537935
0.533383
0.528653
0.523757
0.518706
0.513511
0.508183
0.502732
0.497169
0.491503
0.485745
0.479903
0.473988
0.468006
0.461968
0.45588
0.449752
0.44359
0.437402
0.431195
0.424975
0.418748
0.412521
0.406299
0.400088
0.393893
0.387719
0.381571
0.375452
0.369367
0.363319
0.357313
0.351352
0.345438
0.339576
0.333766
0.328013
0.322318
0.316683
0.311111
0.305603
0.300161
0.294786
0.289479
0.284242
0.279075
0.27398
0.268957
0.264007
0.25913
0.254327
0.249597
0.244942
0.240362
0.235855
0.231423
0.227064
0.22278
0.218569
0.214432
0.210367
0.206375
0.202454
0.198605
0.194827
0.191118
0.187479
0.183909
0.180406
0.176971
0.173602
0.170299
0.167061
0.163886
0.160775
0.157725
0.154737
0.151809
0.14894
0.14613
0.143378
0.140682
0.138042
0.135456
0.132925
0.130446
0.128019
0.125644
0.123318
0.121042
0.118814
0.116633
0.114499
0.112411
0.110367
0.108367
0.10641
0.104495
0.102621
0.100788
0.0989941
0.0972393
0.0955225
0.0938429
0.0921997
0.0905922
0.0890195
0.0874811
0.085976
0.0845037
0.0830633
0.0816543
0.0802758
0.0789274
0.0776082
0.0763176
0.075055
0.0738198
0.0726114
0.0714292
0.0702725
0.0691408
0.0680335
0.0669502
0.0658901
0.0648529
0.063838
0.0628448
0.0618729
0.0609218
0.059991
0.05908
0.0581884
0.0573157
0.0564616
0.0556254
0.054807
0.0540058
0.0532214
0.0524534
0.0517015
0.0509653
0.0502444
0.0495385
0.0488471
0.0481701
0.0475069
0.0468574
0.0462212
0.045598
0.0449874
0.0443892
0.0438031
0.0432288
0.0426661
0.0421146
0.0415741
0.0410443
0.0405251
0.040016
0.039517
0.0390278
0.0385481
0.0380778
0.0376165
0.0371642
0.0367205
0.0362853
0.0358585
0.0354397
0.0350288
0.0346257
0.0342301
0.0338419
0.0334609
0.033087
0.0327199
0.0323596
0.0320059
0.0316585
0.0313175
0.0309825
0.0306536
0.0303306
0.0300132
0.0297015
0.0293952
0.0290943
0.0287986
0.028508
0.0282224
0.0279418
0.0276658
0.0273946
0.0271279
0.0268657
0.0266079
0.0263543
0.026105
0.0258597
0.0256184
0.025381
0.0251475
0.0249177
0.0246916
0.024469
0.02425
0.0240344
0.0238222
0.0236132
0.0234075
0.0232049
0.0230054
0.022809
0.0226155
0.0224249
0.0222371
0.0220521
0.0218698
0.0216902
0.0215132
0.0213388
0.0211669
0.0209974
0.0208303
0.0206656
0.0205032
0.0203431
0.0201852
0.0200294
0.0198758
0.0197243
0.0195748
0.0194273
0.0192818
0.0191383
0.0189966
0.0188568
0.0187188
0.0185826
0.0184481
0.0183154
0.0181844
0.018055
0.0179272
0.0178011
0.0176765
0.0175534
0.0174319
0.0173118
0.0171932
0.017076
0.0169602
0.0168458
0.0167328
0.016621
0.0165106
0.0164015
0.0162936
0.016187
0.0160816
0.0159774
0.0158743
0.0157724
0.0156717
0.015572
0.0154735
0.015376
0.0152796
0.0151843
0.01509
0.0149967
0.0149043
0.014813
0.0147226
0.0146332
0.0145447
0.0144571
0.0143704
0.0142846
0.0141997
0.0141156
0.0140324
0.01395
0.0138684
0.0137877
0.0137077
0.0136285
0.0135501
0.0134725
0.0133956
0.0133194
0.013244
0.0131693
0.0130953
0.0130219
0.0129493
0.0128774
0.0128061
0.0127354
0.0126655
0.0125961
0.0125274
0.0124593
0.0123918
0.012325
0.0122587
0.012193
0.0121279
0.0120633
0.0119994
0.011936
0.0118731
0.0118108
0.011749
0.0116877
0.0116269
0.0115667
0.011507
0.0114478
0.011389
0.0113308
0.0112731
0.0112158
0.011159
0.0111026
0.0110467
0.0109913
0.0109363
0.0108818
0.0108277
0.010774
0.0107208
0.0106679
0.0106155
0.0105635
0.0105119
0.0104608
0.01041
0.0103596
0.0103096
0.0102599
0.0102107
0.0101618
0.0101133
0.0100652
0.0100174
0.00996999
0.00992293
0.00987623
0.00982987
0.00978385
0.00973817
0.00969283
0.00964782
0.00960314
0.00955878
0.00951475
0.00947103
0.00942763
0.00938454
0.00934176
0.00929928
0.00925711
0.00921523
0.00917365
0.00913236
0.00909137
0.00905066
0.00901023
0.00897009
0.00893022
0.00889063
0.00885131
0.00881226
0.00877348
0.00873497
0.00869672
0.00865872
0.00862099
0.00858351
0.00854628
0.0085093
0.00847257
0.00843609
0.00839985
0.00836384
0.00832808
0.00829256
0.00825727
0.00822221
0.00818738
0.00815278
0.0081184
0.00808425
0.00805032
0.00801661
0.00798312
0.00794984
0.00791678
0.00788393
0.00785129
0.00781886
0.00778663
0.00775461
0.0077228
0.00769118
0.00765976
0.00762855
0.00759753
0.0075667
0.00753606
0.00750562
0.00747537
0.00744531
0.00741543
0.00738574
0.00735623
0.0073269
0.00729776
0.00726879
0.00724
0.00721139
0.00718296
0.00715469
0.0071266
0.00709869
0.00707094
