0.123446
0.274375
0.479434
0.732686
1.02695
1.35413
1.70549
2.07207
2.44495
2.81559
3.17606
3.51925
3.83907
4.13047
4.38956
4.61357
4.80078
4.95052
5.06297
5.13911
5.18055
5.18944
5.16829
5.11989
5.04719
4.95321
4.84096
4.71335
4.57318
4.42306
4.26542
4.10246
3.93616
3.76828
3.60036
3.43371
3.26946
3.10855
2.95174
2.79964
2.65273
2.51135
2.37576
2.24609
2.12243
2.00477
1.89307
1.78723
1.68712
1.59256
1.50338
1.41937
1.34032
1.26601
1.19621
1.13069
1.06923
1.01161
0.957608
0.907019
0.859639
0.815272
0.773733
0.734843
0.698432
0.664342
0.63242
0.602523
0.574516
0.548273
0.523676
0.500612
0.478977
0.458674
0.439613
0.421707
0.404878
0.389052
0.37416
0.360139
0.346929
0.334474
0.322723
0.311629
0.301147
0.291235
0.281856
0.272974
0.264556
0.256572
0.248993
0.241792
0.234945
0.22843
0.222225
0.21631
0.210668
0.205281
0.200135
0.195213
0.190503
0.185991
0.181667
0.177519
0.173537
0.169712
0.166034
0.162495
0.159089
0.155807
0.152642
0.14959
0.146643
0.143797
0.141045
0.138385
0.13581
0.133317
0.130902
0.128561
0.126291
0.124089
0.121951
0.119875
0.117857
0.115896
0.113989
0.112133
0.110328
0.108569
0.106857
0.105188
0.103562
0.101976
0.100429
0.0989203
0.0974475
0.0960096
0.0946054
0.0932339
0.0918937
0.0905839
0.0893035
0.0880514
0.0868268
0.0856288
0.0844566
0.0833093
0.0821862
0.0810865
0.0800096
0.0789547
0.0779212
0.0769086
0.0759161
0.0749433
0.0739895
0.0730543
0.0721372
0.0712376
0.070355
0.0694891
0.0686394
0.0678055
0.0669869
0.0661833
0.0653943
0.0646196
0.0638587
0.0631113
0.0623771
0.0616558
0.0609471
0.0602507
0.0595662
0.0588935
0.0582321
0.057582
0.0569427
0.0563141
0.055696
0.055088
0.0544899
0.0539016
0.0533229
0.0527534
0.0521931
0.0516417
0.051099
0.0505648
0.0500391
0.0495215
0.0490119
0.0485101
0.0480161
0.0475296
0.0470504
0.0465785
0.0461137
0.0456558
0.0452047
0.0447602
0.0443223
0.0438908
0.0434656
0.0430465
0.0426335
0.0422264
0.0418251
0.0414295
0.0410395
0.040655
0.0402759
0.039902
0.0395334
0.0391698
0.0388112
0.0384575
0.0381087
0.0377645
0.037425
0.0370901
0.0367597
0.0364336
0.0361119
0.0357944
0.0354811
0.0351719
0.0348667
0.0345654
0.0342681
0.0339746
0.0336848
0.0333987
0.0331163
0.0328374
0.032562
0.0322901
0.0320215
0.0317563
0.0314944
0.0312358
0.0309802
0.0307279
0.0304785
0.0302322
0.0299889
0.0297485
0.029511
0.0292763
0.0290444
0.0288153
0.0285888
0.0283651
0.0281439
0.0279253
0.0277092
0.0274957
0.0272846
0.0270759
0.0268696
0.0266657
0.026464
0.0262647
0.0260676
0.0258727
0.0256799
0.0254894
0.0253009
0.0251145
0.0249302
0.0247479
0.0245676
0.0243892
0.0242128
0.0240383
0.0238657
0.0236949
0.023526
0.0233588
0.0231935
0.0230298
0.0228679
0.0227077
0.0225492
0.0223924
0.0222371
0.0220835
0.0219315
0.021781
0.0216321
0.0214847
0.0213387
0.0211943
0.0210514
0.0209098
0.0207697
0.020631
0.0204937
0.0203578
0.0202232
0.0200899
0.019958
0.0198273
0.0196979
0.0195698
0.019443
0.0193173
0.0191929
0.0190697
0.0189476
0.0188267
0.018707
0.0185884
0.018471
0.0183546
0.0182394
0.0181252
0.0180121
0.0179
0.017789
0.017679
0.0175701
0.0174621
0.0173552
0.0172492
0.0171441
0.0170401
0.016937
0.0168348
0.0167335
0.0166332
0.0165337
0.0164352
0.0163375
0.0162407
0.0161447
0.0160496
0.0159553
0.0158619
0.0157693
0.0156774
0.0155864
0.0154962
0.0154068
0.0153181
0.0152302
0.015143
0.0150566
0.014971
0.014886
0.0148018
0.0147183
0.0146355
0.0145534
0.014472
0.0143912
0.0143112
0.0142318
0.014153
0.0140749
0.0139975
0.0139207
0.0138445
0.013769
0.013694
0.0136197
0.013546
0.0134729
0.0134003
0.0133284
0.013257
0.0131862
0.013116
0.0130463
0.0129772
0.0129086
0.0128406
0.0127731
0.0127061
0.0126397
0.0125738
0.0125084
0.0124435
0.0123791
0.0123152
0.0122518
0.0121889
0.0121265
0.0120645
0.012003
0.011942
0.0118815
0.0118214
0.0117618
0.0117026
0.0116439
0.0115856
0.0115277
0.0114703
0.0114133
0.0113567
0.0113006
0.0112448
0.0111895
0.0111346
0.0110801
0.011026
0.0109723
0.0109189
0.010866
0.0108134
0.0107613
0.0107095
0.010658
0.010607
0.0105563
0.010506
0.010456
0.0104064
0.0103571
0.0103082
0.0102596
0.0102114
0.0101635
0.010116
0.0100688
0.0100219
0.00997532
0.00992908
0.00988317
0.00983757
0.00979229
0.00974732
0.00970266
0.0096583
0.00961425
0.0095705
0.00952705
0.00948389
0.00944102
0.00939845
0.00935616
0.00931416
0.00927244
0.009231
0.00918983
0.00914894
0.00910833
0.00906798
0.0090279
0.00898809
0.00894853
0.00890924
0.00887021
0.00883143
0.00879291
0.00875464
0.00871662
0.00867884
0.00864131
0.00860402
0.00856698
0.00853017
0.0084936
0.00845726
0.00842116
0.00838529
0.00834964
0.00831423
0.00827903
0.00824406
0.00820931
0.00817479
0.00814047
0.00810638
0.0080725
0.00803882
0.00800536
0.00797211
0.00793907
0.00790623
0.00787359
0.00784116
0.00780892
0.00777688
0.00774505
0.0077134
0.00768195
0.00765069
0.00761962
0.00758874
0.00755805
0.00752754
0.00749722
0.00746708
0.00743712
0.00740734
0.00737774
0.00734832
0.00731907
0.00729
0.0072611
0.00723237
0.00720382
0.00717543
0.0071472
0.00711915
0.00709126
0.00706353
