0.0698346
0.155689
0.27321
0.419819
0.592348
0.787145
1.00019
1.22722
1.46384
1.70568
1.94845
2.18811
2.42091
2.64345
2.85279
3.04643
3.22235
3.37902
3.51536
3.63075
3.72496
3.79815
3.8508
3.88367
3.89773
3.89416
3.87425
3.83941
3.79109
3.73076
3.65989
3.57993
3.49226
3.39821
3.29902
3.19585
3.08975
2.9817
2.87258
2.76316
2.65412
2.54608
2.43954
2.33495
2.23267
2.13301
2.03622
1.94248
1.85193
1.76468
1.68079
1.60029
1.52318
1.44943
1.37901
1.31186
1.24791
1.18707
1.12924
1.07433
1.02224
0.972853
0.926062
0.881756
0.839824
0.800158
0.762648
0.727189
0.693679
0.662016
0.632104
0.60385
0.577164
0.551959
0.528153
0.505668
0.484428
0.464362
0.445403
0.427486
0.41055
0.394538
0.379396
0.365071
0.351515
0.338683
0.326532
0.31502
0.30411
0.293766
0.283955
0.274643
0.265802
0.257404
0.249422
0.241831
0.234609
0.227735
0.221186
0.214945
0.208994
0.203315
0.197894
0.192714
0.187763
0.183028
0.178496
0.174156
0.169997
0.16601
0.162184
0.158512
0.154984
0.151593
0.148331
0.145193
0.142171
0.139259
0.136452
0.133745
0.131131
0.128608
0.12617
0.123813
0.121533
0.119326
0.11719
0.11512
0.113114
0.111168
0.109281
0.107449
0.10567
0.103942
0.102263
0.100629
0.0990407
0.0974947
0.0959897
0.0945239
0.0930959
0.0917042
0.0903473
0.089024
0.0877329
0.0864729
0.0852428
0.0840416
0.0828683
0.0817217
0.0806011
0.0795055
0.0784341
0.0773861
0.0763607
0.0753572
0.0743748
0.073413
0.072471
0.0715483
0.0706442
0.0697583
0.0688899
0.0680385
0.0672038
0.0663851
0.0655821
0.0647942
0.0640211
0.0632624
0.0625177
0.0617866
0.0610688
0.0603638
0.0596715
0.0589913
0.0583232
0.0576666
0.0570214
0.0563873
0.055764
0.0551512
0.0545488
0.0539563
0.0533737
0.0528007
0.052237
0.0516825
0.051137
0.0506001
0.0500719
0.0495519
0.0490402
0.0485365
0.0480406
0.0475523
0.0470716
0.0465981
0.0461319
0.0456727
0.0452204
0.0447749
0.0443359
0.0439034
0.0434773
0.0430574
0.0426436
0.0422358
0.0418338
0.0414376
0.0410471
0.040662
0.0402824
0.0399081
0.039539
0.039175
0.038816
0.038462
0.0381128
0.0377684
0.0374287
0.0370935
0.0367628
0.0364365
0.0361146
0.0357969
0.0354834
0.035174
0.0348687
0.0345673
0.0342698
0.0339761
0.0336863
0.0334001
0.0331175
0.0328386
0.0325631
0.0322911
0.0320225
0.0317572
0.0314953
0.0312365
0.0309809
0.0307285
0.0304791
0.0302328
0.0299894
0.029749
0.0295115
0.0292767
0.0290448
0.0288156
0.0285892
0.0283654
0.0281442
0.0279256
0.0277095
0.0274959
0.0272848
0.0270761
0.0268698
0.0266658
0.0264642
0.0262648
0.0260677
0.0258728
0.0256801
0.0254895
0.025301
0.0251146
0.0249303
0.024748
0.0245677
0.0243893
0.0242129
0.0240384
0.0238657
0.023695
0.023526
0.0233589
0.0231935
0.0230299
0.022868
0.0227078
0.0225493
0.0223924
0.0222372
0.0220835
0.0219315
0.021781
0.0216321
0.0214847
0.0213388
0.0211943
0.0210514
0.0209099
0.0207698
0.0206311
0.0204937
0.0203578
0.0202232
0.0200899
0.019958
0.0198273
0.0196979
0.0195698
0.019443
0.0193173
0.0191929
0.0190697
0.0189476
0.0188267
0.018707
0.0185884
0.018471
0.0183546
0.0182394
0.0181252
0.0180121
0.0179
0.017789
0.017679
0.0175701
0.0174621
0.0173552
0.0172492
0.0171441
0.0170401
0.016937
0.0168348
0.0167335
0.0166332
0.0165337
0.0164352
0.0163375
0.0162407
0.0161447
0.0160496
0.0159553
0.0158619
0.0157693
0.0156774
0.0155864
0.0154962
0.0154068
0.0153181
0.0152302
0.015143
0.0150566
0.014971
0.014886
0.0148018
0.0147183
0.0146355
0.0145534
0.014472
0.0143912
0.0143112
0.0142318
0.014153
0.0140749
0.0139975
0.0139207
0.0138445
0.013769
0.013694
0.0136197
0.013546
0.0134729
0.0134003
0.0133284
0.013257
0.0131862
0.013116
0.0130463
0.0129772
0.0129086
0.0128406
0.0127731
0.0127061
0.0126397
0.0125738
0.0125084
0.0124435
0.0123791
0.0123152
0.0122518
0.0121889
0.0121265
0.0120645
0.012003
0.011942
0.0118815
0.0118214
0.0117618
0.0117026
0.0116439
0.0115856
0.0115277
0.0114703
0.0114133
0.0113567
0.0113006
0.0112448
0.0111895
0.0111346
0.0110801
0.011026
0.0109723
0.0109189
0.010866
0.0108134
0.0107613
0.0107095
0.010658
0.010607
0.0105563
0.010506
0.010456
0.0104064
0.0103571
0.0103082
0.0102596
0.0102114
0.0101635
0.010116
0.0100688
0.0100219
0.00997532
0.00992908
0.00988317
0.00983757
0.00979229
0.00974732
0.00970266
0.0096583
0.00961425
0.0095705
0.00952705
0.00948389
0.00944102
0.00939845
0.00935616
0.00931416
0.00927244
0.009231
0.00918983
0.00914894
0.00910833
0.00906798
0.0090279
0.00898809
0.00894853
0.00890924
0.00887021
0.00883143
0.00879291
0.00875464
0.00871662
0.00867884
0.00864131
0.00860402
0.00856698
0.00853017
0.0084936
0.00845726
0.00842116
0.00838529
0.00834964
0.00831423
0.00827903
0.00824406
0.00820931
0.00817479
0.00814047
0.00810638
0.0080725
0.00803882
0.00800536
0.00797211
0.00793907
0.00790623
0.00787359
0.00784116
0.00780892
0.00777688
0.00774505
0.0077134
0.00768195
0.00765069
0.00761962
0.00758874
0.00755805
0.00752754
0.00749722
0.00746708
0.00743712
0.00740734
0.00737774
0.00734832
0.00731907
0.00729
0.0072611
0.00723237
0.00720382
0.00717543
0.0071472
0.00711915
0.00709126
0.00706353
