0.56418
1.23656
2.11886
3.15845
4.29625
5.47161
6.62685
7.71097
8.68232
9.51007
10.1746
10.6668
10.9869
11.143
11.1485
11.021
10.7802
10.4465
10.0399
9.57927
9.08157
8.56173
8.03243
7.50413
6.98524
6.48223
5.99992
5.54168
5.10967
4.70507
4.32826
3.97901
3.65663
3.36006
3.08806
2.83919
2.61195
2.40481
2.21625
2.04477
1.88895
1.74743
1.61894
1.50228
1.39636
1.30016
1.21275
1.13328
1.06098
0.995132
0.935113
0.880345
0.830307
0.784534
0.742603
0.704137
0.668795
0.636274
0.606298
0.578624
0.553029
0.529318
0.507314
0.486856
0.467804
0.450029
0.433417
0.417864
0.403278
0.389577
0.376684
0.364533
0.353063
0.342219
0.331952
0.322216
0.312972
0.304183
0.295816
0.28784
0.280228
0.272955
0.265999
0.259339
0.252955
0.246831
0.24095
0.235298
0.229862
0.224629
0.219587
0.214727
0.210039
0.205513
0.201141
0.196916
0.19283
0.188877
0.18505
0.181344
0.177752
0.17427
0.170894
0.167617
0.164437
0.16135
0.15835
0.155436
0.152603
0.149849
0.147169
0.144563
0.142026
0.139556
0.137151
0.134809
0.132526
0.130302
0.128134
0.12602
0.123958
0.121947
0.119984
0.118069
0.1162
0.114375
0.112593
0.110852
0.109152
0.10749
0.105866
0.104279
0.102728
0.101211
0.099727
0.0982758
0.0968561
0.095467
0.0941076
0.0927771
0.0914746
0.0901994
0.0889507
0.0877278
0.08653
0.0853565
0.0842068
0.0830801
0.081976
0.0808937
0.0798327
0.0787925
0.0777724
0.0767721
0.0757909
0.0748285
0.0738842
0.0729577
0.0720486
0.0711563
0.0702805
0.0694208
0.0685768
0.067748
0.0669342
0.066135
0.06535
0.0645789
0.0638214
0.0630771
0.0623458
0.0616271
0.0609208
0.0602265
0.0595441
0.0588732
0.0582135
0.0575649
0.0569271
0.0562998
0.0556828
0.0550759
0.0544789
0.0538915
0.0533136
0.0527449
0.0521853
0.0516345
0.0510924
0.0505588
0.0500335
0.0495164
0.0490072
0.0485059
0.0480122
0.047526
0.0470471
0.0465755
0.0461109
0.0456532
0.0452023
0.0447581
0.0443204
0.043889
0.0434639
0.043045
0.0426321
0.0422251
0.0418239
0.0414285
0.0410385
0.0406541
0.040275
0.0399013
0.0395327
0.0391691
0.0388106
0.038457
0.0381082
0.0377641
0.0374246
0.0370897
0.0367593
0.0364333
0.0361116
0.0357941
0.0354808
0.0351716
0.0348665
0.0345652
0.0342679
0.0339744
0.0336846
0.0333986
0.0331161
0.0328373
0.0325619
0.03229
0.0320215
0.0317563
0.0314944
0.0312357
0.0309802
0.0307278
0.0304785
0.0302322
0.0299889
0.0297485
0.029511
0.0292763
0.0290444
0.0288153
0.0285888
0.028365
0.0281439
0.0279253
0.0277092
0.0274957
0.0272846
0.0270759
0.0268696
0.0266656
0.026464
0.0262647
0.0260676
0.0258727
0.0256799
0.0254894
0.0253009
0.0251145
0.0249302
0.0247479
0.0245676
0.0243892
0.0242128
0.0240383
0.0238657
0.0236949
0.023526
0.0233588
0.0231935
0.0230298
0.0228679
0.0227077
0.0225492
0.0223924
0.0222371
0.0220835
0.0219315
0.021781
0.0216321
0.0214847
0.0213387
0.0211943
0.0210514
0.0209098
0.0207697
0.020631
0.0204937
0.0203578
0.0202232
0.0200899
0.019958
0.0198273
0.0196979
0.0195698
0.019443
0.0193173
0.0191929
0.0190697
0.0189476
0.0188267
0.018707
0.0185884
0.018471
0.0183546
0.0182393
0.0181252
0.0180121
0.0179
0.017789
0.017679
0.0175701
0.0174621
0.0173552
0.0172492
0.0171441
0.0170401
0.016937
0.0168348
0.0167335
0.0166332
0.0165337
0.0164352
0.0163375
0.0162407
0.0161447
0.0160496
0.0159553
0.0158619
0.0157693
0.0156774
0.0155864
0.0154962
0.0154068
0.0153181
0.0152302
0.015143
0.0150566
0.014971
0.014886
0.0148018
0.0147183
0.0146355
0.0145534
0.014472
0.0143912
0.0143112
0.0142318
0.014153
0.0140749
0.0139975
0.0139207
0.0138445
0.013769
0.013694
0.0136197
0.013546
0.0134729
0.0134003
0.0133284
0.013257
0.0131862
0.013116
0.0130463
0.0129772
0.0129086
0.0128406
0.0127731
0.0127061
0.0126397
0.0125738
0.0125084
0.0124435
0.0123791
0.0123152
0.0122518
0.0121889
0.0121265
0.0120645
0.012003
0.011942
0.0118815
0.0118214
0.0117618
0.0117026
0.0116439
0.0115856
0.0115277
0.0114703
0.0114133
0.0113567
0.0113006
0.0112448
0.0111895
0.0111346
0.0110801
0.011026
0.0109723
0.0109189
0.010866
0.0108134
0.0107613
0.0107095
0.010658
0.010607
0.0105563
0.010506
0.010456
0.0104064
0.0103571
0.0103082
0.0102596
0.0102114
0.0101635
0.010116
0.0100688
0.0100219
0.00997532
0.00992908
0.00988317
0.00983757
0.00979229
0.00974732
0.00970266
0.0096583
0.00961425
0.0095705
0.00952705
0.00948389
0.00944102
0.00939845
0.00935616
0.00931416
0.00927244
0.009231
0.00918983
0.00914894
0.00910833
0.00906798
0.0090279
0.00898809
0.00894853
0.00890924
0.00887021
0.00883143
0.00879291
0.00875464
0.00871662
0.00867884
0.00864131
0.00860402
0.00856698
0.00853017
0.0084936
0.00845726
0.00842116
0.00838529
0.00834964
0.00831423
0.00827903
0.00824406
0.00820931
0.00817479
0.00814047
0.00810638
0.0080725
0.00803882
0.00800536
0.00797211
0.00793907
0.00790623
0.00787359
0.00784116
0.00780892
0.00777688
0.00774505
0.0077134
0.00768195
0.00765069
0.00761962
0.00758874
0.00755805
0.00752754
0.00749722
0.00746708
0.00743712
0.00740734
0.00737774
0.00734832
0.00731907
0.00729
0.0072611
0.00723237
0.00720382
0.00717543
0.0071472
0.00711915
0.00709126
0.00706353
