0.0583658 0.00206881
0.116732 0.00824101
0.175097 0.0183983
0.233463 0.0323461
0.291829 0.0498229
0.350195 0.070513
0.40856 0.0940588
0.466926 0.120075
0.525292 0.148164
0.583658 0.177923
0.642023 0.208964
0.700389 0.240915
0.758755 0.273428
0.817121 0.306191
0.875486 0.33892
0.933852 0.371369
0.992218 0.403329
1.05058 0.43462
1.10895 0.465099
1.16732 0.494648
1.22568 0.52318
1.28405 0.550628
1.34241 0.576947
1.40078 0.602112
1.45914 0.62611
1.51751 0.648942
1.57588 0.67062
1.63424 0.691165
1.69261 0.710603
1.75097 0.728967
1.80934 0.746292
1.8677 0.762618
1.92607 0.777987
1.98444 0.792439
2.0428 0.806017
2.10117 0.818766
2.15953 0.830725
2.2179 0.841938
2.27626 0.852445
2.33463 0.862284
2.393 0.871494
2.45136 0.880111
2.50973 0.88817
2.56809 0.895704
2.62646 0.902746
2.68482 0.909325
2.74319 0.91547
2.80156 0.921208
2.85992 0.926565
2.91829 0.931565
2.97665 0.936232
3.03502 0.940585
3.09339 0.944646
3.15175 0.948434
3.21012 0.951966
3.26848 0.955259
3.32685 0.95833
3.38521 0.961192
3.44358 0.96386
3.50195 0.966346
3.56031 0.968664
3.61868 0.970823
3.67704 0.972834
3.73541 0.974708
3.79377 0.976454
3.85214 0.97808
3.91051 0.979595
3.96887 0.981006
4.02724 0.98232
4.0856 0.983543
4.14397 0.984683
4.20233 0.985744
4.2607 0.986732
4.31907 0.987652
4.37743 0.988508
4.4358 0.989305
4.49416 0.990047
4.55253 0.990738
4.61089 0.991382
4.66926 0.99198
4.72763 0.992538
4.78599 0.993056
4.84436 0.993539
4.90272 0.993988
4.96109 0.994407
5.01946 0.994796
5.07782 0.995158
5.13619 0.995495
5.19455 0.995809
5.25292 0.996101
5.31128 0.996372
5.36965 0.996625
5.42802 0.99686
5.48638 0.997079
5.54475 0.997283
5.60311 0.997472
5.66148 0.997648
5.71984 0.997812
5.77821 0.997965
5.83658 0.998107
5.89494 0.998239
5.95331 0.998362
6.01167 0.998476
6.07004 0.998583
6.1284 0.998682
6.18677 0.998774
6.24514 0.998859
6.3035 0.998939
6.36187 0.999013
6.42023 0.999082
6.4786 0.999146
6.53696 0.999206
6.59533 0.999261
6.6537 0.999313
6.71206 0.999361
6.77043 0.999406
6.82879 0.999447
6.88716 0.999486
6.94553 0.999522
7.00389 0.999555
7.06226 0.999586
7.12062 0.999615
7.17899 0.999642
7.23735 0.999667
7.29572 0.999691
7.35409 0.999712
7.41245 0.999732
7.47082 0.999751
7.52918 0.999769
7.58755 0.999785
7.64591 0.9998
7.70428 0.999814
7.76265 0.999827
7.82101 0.999839
7.87938 0.99985
7.93774 0.999861
7.99611 0.99987
8.05447 0.99988
8.11284 0.999888
8.17121 0.999896
8.22957 0.999903
8.28794 0.99991
8.3463 0.999916
8.40467 0.999922
8.46304 0.999928
8.5214 0.999933
8.57977 0.999937
8.63813 0.999942
8.6965 0.999946
8.75486 0.99995
8.81323 0.999953
8.8716 0.999956
8.92996 0.999959
8.98833 0.999962
9.04669 0.999965
9.10506 0.999967
9.16342 0.99997
9.22179 0.999972
9.28016 0.999974
9.33852 0.999976
9.39689 0.999977
9.45525 0.999979
9.51362 0.99998
9.57198 0.999982
9.63035 0.999983
9.68872 0.999984
9.74708 0.999985
9.80545 0.999986
9.86381 0.999987
9.92218 0.999988
9.98054 0.999989
10.0389 0.99999
10.0973 0.999991
10.1556 0.999991
10.214 0.999992
10.2724 0.999992
10.3307 0.999993
10.3891 0.999993
10.4475 0.999994
10.5058 0.999994
10.5642 0.999995
10.6226 0.999995
10.6809 0.999995
10.7393 0.999996
10.7977 0.999996
10.856 0.999996
10.9144 0.999997
10.9728 0.999997
11.0311 0.999997
11.0895 0.999997
11.1479 0.999997
11.2062 0.999998
11.2646 0.999998
11.323 0.999998
11.3813 0.999998
11.4397 0.999998
11.4981 0.999998
11.5564 0.999998
11.6148 0.999999
11.6732 0.999999
11.7315 0.999999
11.7899 0.999999
11.8482 0.999999
11.9066 0.999999
11.965 0.999999
12.0233 0.999999
12.0817 0.999999
12.1401 0.999999
12.1984 0.999999
12.2568 0.999999
12.3152 0.999999
12.3735 0.999999
12.4319 0.999999
12.4903 1
12.5486 1
12.607 1
12.6654 1
12.7237 1
12.7821 1
12.8405 1
12.8988 1
12.9572 1
13.0156 1
13.0739 1
13.1323 1
13.1907 1
13.249 1
13.3074 1
13.3658 1
13.4241 1
13.4825 1
13.5409 1
13.5992 1
13.6576 1
13.716 1
13.7743 1
13.8327 1
13.8911 1
13.9494 1
14.0078 1
14.0661 1
14.1245 1
14.1829 1
14.2412 1
14.2996 1
14.358 1
14.4163 1
14.4747 1
14.5331 1
14.5914 1
14.6498 1
14.7082 1
14.7665 1
14.8249 1
14.8833 1
14.9416 1
15 1
15.0584 1
15.1167 1
15.1751 1
15.2335 1
15.2918 1
15.3502 1
15.4086 1
15.4669 1
15.5253 1
15.5837 1
15.642 1
15.7004 1
15.7588 1
15.8171 1
15.8755 1
15.9339 1
15.9922 1
16.0506 1
16.1089 1
16.1673 1
16.2257 1
16.284 1
16.3424 1
16.4008 1
16.4591 1
16.5175 1
16.5759 1
16.6342 1
16.6926 1
16.751 1
16.8093 1
16.8677 1
16.9261 1
16.9844 1
17.0428 1
17.1012 1
17.1595 1
17.2179 1
17.2763 1
17.3346 1
17.393 1
17.4514 1
17.5097 1
17.5681 1
17.6265 1
17.6848 1
17.7432 1
17.8016 1
17.8599 1
17.9183 1
17.9767 1
18.035 1
18.0934 1
18.1518 1
18.2101 1
18.2685 1
18.3268 1
18.3852 1
18.4436 1
18.5019 1
18.5603 1
18.6187 1
18.677 1
18.7354 1
18.7938 1
18.8521 1
18.9105 1
18.9689 1
19.0272 1
19.0856 1
19.144 1
19.2023 1
19.2607 1
19.3191 1
19.3774 1
19.4358 1
19.4942 1
19.5525 1
19.6109 1
19.6693 1
19.7276 1
19.786 1
19.8444 1
19.9027 1
19.9611 1
20.0195 1
20.0778 1
20.1362 1
20.1946 1
20.2529 1
20.3113 1
20.3696 1
20.428 1
20.4864 1
20.5447 1
20.6031 1
20.6615 1
20.7198 1
20.7782 1
20.8366 1
20.8949 1
20.9533 1
21.0117 1
21.07 1
21.1284 1
21.1868 1
21.2451 1
21.3035 1
21.3619 1
21.4202 1
21.4786 1
21.537 1
21.5953 1
21.6537 1
21.7121 1
21.7704 1
21.8288 1
21.8872 1
21.9455 1
22.0039 1
22.0623 1
22.1206 1
22.179 1
22.2374 1
22.2957 1
22.3541 1
22.4125 1
22.4708 1
22.5292 1
22.5875 1
22.6459 1
22.7043 1
22.7626 1
22.821 1
22.8794 1
22.9377 1
22.9961 1
23.0545 1
23.1128 1
23.1712 1
23.2296 1
23.2879 1
23.3463 1
23.4047 1
23.463 1
23.5214 1
23.5798 1
23.6381 1
23.6965 1
23.7549 1
23.8132 1
23.8716 1
23.93 1
23.9883 1
24.0467 1
24.1051 1
24.1634 1
24.2218 1
24.2802 1
24.3385 1
24.3969 1
24.4553 1
24.5136 1
24.572 1
24.6304 1
24.6887 1
24.7471 1
24.8054 1
24.8638 1
24.9222 1
24.9805 1
25.0389 1
25.0973 1
25.1556 1
25.214 1
25.2724 1
25.3307 1
25.3891 1
25.4475 1
25.5058 1
25.5642 1
25.6226 1
25.6809 1
25.7393 1
25.7977 1
25.856 1
25.9144 1
25.9728 1
26.0311 1
26.0895 1
26.1479 1
26.2062 1
26.2646 1
26.323 1
26.3813 1
26.4397 1
26.4981 1
26.5564 1
26.6148 1
26.6732 1
26.7315 1
26.7899 1
26.8482 1
26.9066 1
26.965 1
27.0233 1
27.0817 1
27.1401 1
27.1984 1
27.2568 1
27.3152 1
27.3735 1
27.4319 1
27.4903 1
27.5486 1
27.607 1
27.6654 1
27.7237 1
27.7821 1
27.8405 1
27.8988 1
27.9572 1
28.0156 1
28.0739 1
28.1323 1
28.1907 1
28.249 1
28.3074 1
28.3658 1
28.4241 1
28.4825 1
28.5409 1
28.5992 1
28.6576 1
28.716 1
28.7743 1
28.8327 1
28.8911 1
28.9494 1
29.0078 1
29.0661 1
29.1245 1
29.1829 1
29.2412 1
29.2996 1
29.358 1
29.4163 1
29.4747 1
29.5331 1
29.5914 1
29.6498 1
29.7082 1
29.7665 1
29.8249 1
29.8833 1
29.9416 1
