0.0161123
0.0360929
0.063766
0.0988363
0.140932
0.189611
0.244369
0.304644
0.36983
0.439283
0.512331
0.588281
0.666436
0.746093
0.826564
0.907174
0.987274
1.06625
1.14351
1.21853
1.29082
1.35992
1.42545
1.48708
1.54451
1.59751
1.6459
1.68955
1.72837
1.76234
1.79144
1.81572
1.83526
1.85017
1.86057
1.86664
1.86855
1.86649
1.86068
1.85134
1.83869
1.82297
1.80442
1.78327
1.75974
1.73408
1.7065
1.67723
1.64646
1.61441
1.58126
1.5472
1.51239
1.477
1.44118
1.40507
1.3688
1.33249
1.29624
1.26016
1.22434
1.18885
1.15378
1.11918
1.08511
1.05163
1.01877
0.986575
0.955071
0.924285
0.894239
0.864946
0.83642
0.808667
0.781693
0.755499
0.730083
0.705441
0.681567
0.658452
0.636087
0.61446
0.593559
0.57337
0.553877
0.535065
0.516919
0.49942
0.482553
0.4663
0.450644
0.435566
0.421049
0.407076
0.393629
0.380691
0.368245
0.356273
0.34476
0.333689
0.323044
0.31281
0.302971
0.293514
0.284422
0.275683
0.267283
0.259208
0.251447
0.243986
0.236814
0.229919
0.22329
0.216916
0.210788
0.204894
0.199226
0.193774
0.188529
0.183483
0.178627
0.173954
0.169457
0.165127
0.160957
0.156942
0.153075
0.149349
0.145759
0.142298
0.138963
0.135746
0.132644
0.129652
0.126764
0.123978
0.121288
0.11869
0.116181
0.113758
0.111415
0.109151
0.106962
0.104845
0.102797
0.100815
0.0988969
0.0970395
0.0952406
0.0934979
0.0918091
0.090172
0.0885847
0.0870452
0.0855515
0.0841019
0.0826947
0.0813282
0.0800009
0.0787112
0.0774577
0.0762391
0.0750541
0.0739013
0.0727795
0.0716877
0.0706247
0.0695894
0.0685809
0.0675981
0.0666402
0.0657062
0.0647954
0.0639068
0.0630397
0.0621934
0.0613672
0.0605603
0.0597721
0.0590019
0.0582492
0.0575134
0.056794
0.0560903
0.0554018
0.0547282
0.0540689
0.0534234
0.0527914
0.0521723
0.0515659
0.0509717
0.0503893
0.0498184
0.0492586
0.0487097
0.0481713
0.047643
0.0471247
0.0466159
0.0461166
0.0456263
0.0451448
0.0446719
0.0442074
0.043751
0.0433025
0.0428617
0.0424285
0.0420025
0.0415836
0.0411717
0.0407665
0.040368
0.0399758
0.0395899
0.0392102
0.0388364
0.0384684
0.0381062
0.0377495
0.0373982
0.0370522
0.0367114
0.0363756
0.0360448
0.0357189
0.0353976
0.0350811
0.034769
0.0344614
0.0341581
0.033859
0.0335642
0.0332733
0.0329865
0.0327036
0.0324245
0.0321492
0.0318776
0.0316095
0.031345
0.031084
0.0308264
0.0305721
0.030321
0.0300732
0.0298286
0.029587
0.0293485
0.0291129
0.0288803
0.0286506
0.0284237
0.0281995
0.0279781
0.0277594
0.0275433
0.0273298
0.0271188
0.0269104
0.0267043
0.0265008
0.0262995
0.0261007
0.0259041
0.0257098
0.0255177
0.0253278
0.0251401
0.0249544
0.0247709
0.0245894
0.02441
0.0242325
0.024057
0.0238834
0.0237118
0.023542
0.023374
0.0232079
0.0230435
0.0228809
0.0227201
0.0225609
0.0224035
0.0222477
0.0220935
0.021941
0.02179
0.0216406
0.0214928
0.0213465
0.0212016
0.0210583
0.0209164
0.020776
0.020637
0.0204994
0.0203631
0.0202283
0.0200948
0.0199626
0.0198317
0.0197021
0.0195737
0.0194467
0.0193208
0.0191962
0.0190728
0.0189506
0.0188296
0.0187097
0.018591
0.0184734
0.0183569
0.0182416
0.0181273
0.0180141
0.0179019
0.0177908
0.0176807
0.0175717
0.0174637
0.0173566
0.0172505
0.0171455
0.0170413
0.0169382
0.0168359
0.0167346
0.0166342
0.0165347
0.0164361
0.0163383
0.0162415
0.0161455
0.0160503
0.015956
0.0158626
0.0157699
0.015678
0.015587
0.0154967
0.0154073
0.0153186
0.0152306
0.0151435
0.015057
0.0149713
0.0148864
0.0148021
0.0147186
0.0146358
0.0145537
0.0144722
0.0143915
0.0143114
0.014232
0.0141533
0.0140752
0.0139977
0.0139209
0.0138447
0.0137691
0.0136942
0.0136199
0.0135461
0.013473
0.0134005
0.0133285
0.0132571
0.0131863
0.0131161
0.0130464
0.0129773
0.0129087
0.0128407
0.0127732
0.0127062
0.0126398
0.0125739
0.0125085
0.0124436
0.0123792
0.0123153
0.0122519
0.012189
0.0121265
0.0120646
0.0120031
0.0119421
0.0118815
0.0118215
0.0117618
0.0117026
0.0116439
0.0115856
0.0115278
0.0114703
0.0114133
0.0113568
0.0113006
0.0112449
0.0111895
0.0111346
0.0110801
0.011026
0.0109723
0.0109189
0.010866
0.0108134
0.0107613
0.0107095
0.010658
0.010607
0.0105563
0.010506
0.010456
0.0104064
0.0103571
0.0103082
0.0102596
0.0102114
0.0101635
0.010116
0.0100688
0.0100219
0.00997532
0.00992909
0.00988317
0.00983757
0.00979229
0.00974732
0.00970266
0.00965831
0.00961425
0.0095705
0.00952705
0.00948389
0.00944103
0.00939845
0.00935616
0.00931416
0.00927244
0.009231
0.00918983
0.00914895
0.00910833
0.00906798
0.0090279
0.00898809
0.00894854
0.00890924
0.00887021
0.00883143
0.00879291
0.00875464
0.00871662
0.00867884
0.00864131
0.00860403
0.00856698
0.00853017
0.0084936
0.00845726
0.00842116
0.00838529
0.00834964
0.00831423
0.00827903
0.00824406
0.00820932
0.00817479
0.00814047
0.00810638
0.0080725
0.00803883
0.00800537
0.00797211
0.00793907
0.00790623
0.00787359
0.00784116
0.00780892
0.00777689
0.00774505
0.0077134
0.00768195
0.00765069
0.00761962
0.00758874
0.00755805
0.00752754
0.00749722
0.00746708
0.00743712
0.00740734
0.00737774
0.00734832
0.00731907
0.00729
0.0072611
0.00723237
0.00720382
0.00717543
0.0071472
0.00711915
0.00709126
0.00706353
