0.0245344
0.0549023
0.0968556
0.149843
0.213175
0.286036
0.367503
0.45656
0.55212
0.653042
0.758152
0.866266
0.976201
1.0868
1.19695
1.30559
1.41172
1.51444
1.6129
1.70638
1.79423
1.87593
1.95102
2.01918
2.08015
2.13378
2.18
2.21881
2.2503
2.27462
2.29195
2.30257
2.30674
2.30481
2.29712
2.28405
2.26598
2.24331
2.21643
2.18575
2.15166
2.11453
2.07474
2.03265
1.98859
1.9429
1.89587
1.84779
1.79893
1.74953
1.69982
1.65001
1.60028
1.5508
1.50173
1.45321
1.40534
1.35824
1.31199
1.26667
1.22235
1.17909
1.13691
1.09587
1.05598
1.01726
0.979723
0.943376
0.908216
0.874238
0.841431
0.809781
0.779272
0.749885
0.721596
0.694381
0.668216
0.643073
0.618923
0.595739
0.57349
0.552147
0.531681
0.512061
0.493257
0.475241
0.457982
0.441453
0.425626
0.410473
0.395966
0.38208
0.36879
0.35607
0.343896
0.332246
0.321097
0.310427
0.300214
0.290441
0.281085
0.27213
0.263557
0.255348
0.247488
0.239961
0.232751
0.225844
0.219226
0.212883
0.206804
0.200976
0.195387
0.190026
0.184884
0.179949
0.175212
0.170663
0.166296
0.1621
0.158068
0.154192
0.150466
0.146882
0.143434
0.140115
0.13692
0.133844
0.13088
0.128023
0.12527
0.122615
0.120053
0.117581
0.115195
0.11289
0.110664
0.108512
0.106432
0.10442
0.102474
0.10059
0.0987665
0.0970002
0.0952889
0.0936302
0.092022
0.0904621
0.0889486
0.0874796
0.0860532
0.0846678
0.0833216
0.0820131
0.0807409
0.0795034
0.0782994
0.0771275
0.0759865
0.0748753
0.0737927
0.0727376
0.071709
0.070706
0.0697275
0.0687728
0.0678409
0.0669311
0.0660426
0.0651746
0.0643264
0.0634973
0.0626867
0.061894
0.0611186
0.0603599
0.0596173
0.0588904
0.0581786
0.0574815
0.0567986
0.0561294
0.0554736
0.0548307
0.0542003
0.0535821
0.0529757
0.0523808
0.051797
0.0512241
0.0506616
0.0501094
0.0495671
0.0490344
0.0485112
0.0479971
0.0474919
0.0469954
0.0465073
0.0460275
0.0455556
0.0450916
0.0446352
0.0441863
0.0437446
0.0433099
0.0428822
0.0424612
0.0420468
0.0416389
0.0412372
0.0408416
0.040452
0.0400684
0.0396904
0.039318
0.0389512
0.0385897
0.0382334
0.0378823
0.0375362
0.0371951
0.0368588
0.0365272
0.0362002
0.0358778
0.0355598
0.0352462
0.0349368
0.0346316
0.0343306
0.0340336
0.0337405
0.0334513
0.0331659
0.0328842
0.0326062
0.0323318
0.0320609
0.0317935
0.0315295
0.0312689
0.0310115
0.0307574
0.0305064
0.0302586
0.0300138
0.029772
0.0295331
0.0292972
0.0290641
0.0288339
0.0286064
0.0283816
0.0281595
0.0279401
0.0277232
0.0275088
0.027297
0.0270876
0.0268807
0.0266761
0.0264739
0.026274
0.0260763
0.025881
0.0256878
0.0254968
0.0253079
0.0251211
0.0249364
0.0247538
0.0245731
0.0243945
0.0242177
0.024043
0.0238701
0.0236991
0.0235299
0.0233625
0.0231969
0.0230331
0.022871
0.0227107
0.022552
0.022395
0.0222396
0.0220858
0.0219337
0.0217831
0.021634
0.0214865
0.0213405
0.021196
0.0210529
0.0209113
0.0207711
0.0206323
0.020495
0.0203589
0.0202243
0.020091
0.0199589
0.0198282
0.0196988
0.0195706
0.0194437
0.019318
0.0191936
0.0190703
0.0189482
0.0188273
0.0187076
0.0185889
0.0184714
0.0183551
0.0182398
0.0181256
0.0180125
0.0179004
0.0177894
0.0176794
0.0175704
0.0174624
0.0173554
0.0172494
0.0171444
0.0170403
0.0169372
0.016835
0.0167337
0.0166334
0.0165339
0.0164353
0.0163376
0.0162408
0.0161448
0.0160497
0.0159554
0.015862
0.0157694
0.0156775
0.0155865
0.0154963
0.0154068
0.0153182
0.0152303
0.0151431
0.0150567
0.014971
0.0148861
0.0148018
0.0147183
0.0146355
0.0145534
0.014472
0.0143913
0.0143112
0.0142318
0.0141531
0.014075
0.0139975
0.0139207
0.0138445
0.013769
0.0136941
0.0136197
0.013546
0.0134729
0.0134004
0.0133284
0.013257
0.0131862
0.013116
0.0130463
0.0129772
0.0129086
0.0128406
0.0127731
0.0127062
0.0126397
0.0125738
0.0125084
0.0124435
0.0123791
0.0123152
0.0122518
0.0121889
0.0121265
0.0120645
0.0120031
0.011942
0.0118815
0.0118214
0.0117618
0.0117026
0.0116439
0.0115856
0.0115277
0.0114703
0.0114133
0.0113567
0.0113006
0.0112448
0.0111895
0.0111346
0.0110801
0.011026
0.0109723
0.0109189
0.010866
0.0108134
0.0107613
0.0107095
0.010658
0.010607
0.0105563
0.010506
0.010456
0.0104064
0.0103571
0.0103082
0.0102596
0.0102114
0.0101635
0.010116
0.0100688
0.0100219
0.00997532
0.00992908
0.00988317
0.00983757
0.00979229
0.00974732
0.00970266
0.0096583
0.00961425
0.0095705
0.00952705
0.00948389
0.00944102
0.00939845
0.00935616
0.00931416
0.00927244
0.009231
0.00918983
0.00914894
0.00910833
0.00906798
0.0090279
0.00898809
0.00894853
0.00890924
0.00887021
0.00883143
0.00879291
0.00875464
0.00871662
0.00867884
0.00864131
0.00860402
0.00856698
0.00853017
0.0084936
0.00845726
0.00842116
0.00838529
0.00834964
0.00831423
0.00827903
0.00824406
0.00820931
0.00817479
0.00814047
0.00810638
0.0080725
0.00803882
0.00800536
0.00797211
0.00793907
0.00790623
0.00787359
0.00784116
0.00780892
0.00777688
0.00774505
0.0077134
0.00768195
0.00765069
0.00761962
0.00758874
0.00755805
0.00752754
0.00749722
0.00746708
0.00743712
0.00740734
0.00737774
0.00734832
0.00731907
0.00729
0.0072611
0.00723237
0.00720382
0.00717543
0.0071472
0.00711915
0.00709126
0.00706353
