0.000630917
0.00141832
0.00251835
0.00392866
0.00564623
0.00766743
0.00998796
0.0126029
0.0155067
0.0186934
0.0221561
0.0258878
0.0298806
0.0341263
0.0386162
0.043341
0.0482913
0.0534571
0.0588279
0.0643932
0.0701419
0.0760629
0.0821447
0.0883756
0.0947438
0.101237
0.107844
0.114552
0.121349
0.128223
0.135161
0.142152
0.149184
0.156244
0.163321
0.170404
0.17748
0.18454
0.191571
0.198563
0.205505
0.212389
0.219203
0.225939
0.232586
0.239138
0.245584
0.251917
0.25813
0.264215
0.270165
0.275974
0.281636
0.287145
0.292497
0.297685
0.302707
0.307557
0.312233
0.316731
0.321048
0.325182
0.329131
0.332893
0.336467
0.339852
0.343047
0.346052
0.348867
0.351493
0.353929
0.356178
0.358239
0.360115
0.361806
0.363316
0.364646
0.365799
0.366776
0.367581
0.368217
0.368687
0.368993
0.369139
0.369129
0.368966
0.368654
0.368196
0.367596
0.366859
0.365988
0.364986
0.363859
0.36261
0.361243
0.359762
0.358172
0.356476
0.354679
0.352784
0.350796
0.348718
0.346555
0.344311
0.341988
0.339593
0.337127
0.334595
0.332
0.329346
0.326637
0.323876
0.321067
0.318212
0.315315
0.31238
0.309409
0.306405
0.303372
0.300312
0.297228
0.294122
0.290998
0.287858
0.284704
0.281538
0.278364
0.275183
0.271997
0.268809
0.265619
0.262432
0.259247
0.256067
0.252894
0.249729
0.246573
0.243429
0.240297
0.237179
0.234076
0.23099
0.227921
0.224871
0.22184
0.21883
0.215841
0.212875
0.209932
0.207013
0.204118
0.201249
0.198405
0.195588
0.192798
0.190035
0.1873
0.184593
0.181915
0.179266
0.176646
0.174056
0.171495
0.168964
0.166463
0.163992
0.161552
0.159141
0.156762
0.154412
0.152093
0.149805
0.147547
0.145319
0.143121
0.140954
0.138817
0.13671
0.134632
0.132584
0.130566
0.128577
0.126617
0.124686
0.122783
0.120909
0.119064
0.117246
0.115456
0.113694
0.111959
0.110251
0.10857
0.106915
0.105286
0.103683
0.102106
0.100554
0.0990275
0.0975253
0.0960475
0.0945938
0.093164
0.0917576
0.0903745
0.0890142
0.0876765
0.0863611
0.0850677
0.083796
0.0825456
0.0813162
0.0801077
0.0789196
0.0777516
0.0766035
0.075475
0.0743657
0.0732754
0.0722037
0.0711505
0.0701153
0.069098
0.0680982
0.0671156
0.06615
0.0652012
0.0642687
0.0633524
0.062452
0.0615673
0.0606978
0.0598436
0.0590041
0.0581793
0.0573688
0.0565725
0.05579
0.0550211
0.0542657
0.0535234
0.052794
0.0520774
0.0513732
0.0506813
0.0500014
0.0493334
0.048677
0.0480321
0.0473983
0.0467755
0.0461636
0.0455623
0.0449714
0.0443908
0.0438202
0.0432594
0.0427084
0.0421669
0.0416347
0.0411117
0.0405977
0.0400925
0.039596
0.039108
0.0386284
0.038157
0.0376936
0.0372381
0.0367904
0.0363503
0.0359176
0.0354923
0.0350742
0.0346631
0.034259
0.0338617
0.033471
0.0330869
0.0327092
0.0323378
0.0319726
0.0316134
0.0312602
0.0309129
0.0305713
0.0302353
0.0299048
0.0295798
0.0292601
0.0289456
0.0286362
0.0283318
0.0280324
0.0277378
0.0274479
0.0271627
0.0268821
0.026606
0.0263342
0.0260668
0.0258036
0.0255446
0.0252896
0.0250387
0.0247917
0.0245485
0.0243091
0.0240735
0.0238414
0.023613
0.023388
0.0231666
0.0229484
0.0227337
0.0225221
0.0223138
0.0221086
0.0219065
0.0217074
0.0215112
0.021318
0.0211277
0.0209401
0.0207553
0.0205732
0.0203938
0.020217
0.0200427
0.0198709
0.0197016
0.0195348
0.0193703
0.0192081
0.0190483
0.0188907
0.0187353
0.018582
0.0184309
0.0182819
0.018135
0.0179901
0.0178471
0.0177061
0.0175671
0.0174299
0.0172945
0.017161
0.0170292
0.0168992
0.016771
0.0166444
0.0165194
0.0163961
0.0162745
0.0161543
0.0160358
0.0159187
0.0158032
0.0156891
0.0155764
0.0154652
0.0153554
0.015247
0.0151399
0.0150341
0.0149296
0.0148264
0.0147245
0.0146238
0.0145243
0.014426
0.0143289
0.014233
0.0141382
0.0140445
0.0139519
0.0138604
0.01377
0.0136806
0.0135923
0.0135049
0.0134186
0.0133332
0.0132488
0.0131654
0.0130829
0.0130013
0.0129206
0.0128408
0.0127619
0.0126839
0.0126067
0.0125303
0.0124548
0.0123801
0.0123062
0.012233
0.0121607
0.0120891
0.0120182
0.0119481
0.0118788
0.0118101
0.0117421
0.0116749
0.0116083
0.0115424
0.0114772
0.0114126
0.0113487
0.0112854
0.0112227
0.0111607
0.0110992
0.0110384
0.0109782
0.0109185
0.0108594
0.0108009
0.0107429
0.0106855
0.0106287
0.0105723
0.0105165
0.0104613
0.0104065
0.0103522
0.0102985
0.0102452
0.0101924
0.0101401
0.0100883
0.010037
0.00998606
0.00993562
0.00988563
0.00983609
0.00978698
0.0097383
0.00969005
0.00964222
0.0095948
0.0095478
0.0095012
0.009455
0.00940919
0.00936378
0.00931875
0.0092741
0.00922983
0.00918593
0.0091424
0.00909923
0.00905642
0.00901396
0.00897185
0.00893009
0.00888867
0.00884759
0.00880684
0.00876642
0.00872633
0.00868656
0.00864711
0.00860798
0.00856916
0.00853064
0.00849244
0.00845453
0.00841693
0.00837962
0.0083426
0.00830587
0.00826943
0.00823328
0.0081974
0.0081618
0.00812648
0.00809143
0.00805665
0.00802214
0.00798789
0.00795391
0.00792018
0.00788671
0.0078535
0.00782054
0.00778783
0.00775537
0.00772315
0.00769118
0.00765945
0.00762796
0.00759671
0.00756569
0.00753491
0.00750435
0.00747403
0.00744394
0.00741407
0.00738443
0.00735501
0.00732581
0.00729684
0.00726808
0.00723953
0.00721121
0.00718309
0.00715519
