0.0358834
0.0802072
0.141269
0.218103
0.309503
0.41406
0.530186
0.656158
0.790149
0.930274
1.07462
1.2213
1.36845
1.51431
1.65722
1.79565
1.92821
2.05367
2.171
2.2793
2.37789
2.46624
2.54399
2.61094
2.66703
2.71234
2.74707
2.77152
2.78608
2.79123
2.78748
2.77541
2.75563
2.72876
2.69545
2.65633
2.61204
2.5632
2.51041
2.45425
2.39526
2.33396
2.27084
2.20634
2.14087
2.07483
2.00854
1.94232
1.87645
1.81117
1.74671
1.68324
1.62093
1.55992
1.50033
1.44224
1.38574
1.33089
1.27771
1.22626
1.17654
1.12856
1.08231
1.03779
0.994974
0.953839
0.914354
0.876484
0.840191
0.805435
0.77217
0.740352
0.709934
0.680868
0.653108
0.626604
0.601308
0.577174
0.554153
0.532201
0.511272
0.491321
0.472306
0.454185
0.436916
0.420463
0.404785
0.389847
0.375614
0.362051
0.349127
0.336811
0.325072
0.313882
0.303214
0.293043
0.283342
0.27409
0.265262
0.256838
0.248798
0.241122
0.233791
0.226788
0.220096
0.2137
0.207585
0.201736
0.19614
0.190784
0.185656
0.180745
0.176038
0.171528
0.167202
0.163053
0.159071
0.155248
0.151577
0.148049
0.144657
0.141396
0.138258
0.135238
0.13233
0.129529
0.126829
0.124225
0.121714
0.119291
0.116951
0.114691
0.112507
0.110396
0.108354
0.106378
0.104466
0.102613
0.100819
0.09908
0.0973937
0.0957579
0.0941705
0.0926295
0.0911328
0.0896786
0.0882652
0.086891
0.0855543
0.0842535
0.0829874
0.0817545
0.0805536
0.0793833
0.0782426
0.0771303
0.0760454
0.0749868
0.0739535
0.0729448
0.0719596
0.0709971
0.0700566
0.0691373
0.0682385
0.0673594
0.0664995
0.065658
0.0648344
0.0640281
0.0632385
0.0624651
0.0617074
0.0609649
0.0602372
0.0595238
0.0588243
0.0581382
0.0574652
0.0568049
0.056157
0.055521
0.0548966
0.0542836
0.0536816
0.0530904
0.0525096
0.0519389
0.0513781
0.050827
0.0502852
0.0497526
0.0492289
0.048714
0.0482075
0.0477093
0.0472192
0.046737
0.0462625
0.0457955
0.0453358
0.0448834
0.0444379
0.0439994
0.0435675
0.0431422
0.0427233
0.0423107
0.0419043
0.0415039
0.0411093
0.0407205
0.0403374
0.0399598
0.0395876
0.0392207
0.038859
0.0385024
0.0381508
0.037804
0.0374621
0.0371249
0.0367923
0.0364643
0.0361407
0.0358214
0.0355064
0.0351957
0.034889
0.0345864
0.0342878
0.033993
0.0337021
0.033415
0.0331315
0.0328517
0.0325755
0.0323027
0.0320334
0.0317675
0.0315049
0.0312455
0.0309894
0.0307365
0.0304866
0.0302398
0.0299961
0.0297552
0.0295173
0.0292822
0.02905
0.0288205
0.0285937
0.0283696
0.0281482
0.0279293
0.027713
0.0274992
0.0272879
0.027079
0.0268725
0.0266684
0.0264666
0.0262671
0.0260698
0.0258748
0.0256819
0.0254912
0.0253027
0.0251162
0.0249318
0.0247494
0.024569
0.0243905
0.024214
0.0240394
0.0238668
0.0236959
0.0235269
0.0233597
0.0231943
0.0230306
0.0228687
0.0227084
0.0225499
0.022393
0.0222377
0.022084
0.021932
0.0217815
0.0216325
0.0214851
0.0213391
0.0211947
0.0210517
0.0209102
0.02077
0.0206313
0.020494
0.020358
0.0202234
0.0200901
0.0199582
0.0198275
0.0196981
0.01957
0.0194431
0.0193175
0.019193
0.0190698
0.0189477
0.0188268
0.0187071
0.0185885
0.0184711
0.0183547
0.0182394
0.0181253
0.0180121
0.0179001
0.0177891
0.0176791
0.0175701
0.0174622
0.0173552
0.0172492
0.0171442
0.0170401
0.016937
0.0168348
0.0167336
0.0166332
0.0165338
0.0164352
0.0163375
0.0162407
0.0161447
0.0160496
0.0159553
0.0158619
0.0157693
0.0156775
0.0155864
0.0154962
0.0154068
0.0153181
0.0152302
0.015143
0.0150566
0.014971
0.014886
0.0148018
0.0147183
0.0146355
0.0145534
0.014472
0.0143912
0.0143112
0.0142318
0.014153
0.0140749
0.0139975
0.0139207
0.0138445
0.013769
0.013694
0.0136197
0.013546
0.0134729
0.0134003
0.0133284
0.013257
0.0131862
0.013116
0.0130463
0.0129772
0.0129086
0.0128406
0.0127731
0.0127061
0.0126397
0.0125738
0.0125084
0.0124435
0.0123791
0.0123152
0.0122518
0.0121889
0.0121265
0.0120645
0.012003
0.011942
0.0118815
0.0118214
0.0117618
0.0117026
0.0116439
0.0115856
0.0115277
0.0114703
0.0114133
0.0113567
0.0113006
0.0112448
0.0111895
0.0111346
0.0110801
0.011026
0.0109723
0.0109189
0.010866
0.0108134
0.0107613
0.0107095
0.010658
0.010607
0.0105563
0.010506
0.010456
0.0104064
0.0103571
0.0103082
0.0102596
0.0102114
0.0101635
0.010116
0.0100688
0.0100219
0.00997532
0.00992908
0.00988317
0.00983757
0.00979229
0.00974732
0.00970266
0.0096583
0.00961425
0.0095705
0.00952705
0.00948389
0.00944102
0.00939845
0.00935616
0.00931416
0.00927244
0.009231
0.00918983
0.00914894
0.00910833
0.00906798
0.0090279
0.00898809
0.00894853
0.00890924
0.00887021
0.00883143
0.00879291
0.00875464
0.00871662
0.00867884
0.00864131
0.00860402
0.00856698
0.00853017
0.0084936
0.00845726
0.00842116
0.00838529
0.00834964
0.00831423
0.00827903
0.00824406
0.00820931
0.00817479
0.00814047
0.00810638
0.0080725
0.00803882
0.00800536
0.00797211
0.00793907
0.00790623
0.00787359
0.00784116
0.00780892
0.00777688
0.00774505
0.0077134
0.00768195
0.00765069
0.00761962
0.00758874
0.00755805
0.00752754
0.00749722
0.00746708
0.00743712
0.00740734
0.00737774
0.00734832
0.00731907
0.00729
0.0072611
0.00723237
0.00720382
0.00717543
0.0071472
0.00711915
0.00709126
0.00706353
