0.203032
0.449704
0.781986
1.18765
1.65218
2.15955
2.69302
3.23596
3.77251
4.28824
4.77061
5.20925
5.59616
5.92572
6.19463
6.40169
6.54758
6.63453
6.66605
6.64657
6.58121
6.47543
6.33487
6.16514
5.97163
5.75944
5.53328
5.2974
5.05559
4.81117
4.56698
4.32541
4.08844
3.85769
3.63439
3.41951
3.21372
3.01748
2.83106
2.65455
2.48793
2.33104
2.18365
2.04548
1.91617
1.79536
1.68262
1.57755
1.47972
1.38871
1.3041
1.2255
1.15249
1.08472
1.02181
0.96343
0.909251
0.858967
0.812294
0.768961
0.728719
0.691334
0.656588
0.624279
0.59422
0.566237
0.540171
0.515873
0.493207
0.472046
0.452275
0.433786
0.416481
0.400268
0.385066
0.370797
0.35739
0.344782
0.332911
0.321724
0.31117
0.301203
0.29178
0.282863
0.274414
0.266402
0.258796
0.251567
0.24469
0.238142
0.231899
0.225943
0.220254
0.214816
0.209612
0.204628
0.19985
0.195266
0.190864
0.186633
0.182564
0.178648
0.174875
0.171239
0.16773
0.164344
0.161073
0.157911
0.154853
0.151893
0.149028
0.146251
0.14356
0.14095
0.138418
0.135959
0.133572
0.131251
0.128996
0.126803
0.124669
0.122593
0.120571
0.118602
0.116683
0.114814
0.112991
0.111214
0.10948
0.107788
0.106137
0.104525
0.102951
0.101413
0.0999106
0.0984424
0.0970072
0.0956041
0.094232
0.09289
0.091577
0.0902923
0.089035
0.0878043
0.0865993
0.0854194
0.0842639
0.0831319
0.0820229
0.0809363
0.0798713
0.0788275
0.0778042
0.0768009
0.075817
0.0748521
0.0739057
0.0729772
0.0720662
0.0711723
0.070295
0.069434
0.0685887
0.0677589
0.066944
0.0661439
0.0653581
0.0645862
0.063828
0.0630831
0.0623512
0.061632
0.0609253
0.0602306
0.0595478
0.0588765
0.0582165
0.0575676
0.0569295
0.056302
0.0556848
0.0550777
0.0544805
0.053893
0.0533149
0.0527461
0.0521864
0.0516355
0.0510933
0.0505597
0.0500343
0.0495171
0.0490079
0.0485064
0.0480127
0.0475265
0.0470476
0.0465759
0.0461112
0.0456535
0.0452026
0.0447583
0.0443206
0.0438892
0.0434641
0.0430452
0.0426323
0.0422253
0.0418241
0.0414286
0.0410386
0.0406542
0.0402751
0.0399013
0.0395327
0.0391692
0.0388107
0.0384571
0.0381082
0.0377641
0.0374247
0.0370898
0.0367594
0.0364333
0.0361116
0.0357942
0.0354809
0.0351717
0.0348665
0.0345653
0.0342679
0.0339744
0.0336846
0.0333986
0.0331161
0.0328373
0.0325619
0.03229
0.0320215
0.0317563
0.0314944
0.0312357
0.0309802
0.0307278
0.0304785
0.0302322
0.0299889
0.0297485
0.029511
0.0292763
0.0290444
0.0288153
0.0285888
0.028365
0.0281439
0.0279253
0.0277092
0.0274957
0.0272846
0.0270759
0.0268696
0.0266656
0.026464
0.0262647
0.0260676
0.0258727
0.0256799
0.0254894
0.0253009
0.0251145
0.0249302
0.0247479
0.0245676
0.0243892
0.0242128
0.0240383
0.0238657
0.0236949
0.023526
0.0233588
0.0231935
0.0230298
0.0228679
0.0227077
0.0225492
0.0223924
0.0222371
0.0220835
0.0219315
0.021781
0.0216321
0.0214847
0.0213387
0.0211943
0.0210514
0.0209098
0.0207697
0.020631
0.0204937
0.0203578
0.0202232
0.0200899
0.019958
0.0198273
0.0196979
0.0195698
0.019443
0.0193173
0.0191929
0.0190697
0.0189476
0.0188267
0.018707
0.0185884
0.018471
0.0183546
0.0182393
0.0181252
0.0180121
0.0179
0.017789
0.017679
0.0175701
0.0174621
0.0173552
0.0172492
0.0171441
0.0170401
0.016937
0.0168348
0.0167335
0.0166332
0.0165337
0.0164352
0.0163375
0.0162407
0.0161447
0.0160496
0.0159553
0.0158619
0.0157693
0.0156774
0.0155864
0.0154962
0.0154068
0.0153181
0.0152302
0.015143
0.0150566
0.014971
0.014886
0.0148018
0.0147183
0.0146355
0.0145534
0.014472
0.0143912
0.0143112
0.0142318
0.014153
0.0140749
0.0139975
0.0139207
0.0138445
0.013769
0.013694
0.0136197
0.013546
0.0134729
0.0134003
0.0133284
0.013257
0.0131862
0.013116
0.0130463
0.0129772
0.0129086
0.0128406
0.0127731
0.0127061
0.0126397
0.0125738
0.0125084
0.0124435
0.0123791
0.0123152
0.0122518
0.0121889
0.0121265
0.0120645
0.012003
0.011942
0.0118815
0.0118214
0.0117618
0.0117026
0.0116439
0.0115856
0.0115277
0.0114703
0.0114133
0.0113567
0.0113006
0.0112448
0.0111895
0.0111346
0.0110801
0.011026
0.0109723
0.0109189
0.010866
0.0108134
0.0107613
0.0107095
0.010658
0.010607
0.0105563
0.010506
0.010456
0.0104064
0.0103571
0.0103082
0.0102596
0.0102114
0.0101635
0.010116
0.0100688
0.0100219
0.00997532
0.00992908
0.00988317
0.00983757
0.00979229
0.00974732
0.00970266
0.0096583
0.00961425
0.0095705
0.00952705
0.00948389
0.00944102
0.00939845
0.00935616
0.00931416
0.00927244
0.009231
0.00918983
0.00914894
0.00910833
0.00906798
0.0090279
0.00898809
0.00894853
0.00890924
0.00887021
0.00883143
0.00879291
0.00875464
0.00871662
0.00867884
0.00864131
0.00860402
0.00856698
0.00853017
0.0084936
0.00845726
0.00842116
0.00838529
0.00834964
0.00831423
0.00827903
0.00824406
0.00820931
0.00817479
0.00814047
0.00810638
0.0080725
0.00803882
0.00800536
0.00797211
0.00793907
0.00790623
0.00787359
0.00784116
0.00780892
0.00777688
0.00774505
0.0077134
0.00768195
0.00765069
0.00761962
0.00758874
0.00755805
0.00752754
0.00749722
0.00746708
0.00743712
0.00740734
0.00737774
0.00734832
0.00731907
0.00729
0.0072611
0.00723237
0.00720382
0.00717543
0.0071472
0.00711915
0.00709126
0.00706353
