0.0507639
0.113327
0.199251
0.306925
0.434351
0.57921
0.738918
0.910701
1.09166
1.27885
1.46933
1.66026
1.84893
2.03281
2.2096
2.37727
2.53405
2.67849
2.80942
2.92596
3.02753
3.11381
3.18471
3.24039
3.28119
3.30762
3.32033
3.32011
3.3078
3.28433
3.25066
3.20778
3.15667
3.09833
3.03369
2.96369
2.88919
2.81104
2.72999
2.64676
2.56201
2.47634
2.39029
2.30434
2.21891
2.13438
2.05108
1.96928
1.88921
1.81108
1.73503
1.66121
1.58969
1.52056
1.45386
1.38962
1.32784
1.26852
1.21163
1.15714
1.105
1.05518
1.0076
0.962207
0.918934
0.87771
0.838463
0.801118
0.765603
0.731843
0.699764
0.669293
0.640359
0.61289
0.586819
0.562078
0.538603
0.516331
0.495203
0.47516
0.456146
0.438108
0.420995
0.404758
0.38935
0.374728
0.360848
0.347671
0.335158
0.323274
0.311983
0.301253
0.291054
0.281355
0.272131
0.263353
0.254998
0.247043
0.239465
0.232243
0.225358
0.218791
0.212525
0.206544
0.200831
0.195373
0.190155
0.185164
0.180388
0.175816
0.171437
0.16724
0.163216
0.159355
0.15565
0.152091
0.148672
0.145385
0.142224
0.139181
0.136252
0.13343
0.130709
0.128086
0.125555
0.123112
0.120752
0.118472
0.116267
0.114134
0.112071
0.110073
0.108137
0.106262
0.104443
0.102679
0.100967
0.0993052
0.097691
0.0961226
0.0945979
0.0931152
0.0916728
0.0902689
0.0889022
0.087571
0.086274
0.0850098
0.0837773
0.0825751
0.0814022
0.0802575
0.0791399
0.0780485
0.0769823
0.0759405
0.0749221
0.0739265
0.0729528
0.0720002
0.0710682
0.0701559
0.0692629
0.0683884
0.0675319
0.0666928
0.0658706
0.0650647
0.0642748
0.0635002
0.0627407
0.0619956
0.0612647
0.0605475
0.0598436
0.0591526
0.0584743
0.0578083
0.0571542
0.0565117
0.0558806
0.0552605
0.0546511
0.0540522
0.0534635
0.0528848
0.0523158
0.0517563
0.0512061
0.0506649
0.0501325
0.0496088
0.0490934
0.0485863
0.0480872
0.047596
0.0471125
0.0466364
0.0461678
0.0457063
0.0452518
0.0448043
0.0443635
0.0439292
0.0435015
0.04308
0.0426648
0.0422556
0.0418524
0.041455
0.0410633
0.0406772
0.0402966
0.0399214
0.0395514
0.0391866
0.0388269
0.0384722
0.0381224
0.0377773
0.037437
0.0371013
0.0367701
0.0364433
0.036121
0.0358029
0.035489
0.0351792
0.0348736
0.0345719
0.0342741
0.0339802
0.03369
0.0334036
0.0331208
0.0328416
0.032566
0.0322938
0.032025
0.0317596
0.0314974
0.0312386
0.0309829
0.0307303
0.0304808
0.0302344
0.0299909
0.0297504
0.0295127
0.0292779
0.0290459
0.0288167
0.0285902
0.0283663
0.028145
0.0279264
0.0277102
0.0274966
0.0272854
0.0270767
0.0268704
0.0266664
0.0264647
0.0262653
0.0260681
0.0258732
0.0256804
0.0254898
0.0253013
0.0251149
0.0249306
0.0247483
0.0245679
0.0243895
0.0242131
0.0240386
0.0238659
0.0236952
0.0235262
0.023359
0.0231936
0.02303
0.0228681
0.0227079
0.0225494
0.0223925
0.0222372
0.0220836
0.0219316
0.0217811
0.0216322
0.0214847
0.0213388
0.0211944
0.0210514
0.0209099
0.0207698
0.0206311
0.0204938
0.0203578
0.0202232
0.02009
0.019958
0.0198274
0.019698
0.0195699
0.019443
0.0193173
0.0191929
0.0190697
0.0189476
0.0188268
0.018707
0.0185884
0.018471
0.0183546
0.0182394
0.0181252
0.0180121
0.0179
0.017789
0.017679
0.0175701
0.0174621
0.0173552
0.0172492
0.0171442
0.0170401
0.016937
0.0168348
0.0167335
0.0166332
0.0165337
0.0164352
0.0163375
0.0162407
0.0161447
0.0160496
0.0159553
0.0158619
0.0157693
0.0156775
0.0155864
0.0154962
0.0154068
0.0153181
0.0152302
0.015143
0.0150566
0.014971
0.014886
0.0148018
0.0147183
0.0146355
0.0145534
0.014472
0.0143912
0.0143112
0.0142318
0.014153
0.0140749
0.0139975
0.0139207
0.0138445
0.013769
0.013694
0.0136197
0.013546
0.0134729
0.0134003
0.0133284
0.013257
0.0131862
0.013116
0.0130463
0.0129772
0.0129086
0.0128406
0.0127731
0.0127061
0.0126397
0.0125738
0.0125084
0.0124435
0.0123791
0.0123152
0.0122518
0.0121889
0.0121265
0.0120645
0.012003
0.011942
0.0118815
0.0118214
0.0117618
0.0117026
0.0116439
0.0115856
0.0115277
0.0114703
0.0114133
0.0113567
0.0113006
0.0112448
0.0111895
0.0111346
0.0110801
0.011026
0.0109723
0.0109189
0.010866
0.0108134
0.0107613
0.0107095
0.010658
0.010607
0.0105563
0.010506
0.010456
0.0104064
0.0103571
0.0103082
0.0102596
0.0102114
0.0101635
0.010116
0.0100688
0.0100219
0.00997532
0.00992908
0.00988317
0.00983757
0.00979229
0.00974732
0.00970266
0.0096583
0.00961425
0.0095705
0.00952705
0.00948389
0.00944102
0.00939845
0.00935616
0.00931416
0.00927244
0.009231
0.00918983
0.00914894
0.00910833
0.00906798
0.0090279
0.00898809
0.00894853
0.00890924
0.00887021
0.00883143
0.00879291
0.00875464
0.00871662
0.00867884
0.00864131
0.00860402
0.00856698
0.00853017
0.0084936
0.00845726
0.00842116
0.00838529
0.00834964
0.00831423
0.00827903
0.00824406
0.00820931
0.00817479
0.00814047
0.00810638
0.0080725
0.00803882
0.00800536
0.00797211
0.00793907
0.00790623
0.00787359
0.00784116
0.00780892
0.00777688
0.00774505
0.0077134
0.00768195
0.00765069
0.00761962
0.00758874
0.00755805
0.00752754
0.00749722
0.00746708
0.00743712
0.00740734
0.00737774
0.00734832
0.00731907
0.00729
0.0072611
0.00723237
0.00720382
0.00717543
0.0071472
0.00711915
0.00709126
0.00706353
