0.00590581
0.0132526
0.0234713
0.0364957
0.0522414
0.0706072
0.0914759
0.114715
0.14018
0.167711
0.19714
0.22829
0.260974
0.295002
0.330176
0.3663
0.403172
0.440595
0.47837
0.516305
0.55421
0.591902
0.629206
0.665954
0.701986
0.737155
0.771322
0.804359
0.836149
0.866589
0.895585
0.923056
0.948932
0.973155
0.995679
1.01647
1.0355
1.05275
1.06822
1.08191
1.09384
1.10402
1.11248
1.11925
1.12438
1.1279
1.12987
1.13035
1.12938
1.12703
1.12335
1.11843
1.11231
1.10507
1.09677
1.08748
1.07727
1.0662
1.05434
1.04175
1.02849
1.01463
1.00023
0.985339
0.970017
0.954316
0.938288
0.921981
0.905442
0.888715
0.871843
0.854863
0.837815
0.820733
0.803648
0.786593
0.769595
0.75268
0.735873
0.719196
0.70267
0.686313
0.670141
0.654171
0.638417
0.622889
0.607599
0.592557
0.577771
0.563248
0.548993
0.535012
0.521309
0.507887
0.494748
0.481893
0.469324
0.45704
0.44504
0.433325
0.421891
0.410738
0.399862
0.389261
0.378931
0.36887
0.359073
0.349537
0.340257
0.331229
0.322448
0.31391
0.305609
0.297542
0.289703
0.282088
0.27469
0.267506
0.26053
0.253758
0.247183
0.240802
0.234609
0.228599
0.222768
0.217111
0.211623
0.2063
0.201136
0.196127
0.19127
0.186559
0.18199
0.17756
0.173263
0.169097
0.165057
0.161139
0.15734
0.153656
0.150083
0.146619
0.143259
0.140001
0.136841
0.133776
0.130803
0.127919
0.125122
0.122409
0.119776
0.117222
0.114744
0.112339
0.110005
0.10774
0.105541
0.103407
0.101335
0.0993232
0.0973698
0.0954728
0.0936303
0.0918406
0.090102
0.0884127
0.0867713
0.085176
0.0836256
0.0821183
0.0806529
0.0792281
0.0778424
0.0764946
0.0751835
0.0739079
0.0726666
0.0714586
0.0702827
0.0691379
0.0680233
0.0669378
0.0658806
0.0648506
0.0638472
0.0628693
0.0619162
0.0609871
0.0600812
0.0591979
0.0583364
0.057496
0.056676
0.0558759
0.0550949
0.0543326
0.0535883
0.0528615
0.0521516
0.0514582
0.0507806
0.0501185
0.0494714
0.0488388
0.0482203
0.0476154
0.0470238
0.0464451
0.0458788
0.0453246
0.0447822
0.0442513
0.0437314
0.0432222
0.0427236
0.042235
0.0417564
0.0412873
0.0408275
0.0403768
0.0399349
0.0395016
0.0390766
0.0386596
0.0382506
0.0378492
0.0374552
0.0370685
0.0366889
0.0363161
0.03595
0.0355904
0.0352372
0.0348901
0.0345491
0.0342139
0.0338844
0.0335605
0.033242
0.0329289
0.0326208
0.0323179
0.0320198
0.0317265
0.0314379
0.0311539
0.0308743
0.030599
0.030328
0.0300612
0.0297984
0.0295396
0.0292846
0.0290334
0.0287859
0.0285421
0.0283017
0.0280648
0.0278313
0.0276011
0.0273741
0.0271502
0.0269295
0.0267118
0.0264971
0.0262852
0.0260763
0.0258701
0.0256666
0.0254658
0.0252676
0.025072
0.0248789
0.0246883
0.0245001
0.0243142
0.0241307
0.0239495
0.0237705
0.0235937
0.023419
0.0232465
0.0230761
0.0229076
0.0227412
0.0225768
0.0224143
0.0222537
0.0220949
0.021938
0.0217828
0.0216295
0.0214778
0.0213279
0.0211797
0.0210331
0.0208881
0.0207447
0.0206029
0.0204627
0.0203239
0.0201867
0.0200509
0.0199166
0.0197837
0.0196522
0.019522
0.0193933
0.0192658
0.0191397
0.0190149
0.0188914
0.0187691
0.018648
0.0185282
0.0184096
0.0182922
0.0181759
0.0180608
0.0179468
0.017834
0.0177222
0.0176115
0.0175019
0.0173934
0.0172859
0.0171794
0.017074
0.0169695
0.016866
0.0167635
0.016662
0.0165614
0.0164617
0.016363
0.0162652
0.0161683
0.0160722
0.015977
0.0158827
0.0157893
0.0156967
0.0156049
0.0155139
0.0154238
0.0153345
0.0152459
0.0151581
0.0150711
0.0149849
0.0148994
0.0148146
0.0147306
0.0146473
0.0145647
0.0144829
0.0144017
0.0143212
0.0142414
0.0141623
0.0140839
0.0140061
0.0139289
0.0138524
0.0137766
0.0137013
0.0136267
0.0135527
0.0134793
0.0134065
0.0133343
0.0132627
0.0131917
0.0131213
0.0130514
0.0129821
0.0129133
0.0128451
0.0127774
0.0127103
0.0126437
0.0125776
0.012512
0.012447
0.0123825
0.0123184
0.0122549
0.0121919
0.0121293
0.0120673
0.0120057
0.0119446
0.0118839
0.0118238
0.011764
0.0117048
0.0116459
0.0115876
0.0115296
0.0114721
0.0114151
0.0113584
0.0113022
0.0112464
0.011191
0.011136
0.0110815
0.0110273
0.0109735
0.0109202
0.0108672
0.0108146
0.0107623
0.0107105
0.010659
0.0106079
0.0105572
0.0105068
0.0104568
0.0104072
0.0103579
0.010309
0.0102604
0.0102121
0.0101642
0.0101166
0.0100694
0.0100225
0.00997588
0.00992963
0.00988369
0.00983807
0.00979277
0.00974778
0.0097031
0.00965873
0.00961466
0.00957089
0.00952742
0.00948425
0.00944137
0.00939878
0.00935648
0.00931447
0.00927273
0.00923128
0.00919011
0.00914921
0.00910858
0.00906822
0.00902813
0.00898831
0.00894875
0.00890945
0.00887041
0.00883162
0.00879309
0.00875482
0.00871679
0.008679
0.00864147
0.00860417
0.00856712
0.00853031
0.00849373
0.00845739
0.00842128
0.00838541
0.00834976
0.00831434
0.00827914
0.00824417
0.00820941
0.00817488
0.00814057
0.00810647
0.00807258
0.00803891
0.00800544
0.00797219
0.00793914
0.0079063
0.00787366
0.00784122
0.00780899
0.00777695
0.00774511
0.00771346
0.00768201
0.00765075
0.00761967
0.00758879
0.0075581
0.00752759
0.00749727
0.00746713
0.00743717
0.00740739
0.00737779
0.00734836
0.00731912
0.00729004
0.00726114
0.00723241
0.00720385
0.00717546
0.00714724
0.00711919
0.0070913
0.00706357
